0 8
1 8
2 7
3 7
4 7
5 8
6 4
7 8
8 6
9 8
10 8
11 6
12 7
13 4
14 6
15 5
16 4
17 8
18 4
19 7
20 7
21 3
22 6
23 5
24 6
25 5
26 4
27 6
28 7
29 5
30 8
31 3
32 5
33 6
34 6
35 7
36 6
37 8
38 6
39 3
40 5
41 7
42 5
43 5
44 7
45 6
46 5
47 3
48 8
49 7
50 7
51 6
52 5
53 7
54 4
55 4
56 5
57 7
58 8
59 5
60 4
61 7
62 5
63 8
64 6
65 7
66 5
67 9
68 4
69 5
70 8
71 5
72 8
73 4
74 7
75 7
76 8
77 7
78 6
79 8
80 5
81 6
82 9
83 7
84 8
85 4
86 5
87 9
88 6
89 8
90 8
91 3
92 7
93 7
94 5
95 4
96 6
97 6
98 8
99 6
100 5
101 8
102 5
103 7
104 5
105 6
106 6
107 5
108 7
109 4
110 4
111 5
112 7
113 8
114 6
115 4
116 5
117 11
118 6
119 6
120 9
121 5
122 7
123 8
124 8
125 7
126 6
127 6
128 6
129 9
130 8
131 6
132 10
133 9
134 8
135 5
136 6
137 5
138 7
139 3
140 5
141 3
142 4
143 9
144 4
145 10
146 7
147 7
148 5
149 7
150 5
151 4
152 8
153 7
154 6
155 4
156 6
157 6
158 10
159 6
160 11
161 9
162 5
163 6
164 7
165 9
166 5
167 5
168 8
169 6
170 5
171 7
172 9
173 7
174 9
175 1
176 8
177 6
178 8
179 8
180 7
181 5
182 6
183 6
184 3
185 6
186 4
187 9
188 5
189 6
190 8
191 9
192 6
193 4
194 9
195 9
196 7
197 9
198 5
199 10
200 7
201 5
202 7
203 9
204 8
205 7
206 8
207 6
208 6
209 5
210 6
211 5
212 8
213 8
214 9
215 6
216 11
217 5
218 9
219 5
220 6
221 9
222 8
223 6
224 6
225 6
226 8
227 5
228 6
229 8
230 8
231 8
232 8
233 7
234 5
235 6
236 5
237 9
238 4
239 6
240 6
241 6
242 6
243 3
244 5
245 6
246 9
247 5
248 4
249 5
250 5
251 5
252 7
253 10
254 5
255 6
256 6
257 8
258 7
259 5
260 5
261 6
262 7
263 5
264 6
265 6
266 6
267 7
268 8
269 5
270 8
271 7
272 7
273 7
274 6
275 6
276 4
277 7
278 9
279 7
280 4
281 7
282 5
283 6
284 6
285 7
286 4
287 7
288 5
289 7
290 7
291 8
292 6
293 8
294 5
295 4
296 7
297 8
298 8
299 7
300 6
301 9
302 7
303 5
304 7
305 7
306 7
307 8
308 6
309 7
310 4
311 5
312 5
313 8
314 4
315 6
316 8
317 8
318 6
319 9
320 6
321 5
322 9
323 9
324 6
325 6
326 7
327 9
328 7
329 6
330 4
331 7
332 6
333 7
334 5
335 4
336 5
337 5
338 6
339 5
340 7
341 7
342 4
343 8
344 6
345 7
346 5
347 4
348 5
349 4
350 6
351 8
352 4
353 4
354 3
355 5
356 5
357 5
358 4
359 6
360 5
361 5
362 4
363 7
364 7
365 4
366 8
367 3
368 5
369 5
370 5
371 2
372 5
373 5
374 4
375 6
376 8
377 8
378 6
379 9
380 8
381 6
382 6
383 7
384 6
385 8
386 8
387 5
388 5
389 1
390 4
391 4
392 7
393 5
394 8
395 3
396 4
397 6
398 5
399 6
400 5
401 6
402 6
403 4
404 6
405 6
406 4
407 2
408 5
409 4
410 3
411 5
412 6
413 8
414 6
415 6
416 4
417 3
418 4
419 3
420 7
421 2
422 7
423 5
424 8
425 8
426 4
427 6
428 5
429 4
430 7
431 4
432 4
433 6
434 5
435 4
436 4
437 2
438 8
439 6
440 4
441 2
442 6
443 4
444 7
445 7
446 6
447 7
448 4
449 5
450 5
451 4
452 6
453 5
454 6
455 5
456 7
457 4
458 7
459 7
460 5
461 7
462 5
463 5
464 5
465 10
466 7
467 6
468 3
469 5
470 5
471 6
472 6
473 4
474 8
475 8
476 7
477 5
478 8
479 4
480 7
481 9
482 6
483 5
484 5
485 6
486 4
487 5
488 8
489 5
490 3
491 5
492 5
493 4
494 7
495 3
496 5
497 4
498 5
499 4
500 4
501 5
502 4
503 5
504 5
505 5
506 5
507 3
508 5
509 5
510 6
511 6
512 7
513 5
514 8
515 5
516 7
517 5
518 5
519 7
520 5
521 5
522 5
523 8
524 3
525 5
526 4
527 7
528 3
529 5
530 6
531 5
532 7
533 7
534 5
535 8
536 7
537 6
538 7
539 8
540 9
541 7
542 7
543 6
544 5
545 8
546 9
547 7
548 6
549 8
550 4
551 6
552 8
553 5
554 7
555 5
556 2
557 6
558 7
559 9
560 5
561 6
562 9
563 3
564 7
565 8
566 7
567 5
568 8
569 5
570 4
571 4
572 6
573 8
574 3
575 5
576 6
577 9
578 10
579 7
580 6
581 4
582 8
583 2
584 7
585 6
586 6
587 7
588 5
589 5
590 5
591 4
592 8
593 10
594 5
595 8
596 9
597 6
598 5
599 6
600 6
601 12
602 8
603 8
604 8
605 9
606 6
607 4
608 5
609 7
610 7
611 5
612 5
613 5
614 5
615 1
616 3
617 7
618 6
619 6
620 8
621 7
622 5
623 8
624 6
625 6
626 7
627 5
628 3
629 6
630 4
631 5
632 7
633 8
634 5
635 6
636 6
637 8
638 6
639 6
640 5
641 5
642 8
643 4
644 4
645 5
646 4
647 6
648 5
649 7
650 5
651 7
652 3
653 3
654 3
655 6
656 6
657 7
658 6
659 5
660 8
661 8
662 8
663 8
664 7
665 4
666 4
667 6
668 5
669 7
670 5
671 7
672 7
673 7
674 3
675 6
676 6
677 5
678 6
679 7
680 5
681 6
682 3
683 5
684 6
685 8
686 4
687 7
688 7
689 7
690 9
691 5
692 6
693 4
694 6
695 3
696 7
697 8
698 6
699 5
700 8
701 6
702 6
703 7
704 3
705 4
706 6
707 8
708 5
709 9
710 6
711 5
712 4
713 4
714 3
715 8
716 6
717 6
718 5
719 4
720 6
721 7
722 6
723 9
724 6
725 7
726 4
727 5
728 4
729 8
730 5
731 6
732 8
733 6
734 3
735 5
736 2
737 5
738 6
739 4
740 6
741 6
742 6
743 5
744 4
745 4
746 5
747 5
748 6
749 2
750 5
751 2
752 6
753 7
754 5
755 3
756 6
757 7
758 4
759 3
760 5
761 6
762 6
763 4
764 5
765 3
766 3
767 5
768 4
769 5
770 6
771 7
772 4
773 6
774 6
775 5
776 8
777 3
778 7
779 5
780 4
781 4
782 5
783 4
784 5
785 4
786 5
787 6
788 6
789 4
790 4
791 7
792 5
793 3
794 5
795 4
796 5
797 6
798 7
799 2
800 5
801 5
802 5
803 3
804 8
805 4
806 6
807 5
808 4
809 6
810 7
811 4
812 4
813 6
814 7
815 9
816 8
817 5
818 7
819 8
820 6
821 7
822 5
823 6
824 7
825 8
826 7
827 7
828 5
829 6
830 7
831 6
832 4
833 5
834 6
835 2
836 5
837 5
838 5
839 7
840 8
841 3
842 6
843 8
844 7
845 5
846 4
847 3
848 6
849 7
850 7
851 10
852 8
853 8
854 7
855 6
856 7
857 9
858 2
859 4
860 7
861 5
862 6
863 7
864 4
865 2
866 6
867 7
868 4
869 3
870 5
871 5
872 10
873 5
874 9
875 7
876 7
877 3
878 4
879 7
880 8
881 7
882 7
883 7
884 6
885 7
886 7
887 8
888 4
889 5
890 6
891 7
892 6
893 7
894 4
895 6
896 8
897 6
898 7
899 7
900 9
901 5
902 7
903 6
904 9
905 5
906 6
907 7
908 8
909 8
910 6
911 8
912 10
913 9
914 6
915 9
916 9
917 8
918 7
919 8
920 8
921 4
922 5
923 3
924 8
925 8
926 7
927 7
928 4
929 10
930 6
931 5
932 7
933 8
934 6
935 8
936 4
937 7
938 5
939 5
940 6
941 4
942 5
943 7
944 7
945 7
946 6
947 6
948 8
949 9
950 9
951 7
952 7
953 10
954 5
955 9
956 6
957 4
958 3
959 4
960 6
961 8
962 5
963 7
964 7
965 4
966 8
967 6
968 10
969 5
970 7
971 8
972 8
973 5
974 9
975 7
976 8
977 6
978 9
979 7
980 8
981 6
982 3
983 8
984 6
985 7
986 8
987 6
988 7
989 8
990 7
991 5
992 5
993 7
994 7
995 5
996 8
997 6
998 9
999 7
1000 8
1001 4
0 8
1 8
2 7
3 3
4 8
5 9
6 6
7 8
8 9
9 6
10 7
11 6
12 9
13 5
14 9
15 9
16 10
17 11
18 7
19 6
20 9
21 9
22 5
23 4
24 7
25 4
26 6
27 5
28 6
29 10
30 8
31 6
32 3
33 9
34 7
35 7
36 8
37 8
38 5
39 7
40 10
41 5
42 6
43 9
44 9
45 8
46 8
47 7
48 6
49 9
50 7
51 7
52 8
53 5
54 9
55 8
56 11
57 6
58 8
59 10
60 7
61 4
62 7
63 5
64 4
65 6
66 5
67 7
68 6
69 4
70 8
71 5
72 3
73 5
74 8
75 5
76 6
77 4
78 8
79 8
80 7
81 7
82 6
83 7
84 6
85 5
86 6
87 8
88 8
89 7
90 6
91 5
92 8
93 6
94 7
95 4
96 9
97 7
98 8
99 9
100 8
101 9
102 8
103 6
104 7
105 6
106 6
107 6
108 6
109 4
110 9
111 6
112 10
113 8
114 5
115 7
116 8
117 3
118 5
119 6
120 8
121 8
122 8
123 8
124 8
125 8
126 6
127 6
128 5
129 7
130 7
131 8
132 8
133 9
134 6
135 4
136 7
137 7
138 7
139 5
140 8
141 5
142 7
143 5
144 7
145 8
146 7
147 7
148 8
149 6
150 5
151 6
152 7
153 6
154 7
155 6
156 8
157 7
158 10
159 7
160 12
161 8
162 8
163 5
164 5
165 11
166 10
167 10
168 7
169 7
170 4
171 7
172 9
173 6
174 7
175 4
176 4
177 5
178 8
179 6
180 8
181 8
182 8
183 9
184 9
185 7
186 7
187 8
188 8
189 7
190 11
191 6
192 10
193 8
194 8
195 5
196 9
197 7
198 7
199 4
200 8
201 5
202 5
203 6
204 5
205 9
206 8
207 7
208 8
209 6
210 5
211 8
212 6
213 6
214 9
215 9
216 7
217 10
218 8
219 6
220 6
221 9
222 9
223 7
224 7
225 5
226 6
227 6
228 7
229 7
230 8
231 8
232 10
233 5
234 5
235 7
236 7
237 9
238 7
239 8
240 6
241 6
242 7
243 8
244 10
245 10
246 10
247 8
248 9
249 10
250 8
251 10
252 9
253 3
254 8
255 7
256 6
257 7
258 5
259 9
260 8
261 10
262 12
263 8
264 7
265 7
266 8
267 6
268 9
269 6
270 7
271 8
272 9
273 7
274 10
275 7
276 7
277 9
278 6
279 10
280 8
281 8
282 8
283 5
284 8
285 7
286 7
287 7
288 7
289 8
290 8
291 6
292 9
293 9
294 8
295 7
296 7
297 7
298 7
299 5
300 7
301 6
302 5
303 8
304 5
305 7
306 4
307 4
308 9
309 7
310 10
311 9
312 7
313 10
314 8
315 11
316 3
317 10
318 7
319 4
320 10
321 7
322 8
323 6
324 7
325 10
326 10
327 5
328 4
329 7
330 7
331 7
332 8
333 6
334 9
335 6
336 6
337 6
338 6
339 9
340 10
341 10
342 7
343 5
344 5
345 7
346 7
347 5
348 7
349 6
350 10
351 8
352 6
353 5
354 7
355 5
356 4
357 8
358 4
359 10
360 8
361 6
362 8
363 8
364 8
365 4
366 9
367 10
368 13
369 7
370 8
371 4
372 9
373 10
374 7
375 7
376 10
377 10
378 8
379 9
380 6
381 12
382 9
383 11
384 9
385 7
386 7
387 5
388 7
389 10
390 5
391 6
392 4
393 6
394 7
395 2
396 8
397 5
398 4
399 8
400 6
401 7
402 11
403 7
404 6
405 6
406 7
407 4
408 6
409 5
410 5
411 6
412 6
413 8
414 6
415 6
416 9
417 6
418 6
419 7
420 4
421 9
422 8
423 11
424 6
425 6
426 4
427 5
428 4
429 8
430 4
431 7
432 5
433 5
434 6
435 5
436 7
437 5
438 5
439 6
440 10
441 7
442 7
443 8
444 6
445 6
446 6
447 8
448 5
449 5
450 6
451 6
452 6
453 7
454 8
455 7
456 5
457 6
458 5
459 8
460 6
461 6
462 8
463 5
464 5
465 5
466 8
467 8
468 4
469 8
470 5
471 5
472 5
473 8
474 4
475 7
476 5
477 5
478 6
479 6
480 8
481 6
482 6
483 8
484 6
485 7
486 6
487 5
488 7
489 5
490 8
491 9
492 6
493 6
494 8
495 8
496 9
497 9
498 5
499 11
500 6
501 9
502 9
503 8
504 7
505 6
506 5
507 5
508 5
509 5
510 6
511 5
512 6
513 5
514 6
515 9
516 6
517 3
518 9
519 4
520 3
521 8
522 6
523 4
524 6
525 3
526 4
527 5
528 5
529 7
530 5
531 5
532 8
533 6
534 5
535 5
536 2
537 6
538 3
539 6
540 6
541 6
542 6
543 7
544 6
545 5
546 8
547 6
548 6
549 7
550 7
551 7
552 8
553 8
554 4
555 7
556 5
557 6
558 5
559 7
560 4
561 4
562 7
563 2
564 5
565 7
566 2
567 6
568 7
569 5
570 7
571 6
572 8
573 8
574 6
575 7
576 2
577 7
578 7
579 8
580 6
581 5
582 7
583 6
584 3
585 6
586 6
587 5
588 9
589 8
590 7
591 7
592 7
593 7
594 6
595 7
596 4
597 8
598 6
599 10
600 8
601 4
602 5
603 6
604 6
605 6
606 7
607 7
608 6
609 8
610 11
611 4
612 7
613 8
614 6
615 7
616 8
617 6
618 8
619 2
620 5
621 7
622 4
623 4
624 10
625 5
626 9
627 9
628 7
629 7
630 6
631 6
632 5
633 8
634 6
635 5
636 7
637 5
638 7
639 6
640 6
641 7
642 6
643 8
644 6
645 6
646 5
647 5
648 7
649 6
650 5
651 7
652 7
653 8
654 5
655 7
656 6
657 5
658 7
659 6
660 6
661 5
662 4
663 9
664 7
665 7
666 5
667 4
668 6
669 5
670 6
671 5
672 4
673 5
674 6
675 8
676 7
677 5
678 4
679 8
680 4
681 9
682 7
683 6
684 7
685 8
686 9
687 7
688 5
689 7
690 7
691 6
692 6
693 4
694 6
695 5
696 6
697 6
698 9
699 6
700 8
701 7
702 7
703 9
704 7
705 7
706 6
707 8
708 5
709 5
710 6
711 6
712 5
713 4
714 6
715 4
716 6
717 6
718 3
719 6
720 2
721 9
722 7
723 4
724 7
725 5
726 7
727 5
728 5
729 4
730 6
731 2
732 3
733 7
734 6
735 4
736 3
737 6
738 5
739 5
740 7
741 8
742 4
743 6
744 2
745 8
746 7
747 7
748 10
749 8
750 6
751 8
752 6
753 7
754 6
755 7
756 7
757 7
758 6
759 5
760 5
761 11
762 7
763 8
764 7
765 6
766 3
767 6
768 6
769 4
770 4
771 5
772 7
773 6
774 6
775 4
776 4
777 5
778 6
779 8
780 5
781 7
782 6
783 6
784 6
785 6
786 6
787 7
788 8
789 6
790 7
791 8
792 7
793 8
794 6
795 7
796 2
797 7
798 4
799 7
800 6
801 4
802 7
803 4
804 6
805 5
806 5
807 7
808 6
809 5
810 6
811 9
812 8
813 6
814 6
815 7
816 7
817 7
818 6
819 8
820 7
821 9
822 6
823 8
824 10
825 9
826 6
827 9
828 8
829 7
830 7
831 7
832 6
833 7
834 11
835 9
836 6
837 4
838 8
839 7
840 7
841 10
842 7
843 5
844 7
845 5
846 6
847 5
848 6
849 6
850 5
851 7
852 6
853 6
854 7
855 8
856 7
857 7
858 7
859 7
860 5
861 9
862 7
863 7
864 5
865 3
866 5
867 8
868 10
869 12
870 5
871 8
872 5
873 5
874 8
875 4
876 4
877 6
878 4
879 5
880 6
881 9
882 7
883 4
884 7
885 8
886 5
887 6
888 8
889 7
890 7
891 7
892 5
893 6
894 7
895 4
896 5
897 7
898 6
899 5
900 7
901 9
902 9
903 8
904 6
905 6
906 6
907 5
908 7
909 8
910 7
911 7
912 8
913 6
914 8
915 7
916 8
917 4
918 5
919 9
920 9
921 4
922 3
923 5
924 8
925 7
926 7
927 5
928 4
929 5
930 8
931 6
932 9
933 7
934 7
935 7
936 6
937 7
938 6
939 9
940 8
941 8
942 7
943 7
944 10
945 6
946 9
947 9
948 9
949 4
950 6
951 6
952 6
953 7
954 7
955 4
956 9
957 12
958 8
959 8
960 8
961 6
962 9
963 10
964 7
965 6
966 7
967 9
968 9
969 7
970 5
971 6
972 8
973 7
974 7
975 5
976 8
977 7
978 6
979 10
980 5
981 4
982 6
983 5
984 3
985 4
986 7
987 8
988 7
989 8
990 6
991 6
992 6
993 2
994 5
995 7
996 4
997 6
998 4
999 5
1000 6
1001 12
0 8
1 9
2 6
3 7
4 5
5 8
6 8
7 8
8 6
9 9
10 9
11 9
12 9
13 8
14 5
15 11
16 8
17 6
18 8
19 6
20 8
21 7
22 6
23 8
24 6
25 7
26 7
27 3
28 5
29 8
30 7
31 7
32 5
33 8
34 7
35 9
36 7
37 9
38 7
39 7
40 8
41 7
42 6
43 7
44 8
45 8
46 9
47 9
48 8
49 6
50 5
51 5
52 7
53 6
54 10
55 10
56 6
57 6
58 8
59 7
60 6
61 6
62 7
63 5
64 7
65 6
66 7
67 7
68 4
69 6
70 7
71 7
72 6
73 12
74 7
75 9
76 8
77 7
78 4
79 7
80 8
81 8
82 9
83 9
84 7
85 7
86 6
87 10
88 6
89 5
90 5
91 8
92 7
93 4
94 4
95 4
96 6
97 9
98 4
99 6
100 5
101 6
102 8
103 5
104 8
105 4
106 5
107 7
108 9
109 6
110 3
111 6
112 10
113 6
114 3
115 5
116 9
117 5
118 6
119 3
120 8
121 7
122 6
123 5
124 5
125 9
126 6
127 5
128 7
129 7
130 8
131 5
132 8
133 8
134 8
135 6
136 6
137 8
138 4
139 7
140 5
141 5
142 9
143 6
144 5
145 5
146 5
147 7
148 9
149 4
150 7
151 8
152 3
153 6
154 8
155 8
156 7
157 7
158 8
159 6
160 4
161 4
162 10
163 7
164 3
165 6
166 6
167 5
168 8
169 6
170 5
171 4
172 6
173 6
174 9
175 9
176 4
177 7
178 4
179 5
180 10
181 6
182 8
183 5
184 4
185 8
186 9
187 9
188 8
189 8
190 4
191 5
192 6
193 6
194 8
195 6
196 7
197 6
198 11
199 6
200 9
201 7
202 9
203 7
204 8
205 8
206 8
207 7
208 8
209 7
210 8
211 10
212 6
213 8
214 8
215 5
216 6
217 8
218 8
219 6
220 10
221 7
222 8
223 7
224 7
225 7
226 5
227 9
228 6
229 5
230 9
231 7
232 4
233 8
234 10
235 10
236 9
237 5
238 6
239 6
240 7
241 8
242 6
243 10
244 5
245 6
246 7
247 8
248 8
249 6
250 7
251 8
252 9
253 9
254 5
255 5
256 8
257 6
258 6
259 9
260 6
261 6
262 5
263 3
264 5
265 9
266 10
267 8
268 7
269 7
270 6
271 5
272 3
273 6
274 6
275 8
276 7
277 7
278 9
279 12
280 7
281 9
282 8
283 10
284 7
285 8
286 7
287 9
288 7
289 6
290 7
291 6
292 8
293 9
294 10
295 5
296 8
297 5
298 7
299 8
300 10
301 6
302 5
303 6
304 5
305 9
306 8
307 8
308 6
309 8
310 7
311 5
312 5
313 2
314 5
315 10
316 3
317 6
318 7
319 4
320 7
321 8
322 4
323 6
324 6
325 8
326 5
327 7
328 4
329 6
330 6
331 7
332 7
333 7
334 8
335 6
336 6
337 3
338 8
339 7
340 7
341 6
342 6
343 9
344 8
345 6
346 7
347 8
348 8
349 8
350 7
351 9
352 8
353 10
354 8
355 7
356 7
357 9
358 10
359 6
360 7
361 4
362 7
363 6
364 6
365 5
366 4
367 4
368 5
369 6
370 7
371 6
372 5
373 6
374 7
375 4
376 6
377 8
378 7
379 8
380 6
381 8
382 6
383 9
384 8
385 8
386 6
387 4
388 9
389 10
390 10
391 8
392 5
393 7
394 5
395 6
396 7
397 9
398 8
399 9
400 8
401 8
402 5
403 10
404 8
405 9
406 9
407 5
408 9
409 9
410 6
411 8
412 5
413 7
414 7
415 7
416 4
417 6
418 8
419 8
420 8
421 5
422 6
423 8
424 4
425 7
426 8
427 9
428 7
429 4
430 8
431 10
432 8
433 7
434 8
435 5
436 8
437 9
438 8
439 5
440 11
441 10
442 10
443 8
444 8
445 10
446 7
447 3
448 6
449 8
450 7
451 3
452 2
453 5
454 8
455 4
456 5
457 7
458 8
459 6
460 6
461 6
462 9
463 7
464 7
465 8
466 10
467 4
468 6
469 5
470 7
471 7
472 5
473 5
474 10
475 9
476 6
477 6
478 8
479 7
480 4
481 9
482 6
483 5
484 6
485 10
486 9
487 6
488 4
489 6
490 7
491 6
492 7
493 2
494 5
495 4
496 8
497 5
498 5
499 6
500 5
501 4
502 3
503 6
504 7
505 3
506 5
507 5
508 4
509 6
510 5
511 4
512 3
513 5
514 4
515 7
516 5
517 3
518 4
519 2
520 5
521 5
522 2
523 4
524 3
525 4
526 3
527 3
528 4
529 3
530 4
531 4
532 4
533 3
534 3
535 3
536 6
537 4
538 4
539 7
540 6
541 7
542 7
543 4
544 5
545 5
546 7
547 5
548 6
549 6
550 3
551 6
552 5
553 6
554 7
555 4
556 3
557 4
558 3
559 4
560 4
561 7
562 4
563 5
564 4
565 3
566 9
567 8
568 6
569 6
570 5
571 5
572 8
573 6
574 4
575 6
576 8
577 7
578 11
579 2
580 3
581 6
582 7
583 9
584 8
585 7
586 7
587 5
588 5
589 6
590 4
591 6
592 4
593 5
594 7
595 6
596 7
597 7
598 4
599 5
600 8
601 5
602 5
603 5
604 5
605 6
606 5
607 5
608 5
609 5
610 5
611 7
612 7
613 5
614 4
615 3
616 5
617 6
618 3
619 4
620 4
621 7
622 6
623 5
624 2
625 4
626 5
627 4
628 6
629 3
630 6
631 6
632 3
633 2
634 7
635 3
636 5
637 4
638 7
639 5
640 6
641 4
642 5
643 3
644 4
645 4
646 4
647 5
648 5
649 5
650 3
651 5
652 5
653 5
654 3
655 4
656 3
657 6
658 4
659 4
660 4
661 2
662 3
663 4
664 5
665 4
666 4
667 4
668 2
669 4
670 3
671 2
672 4
673 4
674 4
675 4
676 2
677 7
678 4
679 4
680 4
681 6
682 4
683 6
684 3
685 6
686 6
687 5
688 3
689 6
690 4
691 3
692 3
693 5
694 3
695 3
696 3
697 5
698 3
699 1
700 3
701 3
702 4
703 4
704 5
705 5
706 4
707 4
708 5
709 4
710 2
711 4
712 7
713 4
714 1
715 2
716 2
717 4
718 1
719 3
720 4
721 4
722 3
723 2
724 5
725 5
726 6
727 3
728 6
729 4
730 4
731 7
732 4
733 6
734 4
735 1
736 2
737 6
738 3
739 4
740 3
741 3
742 3
743 6
744 9
745 2
746 5
747 7
748 2
749 4
750 6
751 4
752 5
753 4
754 3
755 5
756 5
757 5
758 3
759 2
760 4
761 6
762 2
763 4
764 4
765 4
766 6
767 5
768 5
769 4
770 2
771 3
772 2
773 4
774 1
775 5
776 5
777 6
778 4
779 6
780 6
781 4
782 5
783 5
784 4
785 8
786 3
787 4
788 5
789 2
790 5
791 2
792 5
793 5
794 5
795 7
796 4
797 5
798 8
799 5
800 5
801 6
802 8
803 3
804 6
805 4
806 10
807 7
808 8
809 4
810 7
811 8
812 5
813 6
814 4
815 6
816 6
817 5
818 5
819 4
820 5
821 5
822 4
823 4
824 6
825 6
826 6
827 6
828 4
829 4
830 5
831 4
832 4
833 4
834 5
835 6
836 5
837 8
838 2
839 4
840 3
841 5
842 4
843 6
844 5
845 4
846 6
847 6
848 4
849 7
850 8
851 4
852 5
853 4
854 3
855 5
856 5
857 5
858 6
859 6
860 5
861 6
862 4
863 6
864 4
865 5
866 5
867 5
868 6
869 4
870 4
871 5
872 6
873 4
874 8
875 5
876 5
877 5
878 5
879 7
880 3
881 4
882 4
883 4
884 3
885 4
886 7
887 4
888 4
889 6
890 3
891 4
892 6
893 4
894 5
895 8
896 4
897 6
898 2
899 7
900 6
901 4
902 5
903 6
904 4
905 4
906 4
907 5
908 4
909 5
910 8
911 3
912 7
913 5
914 4
915 5
916 6
917 3
918 3
919 5
920 3
921 4
922 7
923 6
924 3
925 5
926 5
927 4
928 5
929 6
930 5
931 4
932 8
933 8
934 5
935 5
936 5
937 5
938 4
939 5
940 5
941 8
942 6
943 7
944 7
945 7
946 8
947 6
948 6
949 9
950 6
951 6
952 7
953 5
954 6
955 6
956 3
957 7
958 5
959 5
960 6
961 4
962 7
963 8
964 6
965 5
966 5
967 7
968 8
969 6
970 5
971 4
972 5
973 5
974 3
975 4
976 5
977 5
978 5
979 5
980 3
981 6
982 1
983 5
984 7
985 5
986 4
987 4
988 4
989 3
990 6
991 1
992 2
993 3
994 2
995 4
996 5
997 4
998 2
999 5
1000 6
1001 3
0 13
1 13
2 10
3 9
4 8
5 8
6 5
7 8
8 7
9 6
10 4
11 7
12 8
13 7
14 8
15 10
16 3
17 6
18 6
19 6
20 8
21 6
22 7
23 8
24 7
25 8
26 6
27 8
28 7
29 9
30 9
31 7
32 9
33 9
34 9
35 10
36 8
37 6
38 8
39 8
40 9
41 7
42 11
43 8
44 10
45 9
46 8
47 11
48 9
49 10
50 7
51 7
52 7
53 5
54 7
55 8
56 7
57 9
58 10
59 7
60 4
61 7
62 11
63 7
64 8
65 7
66 6
67 7
68 8
69 11
70 5
71 6
72 8
73 9
74 8
75 8
76 9
77 8
78 8
79 6
80 8
81 8
82 5
83 10
84 7
85 11
86 7
87 9
88 6
89 7
90 6
91 11
92 7
93 9
94 11
95 9
96 8
97 10
98 6
99 8
100 9
101 7
102 8
103 9
104 7
105 5
106 9
107 10
108 10
109 4
110 8
111 10
112 9
113 11
114 8
115 6
116 5
117 6
118 11
119 10
120 9
121 7
122 6
123 4
124 8
125 8
126 13
127 7
128 6
129 4
130 8
131 8
132 8
133 10
134 2
135 5
136 3
137 8
138 7
139 5
140 7
141 4
142 8
143 6
144 8
145 8
146 4
147 6
148 5
149 5
150 9
151 5
152 4
153 5
154 7
155 7
156 7
157 3
158 7
159 6
160 8
161 8
162 5
163 5
164 6
165 6
166 7
167 5
168 8
169 5
170 6
171 9
172 10
173 7
174 5
175 10
176 6
177 6
178 6
179 8
180 8
181 9
182 6
183 6
184 9
185 6
186 5
187 6
188 6
189 4
190 8
191 9
192 7
193 8
194 11
195 9
196 8
197 10
198 9
199 7
200 9
201 9
202 8
203 6
204 9
205 9
206 10
207 6
208 9
209 8
210 7
211 10
212 5
213 9
214 9
215 9
216 10
217 10
218 7
219 7
220 8
221 8
222 11
223 10
224 7
225 8
226 8
227 7
228 6
229 6
230 7
231 7
232 8
233 10
234 6
235 7
236 10
237 7
238 8
239 9
240 8
241 9
242 5
243 5
244 9
245 9
246 8
247 10
248 6
249 7
250 10
251 8
252 5
253 5
254 7
255 8
256 10
257 10
258 6
259 8
260 6
261 9
262 8
263 8
264 9
265 8
266 8
267 8
268 10
269 5
270 11
271 6
272 7
273 6
274 6
275 7
276 8
277 7
278 7
279 7
280 5
281 4
282 5
283 8
284 7
285 8
286 6
287 5
288 5
289 9
290 7
291 7
292 6
293 7
294 9
295 5
296 6
297 11
298 10
299 4
300 7
301 9
302 8
303 8
304 3
305 8
306 4
307 5
308 3
309 11
310 6
311 7
312 8
313 7
314 7
315 8
316 8
317 5
318 5
319 6
320 8
321 5
322 11
323 7
324 5
325 7
326 5
327 6
328 5
329 8
330 5
331 10
332 6
333 6
334 9
335 4
336 7
337 8
338 6
339 6
340 6
341 4
342 3
343 7
344 6
345 8
346 4
347 4
348 5
349 4
350 7
351 6
352 5
353 5
354 4
355 6
356 7
357 7
358 5
359 8
360 5
361 9
362 3
363 2
364 6
365 7
366 4
367 6
368 6
369 8
370 5
371 6
372 8
373 6
374 7
375 5
376 5
377 4
378 7
379 8
380 4
381 6
382 5
383 11
384 6
385 6
386 6
387 4
388 5
389 8
390 5
391 4
392 4
393 6
394 9
395 8
396 8
397 8
398 5
399 8
400 6
401 9
402 6
403 7
404 7
405 7
406 5
407 5
408 9
409 9
410 8
411 7
412 4
413 7
414 2
415 6
416 7
417 4
418 6
419 7
420 6
421 4
422 8
423 9
424 4
425 2
426 7
427 5
428 7
429 6
430 6
431 8
432 5
433 5
434 6
435 8
436 7
437 3
438 7
439 11
440 9
441 6
442 9
443 8
444 8
445 9
446 9
447 9
448 9
449 7
450 7
451 8
452 5
453 7
454 8
455 7
456 4
457 7
458 6
459 6
460 7
461 8
462 6
463 9
464 6
465 7
466 8
467 8
468 9
469 3
470 6
471 6
472 7
473 6
474 8
475 8
476 5
477 6
478 8
479 6
480 8
481 8
482 4
483 6
484 5
485 5
486 4
487 7
488 7
489 5
490 4
491 6
492 5
493 4
494 7
495 6
496 9
497 5
498 7
499 8
500 7
501 4
502 4
503 4
504 5
505 6
506 5
507 4
508 8
509 9
510 2
511 5
512 4
513 5
514 5
515 10
516 6
517 6
518 6
519 4
520 1
521 5
522 4
523 9
524 6
525 8
526 8
527 5
528 8
529 7
530 7
531 8
532 3
533 6
534 3
535 7
536 7
537 5
538 4
539 5
540 5
541 7
542 7
543 8
544 10
545 6
546 7
547 6
548 5
549 8
550 8
551 8
552 7
553 4
554 7
555 8
556 6
557 6
558 7
559 8
560 7
561 6
562 6
563 6
564 8
565 9
566 9
567 6
568 9
569 8
570 10
571 7
572 10
573 5
574 6
575 6
576 6
577 6
578 7
579 8
580 4
581 7
582 7
583 9
584 6
585 6
586 7
587 6
588 11
589 10
590 10
591 8
592 7
593 7
594 11
595 11
596 8
597 9
598 10
599 5
600 6
601 11
602 7
603 9
604 6
605 9
606 7
607 12
608 7
609 10
610 8
611 7
612 10
613 8
614 10
615 8
616 7
617 10
618 10
619 5
620 7
621 5
622 11
623 4
624 3
625 7
626 8
627 4
628 7
629 10
630 8
631 10
632 6
633 7
634 4
635 6
636 7
637 5
638 5
639 6
640 6
641 5
642 5
643 12
644 6
645 9
646 8
647 7
648 7
649 6
650 8
651 5
652 6
653 11
654 8
655 9
656 9
657 7
658 7
659 10
660 10
661 8
662 8
663 9
664 10
665 6
666 6
667 12
668 8
669 8
670 8
671 3
672 7
673 8
674 9
675 6
676 9
677 11
678 7
679 8
680 9
681 4
682 9
683 8
684 7
685 5
686 9
687 9
688 6
689 7
690 9
691 6
692 7
693 9
694 6
695 8
696 6
697 10
698 8
699 8
700 10
701 9
702 8
703 9
704 6
705 4
706 5
707 10
708 7
709 10
710 11
711 8
712 7
713 8
714 6
715 10
716 3
717 8
718 7
719 3
720 6
721 8
722 5
723 10
724 10
725 8
726 6
727 5
728 10
729 7
730 11
731 8
732 6
733 9
734 7
735 6
736 10
737 5
738 4
739 6
740 7
741 7
742 7
743 8
744 7
745 8
746 10
747 5
748 7
749 5
750 9
751 5
752 8
753 7
754 3
755 8
756 10
757 5
758 5
759 8
760 9
761 6
762 7
763 7
764 5
765 9
766 5
767 4
768 5
769 6
770 6
771 3
772 5
773 5
774 5
775 6
776 7
777 4
778 9
779 6
780 6
781 8
782 7
783 6
784 5
785 4
786 7
787 5
788 6
789 8
790 7
791 7
792 5
793 7
794 9
795 6
796 6
797 5
798 8
799 11
800 8
801 10
802 8
803 12
804 9
805 7
806 10
807 10
808 9
809 12
810 9
811 9
812 10
813 7
814 7
815 8
816 9
817 8
818 9
819 5
820 7
821 9
822 4
823 11
824 9
825 9
826 8
827 5
828 8
829 7
830 7
831 9
832 9
833 7
834 4
835 6
836 8
837 7
838 7
839 9
840 5
841 5
842 4
843 6
844 8
845 5
846 6
847 10
848 9
849 5
850 5
851 6
852 6
853 5
854 7
855 6
856 4
857 6
858 3
859 6
860 4
861 6
862 6
863 5
864 7
865 4
866 7
867 3
868 4
869 5
870 2
871 5
872 5
873 4
874 9
875 7
876 8
877 6
878 4
879 6
880 4
881 9
882 6
883 5
884 4
885 6
886 7
887 4
888 5
889 3
890 6
891 6
892 6
893 5
894 7
895 4
896 6
897 6
898 7
899 4
900 3
901 5
902 4
903 6
904 5
905 5
906 7
907 6
908 7
909 3
910 7
911 2
912 6
913 3
914 6
915 6
916 5
917 3
918 6
919 2
920 6
921 5
922 7
923 4
924 6
925 7
926 6
927 8
928 9
929 8
930 9
931 7
932 8
933 6
934 9
935 7
936 7
937 7
938 10
939 6
940 6
941 8
942 8
943 7
944 7
945 6
946 7
947 7
948 10
949 4
950 8
951 6
952 8
953 7
954 8
955 7
956 8
957 6
958 6
959 7
960 8
961 7
962 6
963 6
964 6
965 8
966 5
967 8
968 8
969 6
970 8
971 4
972 6
973 9
974 6
975 10
976 5
977 9
978 7
979 8
980 6
981 9
982 6
983 7
984 6
985 8
986 6
987 9
988 6
989 6
990 6
991 7
992 5
993 7
994 7
995 6
996 4
997 11
998 7
999 6
1000 6
1001 5
0 7
1 6
2 2
3 6
4 5
5 1
6 3
7 3
8 4
9 3
10 4
11 4
12 5
13 6
14 3
15 6
16 4
17 4
18 6
19 4
20 7
21 3
22 4
23 3
24 5
25 4
26 3
27 5
28 6
29 5
30 8
31 7
32 5
33 5
34 6
35 4
36 7
37 5
38 6
39 4
40 5
41 7
42 4
43 3
44 4
45 7
46 7
47 5
48 5
49 6
50 5
51 5
52 5
53 6
54 3
55 3
56 1
57 3
58 5
59 5
60 3
61 4
62 7
63 4
64 4
65 6
66 4
67 6
68 4
69 6
70 6
71 7
72 6
73 6
74 4
75 5
76 5
77 4
78 7
79 5
80 6
81 7
82 5
83 6
84 6
85 9
86 6
87 4
88 5
89 7
90 4
91 4
92 4
93 6
94 6
95 6
96 3
97 5
98 4
99 4
100 3
101 5
102 5
103 6
104 4
105 6
106 7
107 5
108 5
109 4
110 5
111 6
112 5
113 5
114 7
115 5
116 4
117 6
118 7
119 4
120 7
121 7
122 5
123 6
124 5
125 7
126 4
127 4
128 6
129 5
130 2
131 6
132 3
133 3
134 2
135 4
136 6
137 5
138 3
139 4
140 9
141 8
142 5
143 7
144 6
145 4
146 3
147 3
148 5
149 8
150 2
151 6
152 3
153 4
154 5
155 6
156 5
157 5
158 4
159 3
160 6
161 5
162 6
163 5
164 5
165 8
166 5
167 5
168 6
169 6
170 5
171 4
172 4
173 4
174 5
175 6
176 4
177 4
178 4
179 5
180 7
181 6
182 4
183 6
184 6
185 4
186 7
187 7
188 6
189 3
190 9
191 3
192 4
193 6
194 5
195 4
196 5
197 7
198 5
199 3
200 3
201 4
202 7
203 4
204 5
205 4
206 5
207 6
208 4
209 4
210 7
211 6
212 6
213 3
214 5
215 7
216 7
217 7
218 5
219 4
220 7
221 6
222 6
223 4
224 4
225 6
226 6
227 6
228 5
229 7
230 5
231 7
232 5
233 6
234 6
235 2
236 6
237 7
238 4
239 7
240 6
241 7
242 4
243 4
244 3
245 5
246 7
247 6
248 6
249 5
250 4
251 9
252 4
253 6
254 7
255 4
256 4
257 7
258 11
259 6
260 8
261 8
262 5
263 6
264 7
265 4
266 7
267 4
268 4
269 6
270 5
271 3
272 7
273 3
274 2
275 4
276 3
277 4
278 5
279 4
280 3
281 4
282 5
283 4
284 6
285 7
286 7
287 9
288 5
289 4
290 6
291 6
292 7
293 3
294 5
295 5
296 1
297 3
298 3
299 4
300 4
301 5
302 3
303 5
304 6
305 6
306 5
307 5
308 5
309 3
310 5
311 6
312 7
313 1
314 7
315 5
316 5
317 5
318 4
319 5
320 5
321 7
322 5
323 7
324 9
325 5
326 4
327 6
328 5
329 6
330 5
331 3
332 5
333 9
334 7
335 6
336 6
337 10
338 5
339 3
340 4
341 8
342 7
343 6
344 4
345 6
346 7
347 4
348 3
349 4
350 6
351 5
352 3
353 4
354 5
355 4
356 5
357 4
358 3
359 5
360 4
361 3
362 6
363 8
364 4
365 5
366 7
367 3
368 5
369 7
370 4
371 6
372 8
373 3
374 6
375 8
376 8
377 7
378 5
379 7
380 2
381 2
382 5
383 5
384 3
385 7
386 7
387 5
388 7
389 5
390 4
391 7
392 4
393 9
394 2
395 5
396 8
397 5
398 5
399 5
400 7
401 5
402 4
403 3
404 8
405 6
406 5
407 5
408 5
409 4
410 3
411 5
412 3
413 7
414 6
415 7
416 7
417 7
418 7
419 3
420 7
421 3
422 6
423 5
424 4
425 5
426 3
427 4
428 3
429 4
430 3
431 4
432 4
433 4
434 2
435 5
436 3
437 3
438 6
439 7
440 8
441 5
442 6
443 5
444 4
445 3
446 4
447 3
448 6
449 4
450 7
451 6
452 6
453 4
454 5
455 6
456 6
457 9
458 6
459 5
460 2
461 7
462 3
463 8
464 9
465 5
466 4
467 7
468 5
469 6
470 4
471 5
472 7
473 3
474 8
475 4
476 7
477 6
478 4
479 5
480 3
481 7
482 4
483 4
484 7
485 5
486 6
487 5
488 6
489 7
490 2
491 4
492 5
493 5
494 6
495 5
496 6
497 4
498 3
499 7
500 5
501 5
502 4
503 6
504 4
505 4
506 7
507 5
508 5
509 4
510 3
511 5
512 3
513 6
514 7
515 4
516 8
517 6
518 9
519 4
520 5
521 7
522 7
523 5
524 6
525 5
526 6
527 4
528 2
529 3
530 5
531 6
532 4
533 6
534 4
535 3
536 6
537 7
538 3
539 3
540 4
541 5
542 7
543 5
544 5
545 3
546 7
547 7
548 8
549 5
550 3
551 7
552 1
553 3
554 3
555 5
556 6
557 5
558 5
559 6
560 4
561 5
562 5
563 6
564 4
565 4
566 5
567 1
568 3
569 4
570 2
571 4
572 4
573 4
574 5
575 4
576 6
577 6
578 4
579 4
580 6
581 4
582 8
583 5
584 4
585 7
586 6
587 6
588 5
589 7
590 4
591 4
592 4
593 6
594 4
595 7
596 2
597 7
598 4
599 3
600 2
601 3
602 7
603 3
604 6
605 2
606 8
607 4
608 7
609 7
610 6
611 5
612 5
613 7
614 4
615 6
616 1
617 4
618 5
619 7
620 7
621 4
622 3
623 5
624 6
625 3
626 6
627 3
628 6
629 6
630 5
631 6
632 8
633 5
634 5
635 9
636 4
637 6
638 5
639 5
640 6
641 7
642 5
643 6
644 6
645 6
646 4
647 6
648 4
649 5
650 6
651 6
652 3
653 8
654 2
655 4
656 6
657 4
658 4
659 5
660 4
661 6
662 6
663 8
664 4
665 5
666 7
667 9
668 6
669 5
670 4
671 7
672 5
673 5
674 4
675 6
676 6
677 7
678 5
679 8
680 9
681 5
682 6
683 6
684 8
685 7
686 8
687 5
688 4
689 3
690 5
691 4
692 4
693 6
694 4
695 1
696 4
697 5
698 4
699 5
700 4
701 6
702 7
703 6
704 6
705 5
706 7
707 6
708 6
709 8
710 5
711 7
712 4
713 3
714 6
715 4
716 5
717 5
718 6
719 5
720 5
721 6
722 5
723 7
724 7
725 3
726 2
727 7
728 6
729 6
730 6
731 5
732 5
733 7
734 4
735 5
736 7
737 5
738 6
739 6
740 7
741 4
742 5
743 5
744 4
745 7
746 9
747 7
748 10
749 5
750 6
751 5
752 6
753 6
754 7
755 6
756 8
757 5
758 8
759 4
760 8
761 7
762 5
763 5
764 7
765 5
766 4
767 9
768 5
769 6
770 6
771 4
772 9
773 5
774 5
775 6
776 7
777 8
778 4
779 5
780 8
781 3
782 7
783 6
784 5
785 5
786 5
787 7
788 7
789 5
790 4
791 4
792 6
793 6
794 7
795 3
796 7
797 5
798 9
799 5
800 5
801 8
802 7
803 8
804 7
805 7
806 5
807 6
808 8
809 8
810 5
811 7
812 5
813 6
814 5
815 8
816 7
817 4
818 8
819 6
820 7
821 6
822 7
823 6
824 8
825 6
826 5
827 5
828 5
829 4
830 5
831 7
832 6
833 8
834 6
835 5
836 3
837 6
838 5
839 5
840 7
841 4
842 5
843 3
844 5
845 7
846 4
847 7
848 5
849 3
850 7
851 2
852 2
853 7
854 6
855 5
856 7
857 7
858 7
859 7
860 4
861 4
862 7
863 11
864 3
865 6
866 3
867 8
868 7
869 5
870 3
871 4
872 7
873 5
874 7
875 6
876 9
877 11
878 4
879 3
880 2
881 5
882 7
883 5
884 5
885 7
886 3
887 5
888 7
889 3
890 8
891 5
892 4
893 6
894 7
895 7
896 5
897 5
898 8
899 4
900 6
901 6
902 11
903 5
904 5
905 6
906 6
907 4
908 5
909 5
910 6
911 4
912 6
913 6
914 5
915 5
916 4
917 4
918 5
919 5
920 7
921 6
922 5
923 7
924 6
925 4
926 4
927 6
928 7
929 6
930 5
931 7
932 7
933 6
934 4
935 5
936 5
937 2
938 7
939 8
940 4
941 2
942 6
943 9
944 6
945 6
946 4
947 6
948 4
949 6
950 4
951 6
952 2
953 7
954 4
955 7
956 6
957 5
958 3
959 4
960 4
961 4
962 6
963 4
964 7
965 4
966 6
967 8
968 7
969 4
970 5
971 3
972 3
973 5
974 5
975 2
976 7
977 6
978 5
979 6
980 5
981 4
982 6
983 4
984 6
985 3
986 5
987 5
988 6
989 8
990 6
991 5
992 8
993 5
994 6
995 5
996 6
997 10
998 4
999 7
1000 4
1001 7
0 9
1 9
2 5
3 7
4 9
5 10
6 11
7 8
8 7
9 10
10 11
11 9
12 12
13 8
14 6
15 7
16 8
17 7
18 9
19 9
20 8
21 7
22 5
23 6
24 6
25 4
26 5
27 6
28 9
29 4
30 6
31 7
32 5
33 9
34 5
35 10
36 10
37 6
38 10
39 8
40 6
41 6
42 6
43 6
44 7
45 7
46 6
47 9
48 5
49 8
50 7
51 8
52 6
53 6
54 7
55 5
56 5
57 7
58 7
59 5
60 6
61 4
62 7
63 5
64 6
65 6
66 9
67 5
68 5
69 8
70 5
71 8
72 5
73 6
74 7
75 6
76 8
77 8
78 9
79 7
80 6
81 7
82 7
83 7
84 9
85 9
86 7
87 4
88 8
89 4
90 7
91 8
92 4
93 8
94 8
95 8
96 4
97 9
98 7
99 5
100 7
101 7
102 6
103 7
104 9
105 10
106 9
107 6
108 6
109 9
110 8
111 6
112 7
113 6
114 10
115 8
116 5
117 8
118 6
119 6
120 7
121 11
122 4
123 8
124 8
125 9
126 8
127 5
128 7
129 5
130 8
131 10
132 7
133 7
134 7
135 8
136 10
137 8
138 8
139 7
140 7
141 10
142 8
143 8
144 11
145 6
146 11
147 6
148 5
149 6
150 8
151 7
152 8
153 6
154 5
155 7
156 8
157 5
158 8
159 9
160 6
161 6
162 7
163 10
164 8
165 8
166 9
167 8
168 9
169 9
170 8
171 5
172 11
173 10
174 9
175 11
176 6
177 5
178 7
179 7
180 7
181 6
182 9
183 6
184 7
185 10
186 7
187 7
188 7
189 9
190 8
191 9
192 8
193 9
194 9
195 8
196 7
197 10
198 8
199 8
200 7
201 5
202 4
203 6
204 7
205 10
206 7
207 4
208 6
209 8
210 11
211 9
212 7
213 6
214 9
215 8
216 7
217 7
218 8
219 8
220 9
221 8
222 10
223 8
224 6
225 6
226 6
227 6
228 7
229 10
230 6
231 7
232 7
233 8
234 5
235 5
236 7
237 10
238 5
239 7
240 6
241 5
242 8
243 7
244 9
245 6
246 7
247 10
248 10
249 9
250 5
251 7
252 6
253 5
254 7
255 8
256 6
257 7
258 7
259 7
260 9
261 8
262 10
263 7
264 6
265 10
266 8
267 6
268 8
269 9
270 8
271 6
272 6
273 5
274 5
275 7
276 7
277 7
278 7
279 10
280 9
281 8
282 7
283 8
284 6
285 10
286 3
287 4
288 9
289 5
290 8
291 10
292 6
293 7
294 6
295 8
296 5
297 8
298 9
299 7
300 4
301 5
302 9
303 6
304 9
305 8
306 7
307 6
308 8
309 5
310 8
311 9
312 4
313 7
314 10
315 9
316 9
317 7
318 8
319 3
320 8
321 7
322 9
323 6
324 8
325 5
326 9
327 7
328 8
329 8
330 5
331 8
332 7
333 8
334 4
335 9
336 5
337 9
338 5
339 6
340 7
341 6
342 5
343 7
344 7
345 7
346 6
347 4
348 8
349 6
350 7
351 6
352 10
353 8
354 8
355 8
356 8
357 6
358 7
359 6
360 7
361 6
362 7
363 3
364 3
365 9
366 7
367 5
368 6
369 7
370 4
371 9
372 7
373 6
374 6
375 6
376 6
377 6
378 6
379 6
380 4
381 12
382 5
383 6
384 5
385 6
386 6
387 8
388 6
389 5
390 8
391 4
392 8
393 6
394 7
395 7
396 7
397 9
398 4
399 5
400 4
401 8
402 8
403 5
404 6
405 9
406 3
407 9
408 9
409 6
410 9
411 7
412 6
413 5
414 3
415 9
416 4
417 6
418 7
419 10
420 7
421 5
422 7
423 5
424 8
425 4
426 8
427 8
428 5
429 5
430 7
431 3
432 5
433 10
434 7
435 7
436 4
437 6
438 7
439 5
440 9
441 6
442 7
443 6
444 6
445 6
446 8
447 6
448 3
449 5
450 4
451 4
452 8
453 9
454 6
455 7
456 3
457 8
458 6
459 4
460 7
461 6
462 7
463 6
464 8
465 5
466 6
467 7
468 5
469 6
470 6
471 8
472 7
473 5
474 9
475 3
476 4
477 7
478 7
479 3
480 7
481 5
482 6
483 6
484 6
485 8
486 5
487 7
488 5
489 6
490 7
491 8
492 6
493 8
494 5
495 7
496 8
497 3
498 6
499 5
500 8
501 6
502 5
503 8
504 5
505 5
506 6
507 7
508 7
509 6
510 6
511 5
512 2
513 8
514 6
515 5
516 3
517 5
518 4
519 4
520 5
521 7
522 5
523 5
524 6
525 7
526 8
527 5
528 7
529 6
530 7
531 9
532 7
533 6
534 7
535 9
536 9
537 6
538 5
539 6
540 5
541 6
542 5
543 6
544 9
545 6
546 7
547 5
548 6
549 5
550 8
551 7
552 6
553 4
554 3
555 4
556 8
557 8
558 4
559 4
560 9
561 7
562 3
563 4
564 3
565 5
566 3
567 6
568 8
569 5
570 4
571 8
572 7
573 6
574 3
575 4
576 6
577 5
578 5
579 7
580 7
581 6
582 5
583 6
584 5
585 7
586 7
587 6
588 4
589 8
590 4
591 3
592 7
593 5
594 5
595 4
596 6
597 6
598 7
599 5
600 7
601 6
602 5
603 6
604 6
605 5
606 7
607 5
608 3
609 7
610 4
611 7
612 4
613 3
614 5
615 2
616 5
617 9
618 5
619 6
620 4
621 4
622 2
623 3
624 3
625 5
626 3
627 3
628 7
629 5
630 4
631 6
632 4
633 2
634 2
635 7
636 6
637 6
638 8
639 3
640 4
641 7
642 8
643 6
644 7
645 10
646 9
647 5
648 5
649 5
650 6
651 4
652 5
653 7
654 8
655 6
656 5
657 7
658 7
659 6
660 7
661 6
662 4
663 7
664 6
665 4
666 5
667 4
668 7
669 7
670 5
671 7
672 6
673 6
674 6
675 6
676 8
677 5
678 8
679 4
680 4
681 7
682 3
683 6
684 7
685 6
686 6
687 4
688 5
689 7
690 7
691 6
692 4
693 5
694 7
695 5
696 6
697 6
698 9
699 4
700 3
701 5
702 5
703 7
704 5
705 5
706 8
707 5
708 5
709 5
710 5
711 6
712 6
713 6
714 7
715 8
716 8
717 3
718 3
719 5
720 5
721 7
722 7
723 7
724 4
725 5
726 7
727 7
728 10
729 8
730 8
731 5
732 5
733 7
734 8
735 6
736 7
737 7
738 8
739 9
740 8
741 9
742 4
743 7
744 5
745 6
746 8
747 7
748 6
749 5
750 8
751 6
752 5
753 6
754 7
755 8
756 6
757 7
758 7
759 6
760 4
761 8
762 6
763 9
764 4
765 9
766 10
767 7
768 7
769 6
770 7
771 8
772 6
773 8
774 9
775 9
776 8
777 5
778 5
779 8
780 8
781 5
782 7
783 8
784 4
785 3
786 6
787 6
788 7
789 9
790 4
791 4
792 9
793 6
794 7
795 4
796 6
797 7
798 9
799 9
800 6
801 5
802 6
803 5
804 6
805 1
806 10
807 5
808 4
809 7
810 4
811 9
812 9
813 4
814 6
815 3
816 5
817 6
818 2
819 6
820 7
821 6
822 6
823 8
824 8
825 2
826 6
827 5
828 5
829 6
830 5
831 6
832 5
833 4
834 6
835 5
836 6
837 7
838 4
839 5
840 8
841 7
842 7
843 3
844 8
845 5
846 5
847 4
848 7
849 6
850 7
851 7
852 5
853 5
854 4
855 2
856 5
857 7
858 7
859 5
860 5
861 6
862 5
863 5
864 5
865 7
866 6
867 8
868 6
869 4
870 5
871 3
872 7
873 5
874 2
875 3
876 3
877 5
878 5
879 5
880 5
881 4
882 4
883 8
884 4
885 5
886 5
887 5
888 3
889 3
890 2
891 7
892 3
893 5
894 4
895 4
896 5
897 6
898 6
899 3
900 4
901 6
902 4
903 5
904 2
905 5
906 4
907 5
908 4
909 6
910 4
911 7
912 6
913 7
914 7
915 3
916 7
917 4
918 7
919 6
920 6
921 7
922 5
923 6
924 8
925 6
926 3
927 7
928 3
929 6
930 3
931 4
932 6
933 4
934 5
935 5
936 3
937 7
938 6
939 5
940 7
941 4
942 6
943 7
944 7
945 6
946 7
947 6
948 4
949 6
950 6
951 5
952 5
953 5
954 7
955 4
956 2
957 6
958 6
959 6
960 6
961 5
962 6
963 4
964 7
965 2
966 6
967 5
968 7
969 5
970 2
971 5
972 5
973 3
974 5
975 3
976 6
977 1
978 5
979 5
980 6
981 4
982 6
983 5
984 3
985 2
986 6
987 8
988 5
989 4
990 4
991 5
992 4
993 4
994 6
995 2
996 5
997 4
998 5
999 2
1000 3
1001 8
