0 2
1 2
2 3
3 0
4 1
5 0
6 4
7 1
8 3
9 0
10 2
11 4
12 2
13 5
14 1
15 2
16 1
17 0
18 3
19 2
20 2
21 1
22 1
23 2
24 1
25 1
26 2
27 1
28 2
29 0
30 2
31 1
32 1
33 0
34 0
35 2
36 0
37 3
38 1
39 3
40 1
41 2
42 2
43 3
44 1
45 1
46 1
47 2
48 1
49 2
50 1
51 3
52 1
53 2
54 3
55 1
56 2
57 1
58 1
59 2
60 2
61 2
62 1
63 1
64 3
65 2
66 2
67 4
68 1
69 2
70 0
71 1
72 0
73 1
74 1
75 2
76 1
77 1
78 2
79 1
80 3
81 3
82 2
83 2
84 0
85 1
86 1
87 3
88 2
89 3
90 1
91 1
92 1
93 2
94 2
95 2
96 3
97 1
98 2
99 1
100 1
101 1
102 1
103 0
104 0
105 2
106 2
107 1
108 2
109 2
110 2
111 1
112 0
113 1
114 0
115 1
116 0
117 0
118 1
119 2
120 1
121 0
122 2
123 0
124 0
125 0
126 1
127 1
128 0
129 0
130 0
131 0
132 0
133 0
134 2
135 0
136 0
137 0
138 0
139 2
140 1
141 0
142 1
143 0
144 0
145 0
146 0
147 0
148 0
149 0
150 0
151 0
152 0
153 2
154 3
155 2
156 1
157 2
158 1
159 1
160 1
161 3
162 1
163 3
164 0
165 1
166 1
167 0
168 0
169 0
170 1
171 2
172 1
173 0
174 0
175 2
176 1
177 2
178 1
179 0
180 1
181 0
182 1
183 0
184 1
185 0
186 0
187 0
188 1
189 2
190 2
191 1
192 0
193 1
194 1
195 1
196 1
197 0
198 1
199 1
200 1
201 4
202 2
203 3
204 1
205 2
206 1
207 2
208 1
209 2
210 1
211 2
212 2
213 0
214 3
215 3
216 2
217 3
218 2
219 1
220 2
221 1
222 2
223 1
224 2
225 2
226 2
227 3
228 3
229 2
230 2
231 1
232 1
233 2
234 2
235 2
236 1
237 1
238 1
239 1
240 0
241 1
242 2
243 5
244 0
245 2
246 1
247 2
248 2
249 1
250 1
251 0
252 3
253 4
254 4
255 0
256 1
257 3
258 2
259 0
260 2
261 2
262 2
263 2
264 1
265 1
266 1
267 1
268 2
269 2
270 3
271 3
272 2
273 4
274 1
275 3
276 2
277 2
278 1
279 1
280 2
281 2
282 3
283 1
284 3
285 3
286 1
287 1
288 0
289 2
290 2
291 4
292 2
293 3
294 3
295 2
296 2
297 4
298 2
299 2
300 3
301 3
302 1
303 0
304 1
305 6
306 0
307 2
308 0
309 3
310 3
311 1
312 1
313 1
314 5
315 3
316 3
317 3
318 3
319 2
320 4
321 6
322 3
323 2
324 3
325 4
326 2
327 2
328 1
329 1
330 3
331 2
332 4
333 3
334 0
335 3
336 3
337 2
338 1
339 2
340 0
341 2
342 2
343 1
344 4
345 4
346 3
347 3
348 1
349 2
350 1
351 2
352 4
353 2
354 2
355 4
356 4
357 0
358 1
359 1
360 2
361 3
362 2
363 1
364 2
365 1
366 1
367 1
368 1
369 3
370 1
371 1
372 1
373 0
374 1
375 4
376 1
377 1
378 2
379 0
380 3
381 2
382 3
383 2
384 1
385 1
386 1
387 1
388 2
389 2
390 1
391 3
392 3
393 4
394 3
395 1
396 1
397 2
398 3
399 1
400 1
401 2
402 2
403 3
404 2
405 2
406 4
407 3
408 2
409 2
410 4
411 2
412 2
413 0
414 3
415 1
416 5
417 4
418 6
419 1
420 1
421 3
422 0
423 3
424 1
425 2
426 2
427 1
428 3
429 0
430 1
431 2
432 2
433 2
434 2
435 2
436 2
437 2
438 3
439 1
440 2
441 2
442 0
443 1
444 3
445 1
446 0
447 0
448 1
449 1
450 3
451 4
452 0
453 3
454 1
455 1
456 2
457 1
458 0
459 0
460 0
461 2
462 1
463 1
464 0
465 1
466 3
467 1
468 1
469 1
470 2
471 4
472 2
473 2
474 3
475 2
476 1
477 1
478 1
479 1
480 3
481 1
482 1
483 0
484 2
485 2
486 1
487 2
488 0
489 4
490 2
491 3
492 3
493 3
494 2
495 2
496 3
497 3
498 1
499 3
500 1
501 3
502 3
503 2
504 1
505 2
506 2
507 3
508 1
509 6
510 3
511 3
512 4
513 2
514 3
515 5
516 3
517 3
518 2
519 1
520 3
521 3
522 1
523 4
524 3
525 2
526 4
527 3
528 1
529 3
530 3
531 2
532 0
533 1
534 2
535 3
536 3
537 1
538 2
539 2
540 0
541 3
542 2
543 3
544 1
545 0
546 1
547 2
548 2
549 0
550 1
551 1
552 2
553 6
554 2
555 5
556 3
557 1
558 4
559 0
560 2
561 1
562 1
563 2
564 2
565 2
566 1
567 2
568 2
569 2
570 3
571 4
572 2
573 1
574 1
575 2
576 1
577 2
578 2
579 3
580 3
581 1
582 3
583 2
584 2
585 2
586 0
587 1
588 2
589 2
590 1
591 3
592 0
593 2
594 1
595 2
596 1
597 0
598 2
599 3
600 1
601 0
602 0
603 1
604 1
605 2
606 2
607 2
608 1
609 2
610 1
611 2
612 1
613 2
614 2
615 2
616 1
617 3
618 0
619 0
620 1
621 2
622 2
623 1
624 0
625 2
626 2
627 2
628 3
629 1
630 2
631 2
632 2
633 1
634 3
635 3
636 2
637 3
638 2
639 2
640 1
641 2
642 1
643 2
644 2
645 2
646 4
647 2
648 0
649 4
650 1
651 2
652 2
653 3
654 4
655 4
656 4
657 5
658 4
659 2
660 1
661 1
662 1
663 0
664 3
665 2
666 0
667 2
668 3
669 2
670 0
671 1
672 5
673 3
674 1
675 1
676 3
677 2
678 2
679 2
680 1
681 1
682 1
683 3
684 1
685 4
686 2
687 2
688 0
689 1
690 1
691 2
692 1
693 2
694 1
695 2
696 1
697 1
698 1
699 0
700 1
701 1
702 2
703 0
704 1
705 0
706 0
707 2
708 2
709 1
710 0
711 2
712 1
713 1
714 2
715 0
716 1
717 1
718 2
719 2
720 0
721 0
722 1
723 0
724 0
725 3
726 1
727 1
728 2
729 0
730 0
731 1
732 0
733 0
734 0
735 1
736 1
737 1
738 1
739 3
740 0
741 0
742 1
743 2
744 2
745 1
746 1
747 3
748 1
749 3
750 3
751 3
752 0
753 1
754 1
755 1
756 4
757 2
758 1
759 1
760 1
761 0
762 1
763 0
764 0
765 0
766 3
767 1
768 2
769 2
770 0
771 0
772 0
773 0
774 0
775 0
776 0
777 1
778 0
779 0
780 0
781 0
782 1
783 1
784 0
785 1
786 3
787 2
788 2
789 1
790 1
791 1
792 1
793 2
794 1
795 1
796 2
797 1
798 1
799 2
800 2
801 1
802 1
803 0
804 0
805 2
806 3
807 1
808 2
809 0
810 1
811 2
812 0
813 3
814 0
815 1
816 1
817 2
818 2
819 0
820 0
821 0
822 0
823 0
824 0
825 1
826 0
827 2
828 1
829 1
830 0
831 0
832 2
833 1
834 0
835 1
836 2
837 2
838 1
839 0
840 1
841 2
842 3
843 2
844 2
845 0
846 3
847 2
848 1
849 1
850 0
851 1
852 0
853 1
854 1
855 1
856 1
857 1
858 5
859 0
860 2
861 2
862 2
863 2
864 3
865 0
866 0
867 2
868 3
869 1
870 4
871 1
872 1
873 2
874 2
875 3
876 2
877 4
878 4
879 0
880 1
881 1
882 0
883 0
884 3
885 2
886 3
887 3
888 2
889 3
890 2
891 1
892 2
893 2
894 5
895 1
896 1
897 1
898 1
899 2
900 1
901 2
902 2
903 0
904 2
905 5
906 2
907 1
908 2
909 2
910 2
911 1
912 1
913 2
914 0
915 1
916 1
917 1
918 2
919 1
920 4
921 2
922 2
923 3
924 1
925 0
926 0
927 1
928 2
929 1
930 2
931 1
932 3
933 0
934 2
935 1
936 1
937 1
938 2
939 1
940 2
941 2
942 2
943 0
944 2
945 1
946 1
947 3
948 3
949 1
950 1
951 0
952 1
953 2
954 2
955 3
956 3
957 1
958 1
959 3
960 2
961 3
962 2
963 0
964 1
965 3
966 2
967 2
968 1
969 2
970 1
971 0
972 0
973 0
974 2
975 1
976 1
977 1
978 1
979 2
980 1
981 2
982 0
983 1
984 0
985 2
986 2
987 2
988 0
989 1
990 2
991 0
992 1
993 0
994 0
995 0
996 2
997 3
998 0
999 0
1000 1
1001 1
0 1
1 1
2 2
3 3
4 2
5 1
6 1
7 4
8 4
9 2
10 3
11 1
12 2
13 1
14 2
15 3
16 2
17 1
18 2
19 1
20 1
21 1
22 2
23 1
24 1
25 0
26 0
27 1
28 2
29 0
30 0
31 3
32 2
33 2
34 4
35 2
36 2
37 2
38 1
39 1
40 1
41 1
42 1
43 1
44 0
45 0
46 1
47 1
48 0
49 0
50 1
51 2
52 1
53 1
54 1
55 3
56 2
57 2
58 1
59 4
60 2
61 2
62 1
63 3
64 4
65 3
66 3
67 3
68 3
69 3
70 3
71 1
72 3
73 3
74 3
75 2
76 2
77 2
78 3
79 4
80 1
81 1
82 2
83 2
84 3
85 1
86 1
87 3
88 2
89 3
90 3
91 3
92 3
93 1
94 3
95 4
96 3
97 3
98 4
99 1
100 2
101 4
102 3
103 1
104 3
105 3
106 4
107 1
108 2
109 2
110 3
111 3
112 3
113 3
114 3
115 4
116 2
117 1
118 1
119 2
120 2
121 3
122 3
123 3
124 2
125 2
126 2
127 2
128 1
129 3
130 3
131 1
132 2
133 2
134 3
135 2
136 1
137 1
138 3
139 1
140 3
141 1
142 4
143 3
144 3
145 1
146 1
147 3
148 2
149 0
150 2
151 1
152 2
153 3
154 4
155 3
156 4
157 3
158 2
159 1
160 2
161 3
162 2
163 3
164 3
165 3
166 3
167 1
168 2
169 3
170 2
171 1
172 1
173 1
174 1
175 0
176 1
177 1
178 1
179 1
180 0
181 1
182 2
183 0
184 1
185 1
186 2
187 4
188 2
189 3
190 4
191 2
192 2
193 2
194 3
195 1
196 4
197 1
198 0
199 1
200 1
201 3
202 2
203 1
204 1
205 0
206 1
207 1
208 0
209 1
210 0
211 2
212 1
213 1
214 2
215 1
216 2
217 2
218 1
219 2
220 2
221 2
222 1
223 0
224 0
225 2
226 0
227 2
228 1
229 2
230 2
231 2
232 1
233 1
234 0
235 1
236 1
237 2
238 1
239 1
240 1
241 1
242 3
243 1
244 1
245 0
246 2
247 1
248 3
249 3
250 1
251 0
252 1
253 3
254 1
255 1
256 1
257 1
258 2
259 0
260 2
261 3
262 1
263 1
264 0
265 2
266 2
267 0
268 1
269 2
270 2
271 0
272 2
273 4
274 1
275 1
276 3
277 0
278 1
279 0
280 2
281 1
282 2
283 0
284 0
285 1
286 1
287 3
288 0
289 1
290 2
291 3
292 1
293 1
294 1
295 2
296 1
297 2
298 0
299 0
300 0
301 2
302 1
303 2
304 1
305 2
306 3
307 2
308 1
309 2
310 0
311 1
312 2
313 2
314 2
315 0
316 1
317 1
318 0
319 0
320 0
321 2
322 1
323 1
324 3
325 1
326 1
327 3
328 0
329 0
330 3
331 3
332 2
333 2
334 2
335 1
336 1
337 3
338 3
339 1
340 2
341 3
342 1
343 1
344 0
345 2
346 1
347 1
348 2
349 2
350 2
351 3
352 1
353 1
354 2
355 2
356 1
357 1
358 3
359 1
360 1
361 1
362 2
363 1
364 4
365 2
366 0
367 2
368 1
369 1
370 2
371 3
372 2
373 3
374 4
375 1
376 2
377 1
378 2
379 4
380 2
381 2
382 2
383 3
384 1
385 2
386 2
387 3
388 4
389 1
390 3
391 0
392 1
393 1
394 1
395 3
396 1
397 1
398 2
399 1
400 1
401 2
402 1
403 1
404 1
405 2
406 0
407 2
408 0
409 1
410 2
411 1
412 1
413 0
414 3
415 2
416 1
417 2
418 1
419 2
420 3
421 2
422 1
423 2
424 2
425 1
426 1
427 2
428 1
429 1
430 1
431 3
432 0
433 0
434 0
435 2
436 1
437 1
438 3
439 1
440 1
441 0
442 1
443 0
444 1
445 1
446 1
447 2
448 2
449 1
450 1
451 2
452 1
453 2
454 0
455 2
456 2
457 2
458 0
459 0
460 2
461 2
462 0
463 0
464 1
465 1
466 2
467 1
468 0
469 0
470 1
471 2
472 0
473 0
474 1
475 0
476 1
477 0
478 0
479 0
480 1
481 2
482 1
483 0
484 1
485 2
486 0
487 0
488 1
489 0
490 1
491 1
492 1
493 0
494 0
495 2
496 1
497 1
498 2
499 3
500 0
501 1
502 1
503 2
504 2
505 1
506 2
507 2
508 1
509 2
510 1
511 0
512 1
513 1
514 2
515 0
516 3
517 0
518 1
519 0
520 2
521 2
522 1
523 1
524 2
525 1
526 2
527 3
528 1
529 4
530 2
531 0
532 2
533 6
534 2
535 3
536 2
537 3
538 2
539 2
540 1
541 3
542 1
543 0
544 2
545 2
546 2
547 0
548 1
549 2
550 0
551 2
552 1
553 3
554 2
555 2
556 1
557 1
558 2
559 1
560 2
561 4
562 2
563 1
564 3
565 0
566 4
567 0
568 1
569 1
570 2
571 3
572 1
573 0
574 1
575 3
576 1
577 1
578 1
579 0
580 0
581 2
582 3
583 1
584 3
585 2
586 2
587 2
588 1
589 1
590 2
591 1
592 2
593 2
594 3
595 2
596 0
597 0
598 1
599 1
600 2
601 0
602 1
603 1
604 0
605 2
606 1
607 3
608 2
609 3
610 1
611 0
612 4
613 1
614 1
615 1
616 1
617 2
618 0
619 1
620 1
621 2
622 2
623 0
624 2
625 2
626 1
627 1
628 0
629 2
630 1
631 0
632 2
633 0
634 0
635 1
636 1
637 1
638 0
639 0
640 0
641 2
642 1
643 0
644 1
645 0
646 0
647 0
648 3
649 0
650 2
651 1
652 2
653 2
654 1
655 0
656 1
657 2
658 1
659 1
660 0
661 1
662 0
663 0
664 0
665 1
666 2
667 0
668 0
669 2
670 2
671 0
672 2
673 0
674 0
675 1
676 1
677 1
678 3
679 1
680 0
681 1
682 1
683 1
684 1
685 1
686 1
687 3
688 0
689 1
690 0
691 2
692 1
693 1
694 0
695 0
696 0
697 1
698 0
699 0
700 0
701 2
702 1
703 1
704 1
705 1
706 0
707 1
708 0
709 1
710 3
711 0
712 3
713 0
714 1
715 0
716 2
717 2
718 3
719 1
720 4
721 1
722 1
723 1
724 0
725 1
726 1
727 2
728 1
729 4
730 1
731 1
732 1
733 2
734 1
735 1
736 1
737 0
738 1
739 3
740 2
741 2
742 1
743 0
744 1
745 3
746 2
747 2
748 0
749 0
750 0
751 0
752 0
753 1
754 1
755 1
756 1
757 0
758 1
759 0
760 3
761 1
762 2
763 1
764 0
765 1
766 0
767 0
768 0
769 3
770 0
771 2
772 1
773 2
774 0
775 1
776 1
777 1
778 1
779 1
780 0
781 2
782 1
783 0
784 2
785 1
786 2
787 0
788 0
789 3
790 2
791 0
792 1
793 1
794 1
795 2
796 1
797 2
798 2
799 1
800 1
801 1
802 1
803 2
804 1
805 2
806 0
807 0
808 1
809 1
810 2
811 1
812 2
813 1
814 0
815 1
816 1
817 2
818 1
819 1
820 2
821 1
822 2
823 1
824 1
825 0
826 2
827 2
828 0
829 0
830 2
831 2
832 1
833 1
834 2
835 2
836 1
837 0
838 0
839 2
840 0
841 1
842 1
843 0
844 2
845 1
846 1
847 1
848 2
849 1
850 1
851 2
852 0
853 2
854 3
855 2
856 1
857 1
858 3
859 2
860 1
861 2
862 1
863 0
864 2
865 1
866 1
867 0
868 0
869 0
870 1
871 2
872 2
873 1
874 1
875 3
876 1
877 0
878 0
879 2
880 1
881 1
882 2
883 0
884 0
885 2
886 0
887 1
888 1
889 2
890 1
891 0
892 1
893 1
894 1
895 2
896 2
897 0
898 1
899 2
900 1
901 0
902 2
903 2
904 2
905 3
906 2
907 2
908 0
909 0
910 1
911 2
912 3
913 2
914 2
915 0
916 0
917 0
918 0
919 0
920 1
921 1
922 1
923 1
924 0
925 0
926 1
927 1
928 2
929 0
930 1
931 0
932 0
933 0
934 0
935 2
936 2
937 1
938 1
939 2
940 0
941 3
942 0
943 0
944 0
945 2
946 2
947 0
948 1
949 2
950 0
951 3
952 0
953 1
954 1
955 0
956 1
957 0
958 0
959 1
960 1
961 2
962 1
963 1
964 0
965 2
966 1
967 0
968 1
969 0
970 2
971 2
972 2
973 2
974 1
975 1
976 1
977 2
978 1
979 2
980 1
981 1
982 2
983 1
984 0
985 2
986 2
987 3
988 1
989 2
990 2
991 1
992 1
993 1
994 0
995 0
996 1
997 0
998 0
999 0
1000 2
1001 1
0 2
1 1
2 2
3 2
4 1
5 0
6 1
7 2
8 2
9 2
10 0
11 2
12 2
13 0
14 0
15 2
16 0
17 1
18 1
19 2
20 1
21 0
22 1
23 2
24 1
25 0
26 1
27 0
28 0
29 0
30 0
31 0
32 0
33 0
34 1
35 0
36 1
37 2
38 0
39 1
40 2
41 2
42 1
43 1
44 2
45 4
46 1
47 2
48 0
49 2
50 1
51 0
52 1
53 1
54 0
55 1
56 0
57 0
58 2
59 0
60 0
61 1
62 0
63 0
64 0
65 1
66 1
67 0
68 1
69 1
70 0
71 0
72 1
73 0
74 1
75 0
76 1
77 1
78 1
79 0
80 0
81 0
82 0
83 1
84 0
85 0
86 0
87 0
88 1
89 1
90 1
91 1
92 1
93 1
94 0
95 0
96 0
97 1
98 1
99 0
100 2
101 0
102 0
103 1
104 0
105 1
106 0
107 0
108 0
109 0
110 1
111 0
112 0
113 0
114 1
115 2
116 1
117 1
118 1
119 1
120 1
121 1
122 1
123 0
124 2
125 0
126 1
127 0
128 0
129 0
130 1
131 2
132 4
133 1
134 1
135 4
136 1
137 1
138 2
139 1
140 1
141 3
142 0
143 1
144 4
145 2
146 1
147 1
148 0
149 2
150 0
151 1
152 0
153 0
154 3
155 0
156 1
157 2
158 0
159 0
160 2
161 1
162 1
163 1
164 2
165 0
166 1
167 2
168 0
169 1
170 2
171 0
172 0
173 0
174 0
175 2
176 1
177 3
178 1
179 1
180 2
181 1
182 0
183 1
184 1
185 1
186 0
187 1
188 2
189 1
190 2
191 2
192 2
193 2
194 1
195 1
196 0
197 1
198 0
199 2
200 1
201 2
202 2
203 1
204 1
205 1
206 0
207 1
208 1
209 1
210 0
211 0
212 2
213 1
214 1
215 4
216 2
217 2
218 0
219 2
220 1
221 1
222 0
223 0
224 2
225 0
226 1
227 1
228 1
229 2
230 1
231 0
232 1
233 0
234 0
235 0
236 1
237 1
238 1
239 2
240 2
241 2
242 0
243 1
244 0
245 0
246 0
247 0
248 1
249 1
250 2
251 1
252 1
253 2
254 1
255 1
256 1
257 2
258 0
259 0
260 1
261 2
262 0
263 4
264 1
265 1
266 2
267 1
268 2
269 3
270 2
271 1
272 4
273 3
274 1
275 1
276 0
277 1
278 2
279 3
280 2
281 3
282 2
283 1
284 1
285 1
286 1
287 1
288 1
289 2
290 2
291 2
292 4
293 0
294 1
295 0
296 1
297 1
298 2
299 2
300 0
301 1
302 2
303 1
304 0
305 1
306 1
307 0
308 2
309 1
310 0
311 0
312 1
313 2
314 3
315 1
316 3
317 1
318 1
319 1
320 1
321 0
322 3
323 0
324 2
325 0
326 0
327 1
328 0
329 2
330 1
331 1
332 3
333 5
334 1
335 1
336 1
337 1
338 1
339 0
340 2
341 2
342 2
343 2
344 2
345 3
346 3
347 1
348 0
349 1
350 0
351 1
352 1
353 0
354 0
355 0
356 2
357 2
358 1
359 0
360 0
361 1
362 1
363 0
364 1
365 0
366 1
367 1
368 2
369 1
370 3
371 0
372 1
373 4
374 1
375 0
376 1
377 3
378 0
379 2
380 0
381 2
382 1
383 1
384 0
385 3
386 1
387 1
388 4
389 1
390 1
391 2
392 0
393 3
394 5
395 1
396 2
397 1
398 1
399 2
400 5
401 2
402 4
403 1
404 4
405 2
406 1
407 2
408 0
409 1
410 3
411 3
412 0
413 2
414 1
415 2
416 3
417 3
418 1
419 1
420 1
421 2
422 1
423 3
424 3
425 1
426 2
427 0
428 1
429 1
430 2
431 3
432 1
433 1
434 0
435 0
436 1
437 2
438 1
439 4
440 1
441 1
442 1
443 0
444 2
445 1
446 1
447 1
448 2
449 2
450 0
451 3
452 3
453 1
454 1
455 1
456 2
457 3
458 0
459 2
460 3
461 2
462 1
463 0
464 2
465 1
466 1
467 1
468 1
469 1
470 1
471 1
472 3
473 1
474 1
475 0
476 2
477 1
478 2
479 4
480 1
481 3
482 2
483 0
484 0
485 1
486 1
487 1
488 1
489 1
490 0
491 2
492 2
493 1
494 2
495 0
496 0
497 2
498 0
499 2
500 0
501 1
502 1
503 0
504 1
505 2
506 1
507 0
508 1
509 0
510 1
511 1
512 1
513 0
514 2
515 0
516 0
517 2
518 2
519 1
520 1
521 1
522 3
523 1
524 1
525 0
526 1
527 0
528 2
529 2
530 1
531 0
532 2
533 0
534 0
535 0
536 1
537 2
538 2
539 2
540 2
541 0
542 1
543 2
544 2
545 2
546 0
547 1
548 1
549 0
550 1
551 0
552 2
553 0
554 2
555 0
556 1
557 0
558 3
559 2
560 1
561 2
562 2
563 2
564 2
565 2
566 2
567 1
568 0
569 1
570 3
571 1
572 3
573 1
574 2
575 1
576 0
577 1
578 0
579 1
580 1
581 2
582 0
583 2
584 2
585 1
586 0
587 1
588 0
589 1
590 1
591 1
592 1
593 2
594 1
595 1
596 0
597 0
598 1
599 0
600 1
601 2
602 2
603 1
604 3
605 0
606 1
607 0
608 0
609 1
610 2
611 2
612 2
613 1
614 1
615 2
616 2
617 1
618 1
619 0
620 1
621 0
622 1
623 1
624 2
625 1
626 2
627 2
628 0
629 0
630 3
631 1
632 0
633 2
634 1
635 0
636 1
637 3
638 2
639 1
640 1
641 0
642 0
643 2
644 1
645 0
646 0
647 1
648 1
649 1
650 0
651 0
652 0
653 1
654 2
655 1
656 0
657 0
658 1
659 0
660 0
661 0
662 1
663 1
664 0
665 1
666 0
667 0
668 2
669 1
670 0
671 0
672 1
673 3
674 2
675 1
676 1
677 1
678 1
679 1
680 4
681 0
682 1
683 1
684 1
685 0
686 2
687 1
688 1
689 3
690 1
691 1
692 1
693 2
694 1
695 0
696 3
697 0
698 1
699 0
700 1
701 1
702 0
703 0
704 0
705 0
706 0
707 0
708 1
709 0
710 0
711 2
712 0
713 1
714 1
715 4
716 0
717 0
718 3
719 2
720 0
721 1
722 1
723 1
724 1
725 1
726 0
727 1
728 0
729 0
730 2
731 3
732 1
733 0
734 2
735 0
736 2
737 1
738 1
739 0
740 1
741 2
742 1
743 2
744 1
745 2
746 1
747 3
748 2
749 1
750 1
751 1
752 1
753 0
754 1
755 0
756 2
757 1
758 1
759 1
760 3
761 1
762 1
763 1
764 0
765 1
766 0
767 0
768 2
769 2
770 2
771 1
772 2
773 2
774 1
775 0
776 1
777 1
778 3
779 1
780 1
781 0
782 1
783 0
784 0
785 0
786 2
787 1
788 1
789 2
790 2
791 0
792 0
793 1
794 1
795 0
796 1
797 3
798 0
799 0
800 1
801 0
802 1
803 0
804 0
805 0
806 1
807 1
808 0
809 0
810 0
811 2
812 2
813 1
814 1
815 1
816 1
817 1
818 1
819 2
820 2
821 0
822 0
823 2
824 0
825 2
826 2
827 0
828 2
829 1
830 1
831 1
832 1
833 0
834 0
835 1
836 1
837 0
838 2
839 1
840 0
841 0
842 0
843 0
844 2
845 3
846 2
847 0
848 1
849 3
850 2
851 1
852 0
853 1
854 0
855 1
856 0
857 1
858 0
859 0
860 1
861 1
862 1
863 3
864 1
865 1
866 1
867 1
868 0
869 1
870 2
871 1
872 0
873 0
874 0
875 0
876 1
877 2
878 0
879 1
880 0
881 2
882 1
883 1
884 0
885 1
886 0
887 0
888 1
889 1
890 0
891 0
892 3
893 0
894 1
895 2
896 2
897 2
898 2
899 1
900 1
901 2
902 2
903 1
904 1
905 2
906 0
907 1
908 0
909 2
910 0
911 0
912 0
913 1
914 0
915 3
916 3
917 2
918 1
919 1
920 1
921 2
922 0
923 0
924 1
925 0
926 0
927 0
928 1
929 1
930 1
931 1
932 0
933 0
934 0
935 1
936 0
937 1
938 0
939 1
940 0
941 0
942 1
943 1
944 2
945 1
946 0
947 1
948 1
949 0
950 0
951 0
952 1
953 0
954 1
955 2
956 2
957 2
958 0
959 1
960 1
961 0
962 1
963 2
964 2
965 1
966 0
967 3
968 0
969 3
970 1
971 1
972 1
973 1
974 1
975 1
976 0
977 0
978 0
979 1
980 1
981 0
982 0
983 1
984 0
985 0
986 1
987 0
988 1
989 2
990 0
991 0
992 0
993 1
994 2
995 0
996 0
997 1
998 1
999 1
1000 0
1001 0
0 2
1 2
2 2
3 3
4 6
5 3
6 3
7 5
8 5
9 4
10 3
11 4
12 6
13 8
14 3
15 3
16 4
17 5
18 5
19 3
20 3
21 4
22 3
23 5
24 4
25 3
26 3
27 3
28 4
29 3
30 4
31 2
32 2
33 4
34 4
35 2
36 4
37 3
38 2
39 1
40 1
41 1
42 3
43 5
44 3
45 4
46 1
47 4
48 2
49 4
50 3
51 1
52 2
53 3
54 4
55 4
56 3
57 2
58 1
59 3
60 3
61 3
62 2
63 4
64 4
65 3
66 4
67 4
68 1
69 4
70 4
71 2
72 5
73 2
74 3
75 3
76 4
77 4
78 5
79 3
80 3
81 3
82 4
83 4
84 3
85 0
86 3
87 0
88 3
89 4
90 2
91 1
92 1
93 2
94 2
95 0
96 0
97 0
98 3
99 2
100 0
101 3
102 2
103 2
104 3
105 3
106 1
107 2
108 1
109 0
110 1
111 2
112 1
113 0
114 2
115 3
116 1
117 2
118 4
119 2
120 2
121 1
122 0
123 2
124 3
125 2
126 0
127 2
128 2
129 2
130 4
131 3
132 1
133 2
134 2
135 0
136 1
137 1
138 3
139 1
140 0
141 2
142 2
143 2
144 2
145 2
146 4
147 3
148 1
149 2
150 0
151 2
152 1
153 1
154 3
155 1
156 3
157 2
158 1
159 1
160 1
161 1
162 2
163 2
164 1
165 4
166 1
167 1
168 0
169 3
170 1
171 5
172 1
173 2
174 1
175 1
176 1
177 2
178 1
179 1
180 0
181 1
182 2
183 2
184 3
185 1
186 0
187 1
188 3
189 5
190 2
191 4
192 2
193 1
194 3
195 1
196 3
197 1
198 1
199 1
200 0
201 3
202 4
203 3
204 3
205 4
206 3
207 0
208 4
209 6
210 2
211 2
212 4
213 3
214 1
215 3
216 3
217 0
218 1
219 5
220 5
221 2
222 0
223 1
224 4
225 4
226 4
227 2
228 1
229 2
230 3
231 1
232 1
233 0
234 1
235 4
236 2
237 2
238 2
239 0
240 1
241 1
242 2
243 0
244 0
245 0
246 2
247 1
248 2
249 2
250 1
251 0
252 1
253 4
254 2
255 5
256 2
257 1
258 5
259 0
260 1
261 2
262 2
263 3
264 2
265 3
266 3
267 4
268 4
269 1
270 3
271 2
272 3
273 3
274 1
275 1
276 3
277 6
278 3
279 1
280 3
281 1
282 4
283 2
284 3
285 3
286 3
287 2
288 1
289 2
290 3
291 4
292 2
293 3
294 1
295 2
296 1
297 3
298 2
299 6
300 3
301 0
302 2
303 3
304 3
305 3
306 3
307 3
308 2
309 2
310 2
311 4
312 1
313 2
314 1
315 4
316 0
317 2
318 2
319 5
320 0
321 1
322 1
323 2
324 2
325 2
326 1
327 3
328 2
329 2
330 2
331 2
332 3
333 2
334 1
335 0
336 2
337 2
338 4
339 2
340 4
341 3
342 2
343 1
344 2
345 2
346 3
347 1
348 3
349 0
350 1
351 2
352 2
353 1
354 2
355 1
356 1
357 1
358 0
359 0
360 0
361 0
362 1
363 1
364 1
365 1
366 3
367 2
368 2
369 1
370 3
371 3
372 2
373 2
374 1
375 1
376 2
377 0
378 3
379 2
380 2
381 5
382 3
383 2
384 0
385 1
386 0
387 2
388 1
389 2
390 1
391 1
392 2
393 2
394 1
395 2
396 1
397 3
398 3
399 2
400 0
401 1
402 1
403 2
404 1
405 1
406 1
407 1
408 0
409 2
410 1
411 2
412 2
413 0
414 2
415 1
416 2
417 3
418 3
419 1
420 1
421 0
422 4
423 2
424 1
425 4
426 1
427 1
428 1
429 2
430 2
431 2
432 1
433 2
434 1
435 2
436 1
437 1
438 1
439 1
440 3
441 2
442 2
443 1
444 1
445 0
446 2
447 3
448 3
449 1
450 3
451 1
452 0
453 1
454 3
455 2
456 1
457 0
458 1
459 2
460 1
461 1
462 3
463 0
464 0
465 2
466 1
467 0
468 2
469 1
470 0
471 1
472 0
473 1
474 1
475 1
476 1
477 1
478 1
479 0
480 1
481 4
482 0
483 1
484 1
485 2
486 3
487 1
488 0
489 2
490 1
491 3
492 1
493 1
494 1
495 1
496 0
497 1
498 2
499 0
500 0
501 2
502 2
503 1
504 2
505 1
506 3
507 2
508 3
509 1
510 2
511 1
512 3
513 2
514 1
515 0
516 1
517 2
518 1
519 0
520 1
521 0
522 2
523 0
524 3
525 2
526 1
527 2
528 1
529 1
530 4
531 2
532 4
533 3
534 3
535 4
536 3
537 2
538 3
539 2
540 1
541 0
542 3
543 1
544 2
545 3
546 4
547 2
548 2
549 1
550 3
551 4
552 0
553 3
554 1
555 2
556 0
557 2
558 1
559 2
560 1
561 2
562 1
563 1
564 2
565 0
566 1
567 2
568 1
569 0
570 1
571 1
572 2
573 1
574 1
575 2
576 1
577 0
578 2
579 2
580 2
581 1
582 1
583 2
584 0
585 2
586 0
587 1
588 1
589 2
590 2
591 2
592 2
593 0
594 1
595 0
596 1
597 0
598 0
599 0
600 2
601 2
602 1
603 0
604 1
605 0
606 1
607 1
608 2
609 0
610 1
611 2
612 0
613 0
614 0
615 2
616 3
617 3
618 2
619 2
620 3
621 1
622 2
623 1
624 0
625 0
626 0
627 2
628 2
629 0
630 0
631 1
632 1
633 0
634 1
635 0
636 1
637 2
638 0
639 0
640 1
641 0
642 0
643 0
644 0
645 0
646 0
647 2
648 0
649 0
650 0
651 1
652 1
653 1
654 0
655 0
656 0
657 0
658 0
659 0
660 0
661 0
662 1
663 1
664 0
665 2
666 1
667 0
668 0
669 0
670 0
671 1
672 1
673 0
674 2
675 0
676 0
677 0
678 1
679 0
680 1
681 1
682 0
683 2
684 0
685 1
686 1
687 1
688 1
689 0
690 0
691 1
692 1
693 0
694 0
695 1
696 1
697 1
698 1
699 0
700 1
701 0
702 2
703 2
704 2
705 2
706 0
707 1
708 0
709 0
710 0
711 1
712 2
713 1
714 0
715 0
716 0
717 0
718 1
719 0
720 0
721 0
722 3
723 0
724 1
725 0
726 1
727 0
728 0
729 0
730 0
731 0
732 1
733 2
734 0
735 0
736 0
737 0
738 1
739 0
740 1
741 0
742 0
743 0
744 0
745 0
746 0
747 1
748 2
749 1
750 2
751 2
752 1
753 0
754 2
755 0
756 0
757 0
758 0
759 1
760 2
761 0
762 1
763 1
764 1
765 0
766 1
767 1
768 0
769 0
770 2
771 1
772 1
773 1
774 3
775 1
776 1
777 2
778 1
779 1
780 1
781 2
782 1
783 2
784 0
785 0
786 0
787 1
788 0
789 0
790 0
791 0
792 0
793 1
794 0
795 0
796 0
797 0
798 0
799 0
800 0
801 0
802 0
803 0
804 1
805 1
806 1
807 0
808 1
809 0
810 0
811 0
812 0
813 1
814 1
815 1
816 2
817 0
818 1
819 0
820 1
821 2
822 0
823 1
824 2
825 0
826 0
827 1
828 1
829 0
830 1
831 1
832 0
833 0
834 1
835 0
836 1
837 0
838 0
839 0
840 1
841 1
842 0
843 1
844 0
845 0
846 0
847 0
848 0
849 1
850 0
851 0
852 2
853 1
854 0
855 0
856 0
857 1
858 0
859 0
860 0
861 0
862 2
863 0
864 1
865 2
866 0
867 0
868 1
869 1
870 2
871 0
872 0
873 1
874 1
875 0
876 2
877 1
878 0
879 0
880 0
881 0
882 0
883 1
884 0
885 0
886 0
887 4
888 1
889 1
890 1
891 2
892 1
893 1
894 1
895 1
896 2
897 2
898 2
899 1
900 2
901 1
902 1
903 0
904 2
905 1
906 1
907 1
908 3
909 2
910 1
911 1
912 0
913 2
914 1
915 1
916 0
917 0
918 0
919 0
920 0
921 1
922 1
923 1
924 1
925 1
926 0
927 1
928 0
929 1
930 1
931 1
932 1
933 1
934 1
935 1
936 2
937 1
938 1
939 2
940 3
941 0
942 1
943 1
944 0
945 1
946 1
947 1
948 1
949 1
950 0
951 1
952 1
953 1
954 2
955 2
956 1
957 1
958 1
959 2
960 0
961 1
962 2
963 0
964 1
965 4
966 1
967 1
968 0
969 2
970 1
971 3
972 0
973 1
974 0
975 0
976 1
977 3
978 1
979 1
980 1
981 0
982 1
983 1
984 3
985 1
986 1
987 2
988 1
989 1
990 2
991 2
992 1
993 0
994 1
995 3
996 1
997 3
998 2
999 2
1000 1
1001 2
0 4
1 1
2 2
3 1
4 1
5 0
6 2
7 1
8 1
9 1
10 2
11 0
12 2
13 1
14 1
15 2
16 1
17 1
18 1
19 2
20 1
21 1
22 0
23 0
24 0
25 1
26 2
27 1
28 4
29 1
30 0
31 2
32 2
33 1
34 1
35 2
36 1
37 2
38 1
39 2
40 3
41 0
42 2
43 2
44 2
45 2
46 0
47 0
48 1
49 0
50 1
51 0
52 2
53 1
54 2
55 0
56 1
57 3
58 3
59 0
60 2
61 1
62 0
63 1
64 2
65 1
66 1
67 1
68 1
69 1
70 3
71 1
72 1
73 2
74 0
75 0
76 0
77 0
78 1
79 1
80 0
81 1
82 0
83 2
84 0
85 0
86 0
87 1
88 0
89 1
90 0
91 0
92 2
93 2
94 1
95 0
96 3
97 2
98 2
99 2
100 1
101 1
102 1
103 1
104 1
105 0
106 1
107 2
108 1
109 2
110 2
111 2
112 0
113 1
114 0
115 4
116 1
117 0
118 1
119 1
120 1
121 0
122 0
123 0
124 1
125 0
126 0
127 3
128 1
129 1
130 0
131 2
132 1
133 2
134 2
135 0
136 0
137 2
138 1
139 0
140 0
141 2
142 1
143 1
144 0
145 1
146 1
147 1
148 0
149 1
150 1
151 1
152 2
153 1
154 1
155 0
156 1
157 0
158 0
159 3
160 0
161 2
162 4
163 0
164 1
165 1
166 1
167 0
168 2
169 1
170 2
171 1
172 1
173 3
174 2
175 2
176 2
177 1
178 3
179 0
180 0
181 1
182 0
183 1
184 2
185 1
186 3
187 0
188 1
189 2
190 0
191 1
192 2
193 1
194 1
195 1
196 1
197 0
198 2
199 1
200 2
201 2
202 1
203 1
204 1
205 1
206 1
207 0
208 2
209 0
210 2
211 1
212 1
213 2
214 2
215 0
216 1
217 1
218 1
219 1
220 1
221 1
222 1
223 0
224 0
225 1
226 1
227 1
228 3
229 0
230 1
231 0
232 1
233 1
234 0
235 2
236 0
237 2
238 1
239 2
240 1
241 1
242 2
243 3
244 1
245 0
246 2
247 0
248 0
249 0
250 2
251 0
252 1
253 1
254 0
255 2
256 0
257 0
258 0
259 1
260 0
261 2
262 2
263 0
264 1
265 1
266 0
267 2
268 2
269 0
270 1
271 2
272 0
273 2
274 5
275 1
276 3
277 3
278 1
279 0
280 1
281 4
282 1
283 1
284 0
285 2
286 1
287 0
288 0
289 2
290 1
291 0
292 1
293 1
294 1
295 0
296 3
297 2
298 0
299 2
300 0
301 1
302 2
303 0
304 1
305 2
306 2
307 2
308 1
309 3
310 3
311 1
312 1
313 2
314 2
315 2
316 2
317 2
318 1
319 1
320 4
321 3
322 0
323 2
324 1
325 4
326 1
327 0
328 2
329 1
330 2
331 1
332 2
333 1
334 2
335 2
336 2
337 0
338 2
339 0
340 2
341 0
342 3
343 3
344 0
345 0
346 0
347 0
348 1
349 2
350 0
351 2
352 0
353 1
354 0
355 0
356 0
357 2
358 1
359 1
360 0
361 1
362 0
363 1
364 2
365 1
366 1
367 0
368 0
369 2
370 2
371 1
372 0
373 2
374 1
375 1
376 0
377 1
378 1
379 0
380 1
381 1
382 2
383 0
384 4
385 1
386 0
387 1
388 0
389 0
390 2
391 1
392 2
393 0
394 1
395 1
396 0
397 2
398 1
399 1
400 0
401 0
402 0
403 4
404 2
405 0
406 0
407 0
408 2
409 1
410 2
411 1
412 0
413 1
414 1
415 1
416 0
417 0
418 0
419 1
420 0
421 1
422 0
423 0
424 2
425 0
426 2
427 3
428 2
429 1
430 0
431 1
432 1
433 1
434 0
435 0
436 0
437 0
438 0
439 0
440 0
441 0
442 1
443 2
444 1
445 1
446 1
447 1
448 0
449 1
450 1
451 0
452 2
453 1
454 0
455 0
456 0
457 0
458 2
459 1
460 1
461 0
462 1
463 0
464 0
465 0
466 2
467 0
468 1
469 0
470 1
471 0
472 0
473 1
474 0
475 3
476 2
477 1
478 3
479 0
480 3
481 0
482 0
483 0
484 1
485 1
486 2
487 0
488 0
489 1
490 1
491 1
492 1
493 1
494 0
495 0
496 0
497 2
498 1
499 0
500 2
501 0
502 0
503 0
504 0
505 1
506 0
507 1
508 1
509 1
510 1
511 0
512 0
513 1
514 1
515 2
516 0
517 1
518 0
519 1
520 1
521 0
522 1
523 3
524 2
525 0
526 1
527 0
528 2
529 2
530 0
531 0
532 0
533 1
534 0
535 2
536 0
537 0
538 0
539 1
540 1
541 1
542 1
543 1
544 2
545 0
546 0
547 0
548 0
549 2
550 2
551 0
552 2
553 1
554 2
555 0
556 1
557 1
558 0
559 1
560 1
561 0
562 2
563 0
564 1
565 0
566 0
567 3
568 1
569 2
570 0
571 1
572 0
573 3
574 1
575 0
576 1
577 0
578 0
579 0
580 1
581 1
582 0
583 2
584 0
585 1
586 1
587 2
588 0
589 1
590 2
591 1
592 0
593 0
594 1
595 1
596 2
597 0
598 0
599 2
600 2
601 0
602 0
603 1
604 1
605 1
606 0
607 2
608 0
609 1
610 0
611 2
612 2
613 3
614 0
615 0
616 2
617 1
618 1
619 0
620 0
621 0
622 1
623 1
624 2
625 2
626 1
627 2
628 1
629 1
630 4
631 0
632 2
633 0
634 0
635 0
636 1
637 0
638 1
639 0
640 1
641 1
642 2
643 1
644 1
645 1
646 0
647 2
648 0
649 2
650 1
651 0
652 1
653 0
654 0
655 2
656 1
657 3
658 2
659 2
660 1
661 1
662 1
663 0
664 1
665 3
666 2
667 0
668 2
669 2
670 1
671 2
672 2
673 1
674 0
675 5
676 0
677 0
678 1
679 1
680 0
681 1
682 1
683 0
684 0
685 0
686 0
687 3
688 4
689 2
690 0
691 2
692 3
693 1
694 2
695 4
696 0
697 1
698 2
699 2
700 2
701 0
702 1
703 3
704 2
705 1
706 1
707 1
708 0
709 0
710 2
711 2
712 2
713 2
714 0
715 2
716 1
717 1
718 2
719 1
720 1
721 0
722 2
723 2
724 0
725 1
726 2
727 0
728 0
729 0
730 0
731 0
732 1
733 0
734 0
735 0
736 2
737 1
738 1
739 2
740 1
741 0
742 0
743 1
744 1
745 1
746 0
747 0
748 1
749 2
750 1
751 0
752 1
753 1
754 0
755 3
756 0
757 0
758 1
759 1
760 1
761 0
762 2
763 1
764 0
765 0
766 3
767 3
768 2
769 1
770 1
771 1
772 1
773 1
774 1
775 1
776 1
777 1
778 1
779 3
780 0
781 1
782 1
783 0
784 3
785 1
786 0
787 2
788 0
789 2
790 3
791 2
792 1
793 1
794 2
795 1
796 2
797 1
798 1
799 2
800 2
801 0
802 2
803 1
804 0
805 1
806 1
807 0
808 2
809 0
810 1
811 0
812 1
813 1
814 0
815 0
816 3
817 1
818 0
819 2
820 1
821 1
822 0
823 1
824 0
825 0
826 0
827 1
828 1
829 1
830 0
831 0
832 0
833 1
834 0
835 1
836 2
837 1
838 2
839 1
840 0
841 1
842 2
843 1
844 0
845 1
846 0
847 1
848 1
849 2
850 1
851 2
852 1
853 0
854 0
855 1
856 0
857 2
858 0
859 1
860 2
861 1
862 1
863 0
864 0
865 1
866 2
867 1
868 2
869 0
870 2
871 1
872 1
873 0
874 1
875 0
876 0
877 0
878 0
879 2
880 2
881 3
882 1
883 3
884 0
885 1
886 0
887 1
888 0
889 1
890 1
891 0
892 1
893 1
894 2
895 4
896 2
897 2
898 2
899 0
900 0
901 2
902 0
903 0
904 2
905 0
906 1
907 0
908 1
909 2
910 0
911 0
912 1
913 1
914 1
915 1
916 1
917 3
918 2
919 0
920 2
921 2
922 1
923 1
924 1
925 0
926 0
927 2
928 1
929 0
930 0
931 3
932 0
933 2
934 0
935 1
936 0
937 3
938 0
939 0
940 2
941 1
942 0
943 0
944 0
945 0
946 1
947 1
948 0
949 1
950 1
951 0
952 2
953 0
954 1
955 1
956 1
957 0
958 2
959 1
960 1
961 1
962 0
963 2
964 1
965 1
966 0
967 1
968 3
969 1
970 0
971 3
972 2
973 2
974 3
975 1
976 1
977 1
978 2
979 1
980 0
981 0
982 1
983 2
984 1
985 2
986 1
987 2
988 1
989 0
990 2
991 1
992 0
993 2
994 1
995 0
996 0
997 0
998 1
999 0
1000 1
1001 0
0 2
1 2
2 4
3 4
4 3
5 2
6 2
7 2
8 2
9 3
10 2
11 2
12 3
13 2
14 2
15 2
16 3
17 1
18 3
19 3
20 1
21 1
22 2
23 2
24 2
25 3
26 2
27 4
28 3
29 2
30 3
31 3
32 3
33 1
34 1
35 2
36 3
37 6
38 2
39 1
40 4
41 2
42 4
43 1
44 2
45 1
46 1
47 1
48 1
49 2
50 0
51 3
52 2
53 2
54 1
55 1
56 2
57 2
58 1
59 1
60 4
61 3
62 0
63 3
64 3
65 3
66 2
67 2
68 4
69 3
70 1
71 1
72 1
73 4
74 3
75 2
76 2
77 2
78 3
79 2
80 4
81 1
82 2
83 3
84 2
85 0
86 5
87 1
88 2
89 2
90 2
91 2
92 4
93 3
94 2
95 2
96 1
97 2
98 3
99 1
100 2
101 0
102 2
103 2
104 2
105 2
106 0
107 1
108 1
109 1
110 1
111 2
112 3
113 1
114 3
115 2
116 1
117 1
118 2
119 3
120 5
121 2
122 0
123 2
124 0
125 1
126 1
127 1
128 2
129 4
130 3
131 1
132 2
133 1
134 0
135 2
136 1
137 4
138 0
139 2
140 1
141 1
142 2
143 4
144 1
145 2
146 2
147 2
148 4
149 2
150 3
151 1
152 1
153 1
154 3
155 2
156 2
157 1
158 1
159 4
160 1
161 1
162 3
163 2
164 1
165 0
166 1
167 3
168 1
169 3
170 4
171 3
172 3
173 1
174 3
175 0
176 5
177 1
178 0
179 1
180 1
181 1
182 1
183 2
184 2
185 0
186 3
187 2
188 2
189 2
190 1
191 0
192 0
193 1
194 2
195 1
196 1
197 0
198 3
199 1
200 0
201 2
202 2
203 1
204 1
205 1
206 1
207 3
208 1
209 2
210 0
211 1
212 3
213 3
214 3
215 2
216 1
217 1
218 0
219 3
220 3
221 1
222 2
223 0
224 2
225 1
226 1
227 0
228 2
229 2
230 3
231 1
232 3
233 3
234 3
235 1
236 3
237 3
238 2
239 2
240 2
241 3
242 2
243 2
244 1
245 1
246 1
247 1
248 2
249 1
250 1
251 1
252 3
253 3
254 1
255 4
256 3
257 1
258 0
259 0
260 0
261 2
262 1
263 1
264 0
265 2
266 1
267 0
268 0
269 0
270 1
271 2
272 0
273 3
274 2
275 1
276 1
277 1
278 0
279 1
280 0
281 1
282 0
283 1
284 2
285 1
286 1
287 3
288 1
289 1
290 2
291 1
292 0
293 0
294 1
295 0
296 0
297 0
298 1
299 1
300 1
301 1
302 0
303 2
304 2
305 0
306 0
307 1
308 0
309 1
310 0
311 0
312 2
313 0
314 0
315 0
316 1
317 1
318 1
319 0
320 0
321 1
322 0
323 0
324 0
325 0
326 1
327 1
328 0
329 0
330 0
331 0
332 0
333 0
334 1
335 0
336 1
337 0
338 1
339 0
340 0
341 1
342 0
343 2
344 1
345 2
346 1
347 2
348 0
349 1
350 0
351 0
352 0
353 0
354 1
355 0
356 0
357 1
358 0
359 0
360 0
361 0
362 0
363 2
364 0
365 0
366 0
367 0
368 1
369 0
370 1
371 0
372 2
373 1
374 0
375 0
376 0
377 1
378 0
379 1
380 1
381 2
382 1
383 2
384 0
385 2
386 0
387 2
388 0
389 1
390 3
391 1
392 0
393 1
394 0
395 2
396 0
397 0
398 0
399 0
400 0
401 0
402 0
403 1
404 2
405 0
406 0
407 1
408 0
409 1
410 0
411 0
412 0
413 0
414 2
415 0
416 0
417 1
418 0
419 0
420 1
421 0
422 0
423 1
424 2
425 1
426 1
427 1
428 0
429 1
430 1
431 1
432 1
433 0
434 0
435 0
436 0
437 1
438 2
439 0
440 1
441 0
442 0
443 0
444 0
445 0
446 0
447 0
448 1
449 0
450 0
451 1
452 0
453 1
454 0
455 2
456 1
457 1
458 1
459 0
460 0
461 0
462 2
463 1
464 1
465 0
466 2
467 3
468 0
469 1
470 0
471 0
472 1
473 1
474 0
475 0
476 0
477 1
478 1
479 1
480 0
481 2
482 0
483 1
484 1
485 0
486 0
487 0
488 0
489 0
490 0
491 0
492 1
493 0
494 0
495 0
496 0
497 2
498 0
499 1
500 1
501 0
502 1
503 0
504 0
505 1
506 0
507 0
508 0
509 0
510 0
511 1
512 0
513 0
514 0
515 3
516 0
517 1
518 0
519 1
520 1
521 0
522 0
523 0
524 2
525 0
526 0
527 0
528 1
529 0
530 2
531 1
532 0
533 0
534 0
535 1
536 1
537 1
538 0
539 0
540 1
541 1
542 1
543 0
544 0
545 1
546 0
547 0
548 1
549 0
550 1
551 0
552 0
553 1
554 0
555 1
556 1
557 0
558 1
559 0
560 1
561 0
562 1
563 1
564 2
565 1
566 2
567 0
568 0
569 1
570 1
571 0
572 1
573 0
574 1
575 1
576 1
577 0
578 2
579 2
580 0
581 0
582 1
583 1
584 0
585 0
586 1
587 0
588 1
589 1
590 3
591 2
592 2
593 1
594 2
595 1
596 1
597 0
598 0
599 1
600 1
601 0
602 2
603 0
604 0
605 1
606 1
607 2
608 1
609 0
610 1
611 0
612 1
613 1
614 0
615 2
616 1
617 0
618 2
619 0
620 0
621 2
622 0
623 1
624 2
625 2
626 0
627 3
628 0
629 1
630 1
631 2
632 0
633 0
634 2
635 1
636 0
637 0
638 0
639 2
640 1
641 2
642 0
643 0
644 1
645 0
646 0
647 0
648 1
649 1
650 0
651 0
652 1
653 0
654 0
655 2
656 2
657 2
658 1
659 1
660 2
661 1
662 0
663 1
664 1
665 1
666 1
667 1
668 1
669 0
670 0
671 2
672 1
673 1
674 0
675 0
676 1
677 0
678 0
679 0
680 0
681 1
682 1
683 0
684 0
685 0
686 0
687 2
688 1
689 0
690 0
691 0
692 2
693 1
694 2
695 1
696 1
697 1
698 1
699 0
700 3
701 2
702 0
703 2
704 1
705 0
706 0
707 1
708 1
709 1
710 4
711 0
712 0
713 0
714 1
715 1
716 1
717 0
718 0
719 1
720 1
721 0
722 1
723 1
724 0
725 2
726 1
727 2
728 0
729 0
730 0
731 0
732 0
733 4
734 1
735 1
736 1
737 3
738 1
739 1
740 2
741 0
742 2
743 1
744 1
745 1
746 1
747 1
748 0
749 1
750 1
751 0
752 0
753 2
754 1
755 2
756 0
757 0
758 0
759 2
760 3
761 1
762 1
763 1
764 2
765 0
766 0
767 3
768 0
769 0
770 2
771 1
772 0
773 1
774 1
775 1
776 0
777 2
778 0
779 0
780 2
781 1
782 1
783 1
784 1
785 1
786 1
787 1
788 1
789 0
790 1
791 1
792 0
793 1
794 0
795 2
796 0
797 1
798 0
799 2
800 0
801 2
802 2
803 1
804 2
805 2
806 1
807 2
808 1
809 1
810 2
811 1
812 1
813 0
814 2
815 1
816 2
817 1
818 1
819 3
820 0
821 1
822 2
823 0
824 0
825 0
826 1
827 1
828 3
829 0
830 1
831 1
832 1
833 0
834 1
835 1
836 0
837 1
838 0
839 1
840 0
841 0
842 0
843 0
844 1
845 2
846 2
847 2
848 1
849 1
850 1
851 0
852 1
853 1
854 3
855 0
856 0
857 1
858 0
859 2
860 2
861 0
862 1
863 0
864 2
865 1
866 0
867 1
868 1
869 3
870 1
871 1
872 0
873 1
874 2
875 1
876 1
877 0
878 0
879 1
880 0
881 1
882 1
883 0
884 0
885 0
886 0
887 0
888 0
889 0
890 1
891 1
892 1
893 2
894 1
895 2
896 1
897 0
898 1
899 0
900 1
901 1
902 1
903 1
904 1
905 0
906 0
907 1
908 0
909 1
910 0
911 0
912 0
913 0
914 0
915 1
916 0
917 2
918 2
919 1
920 1
921 0
922 2
923 0
924 0
925 2
926 0
927 1
928 1
929 2
930 1
931 0
932 0
933 1
934 0
935 0
936 1
937 0
938 1
939 1
940 1
941 1
942 1
943 0
944 1
945 2
946 1
947 0
948 1
949 0
950 1
951 3
952 1
953 1
954 1
955 1
956 2
957 0
958 0
959 1
960 0
961 1
962 0
963 1
964 0
965 1
966 0
967 0
968 0
969 0
970 1
971 0
972 0
973 1
974 1
975 0
976 0
977 1
978 0
979 0
980 1
981 1
982 1
983 1
984 1
985 0
986 0
987 0
988 0
989 0
990 1
991 1
992 1
993 1
994 1
995 1
996 1
997 1
998 0
999 1
1000 2
1001 1
