0 10
1 10
2 4
3 6
4 7
5 7
6 8
7 9
8 7
9 4
10 6
11 7
12 7
13 8
14 9
15 7
16 7
17 9
18 7
19 9
20 10
21 9
22 8
23 4
24 3
25 5
26 6
27 7
28 8
29 4
30 5
31 6
32 8
33 8
34 11
35 6
36 5
37 8
38 8
39 7
40 6
41 6
42 8
43 4
44 8
45 4
46 7
47 11
48 6
49 6
50 8
51 7
52 8
53 5
54 4
55 7
56 7
57 6
58 8
59 7
60 5
61 6
62 9
63 7
64 6
65 3
66 5
67 4
68 6
69 10
70 7
71 6
72 4
73 5
74 9
75 6
76 5
77 6
78 7
79 3
80 5
81 8
82 7
83 5
84 6
85 7
86 5
87 10
88 6
89 6
90 6
91 3
92 7
93 9
94 6
95 5
96 5
97 5
98 8
99 6
100 4
101 3
102 7
103 5
104 6
105 6
106 5
107 7
108 6
109 9
110 7
111 6
112 7
113 3
114 5
115 6
116 9
117 4
118 7
119 5
120 6
121 4
122 4
123 6
124 5
125 6
126 7
127 8
128 8
129 4
130 6
131 7
132 11
133 5
134 8
135 10
136 10
137 9
138 10
139 7
140 8
141 8
142 7
143 9
144 7
145 8
146 7
147 8
148 8
149 8
150 8
151 7
152 9
153 10
154 8
155 10
156 10
157 9
158 8
159 5
160 7
161 3
162 8
163 10
164 6
165 9
166 4
167 9
168 9
169 8
170 9
171 8
172 9
173 5
174 9
175 10
176 10
177 4
178 7
179 6
180 8
181 7
182 8
183 5
184 6
185 5
186 6
187 7
188 9
189 10
190 9
191 8
192 6
193 8
194 9
195 8
196 6
197 9
198 7
199 9
200 8
201 7
202 8
203 8
204 7
205 4
206 8
207 8
208 7
209 5
210 9
211 5
212 8
213 7
214 4
215 8
216 6
217 7
218 8
219 9
220 7
221 8
222 7
223 8
224 7
225 9
226 8
227 7
228 8
229 8
230 8
231 9
232 9
233 9
234 7
235 5
236 8
237 8
238 9
239 5
240 8
241 8
242 5
243 5
244 5
245 6
246 4
247 6
248 9
249 8
250 8
251 7
252 7
253 8
254 9
255 6
256 7
257 10
258 8
259 5
260 6
261 5
262 5
263 7
264 7
265 10
266 8
267 8
268 10
269 8
270 9
271 11
272 3
273 5
274 5
275 8
276 6
277 7
278 7
279 6
280 7
281 8
282 10
283 9
284 8
285 6
286 10
287 8
288 8
289 10
290 7
291 7
292 8
293 9
294 6
295 10
296 5
297 8
298 9
299 9
300 10
301 10
302 7
303 10
304 7
305 11
306 7
307 7
308 12
309 8
310 8
311 9
312 7
313 7
314 11
315 9
316 8
317 6
318 8
319 8
320 7
321 4
322 5
323 9
324 10
325 6
326 9
327 8
328 7
329 6
330 5
331 8
332 7
333 7
334 6
335 9
336 5
337 8
338 8
339 8
340 7
341 6
342 7
343 4
344 4
345 3
346 10
347 4
348 6
349 6
350 8
351 7
352 8
353 4
354 6
355 7
356 7
357 4
358 4
359 9
360 5
361 8
362 5
363 8
364 10
365 5
366 5
367 6
368 9
369 5
370 7
371 7
372 5
373 5
374 6
375 5
376 6
377 6
378 8
379 5
380 5
381 6
382 6
383 6
384 6
385 7
386 3
387 4
388 7
389 4
390 7
391 9
392 8
393 7
394 5
395 6
396 10
397 6
398 6
399 8
400 8
401 8
402 10
403 10
404 7
405 9
406 6
407 5
408 5
409 7
410 7
411 7
412 8
413 7
414 8
415 7
416 5
417 7
418 4
419 8
420 8
421 6
422 9
423 7
424 6
425 7
426 9
427 7
428 8
429 5
430 4
431 7
432 7
433 6
434 6
435 7
436 6
437 10
438 6
439 7
440 8
441 7
442 6
443 3
444 3
445 3
446 7
447 6
448 3
449 7
450 8
451 7
452 7
453 4
454 6
455 5
456 8
457 7
458 8
459 9
460 8
461 6
462 5
463 8
464 6
465 7
466 8
467 7
468 8
469 3
470 4
471 5
472 5
473 4
474 5
475 3
476 6
477 5
478 6
479 9
480 3
481 5
482 7
483 8
484 6
485 9
486 7
487 7
488 7
489 8
490 9
491 6
492 6
493 5
494 2
495 8
496 6
497 8
498 5
499 5
500 8
501 3
502 5
503 4
504 5
505 8
506 8
507 4
508 5
509 4
510 4
511 6
512 5
513 6
514 6
515 8
516 4
517 9
518 6
519 4
520 7
521 9
522 6
523 10
524 6
525 4
526 4
527 7
528 9
529 5
530 6
531 5
532 8
533 7
534 10
535 10
536 10
537 11
538 4
539 7
540 8
541 6
542 4
543 9
544 10
545 9
546 9
547 7
548 9
549 8
550 8
551 7
552 10
553 10
554 9
555 12
556 8
557 7
558 9
559 7
560 9
561 7
562 7
563 7
564 9
565 8
566 5
567 5
568 8
569 7
570 10
571 7
572 10
573 10
574 9
575 8
576 10
577 8
578 7
579 7
580 8
581 6
582 8
583 8
584 6
585 6
586 6
587 3
588 4
589 6
590 6
591 8
592 7
593 6
594 8
595 7
596 6
597 7
598 10
599 5
600 8
601 6
602 8
603 8
604 9
605 7
606 10
607 10
608 7
609 8
610 5
611 6
612 9
613 5
614 6
615 10
616 8
617 8
618 5
619 4
620 5
621 9
622 9
623 4
624 8
625 9
626 9
627 8
628 6
629 8
630 10
631 7
632 6
633 7
634 4
635 4
636 7
637 7
638 8
639 5
640 9
641 6
642 6
643 9
644 9
645 2
646 8
647 8
648 8
649 6
650 7
651 3
652 8
653 7
654 8
655 9
656 6
657 8
658 6
659 8
660 11
661 8
662 7
663 8
664 9
665 6
666 9
667 8
668 11
669 6
670 8
671 8
672 9
673 7
674 12
675 7
676 8
677 10
678 10
679 4
680 8
681 8
682 8
683 9
684 7
685 7
686 9
687 6
688 7
689 6
690 7
691 10
692 4
693 5
694 7
695 7
696 7
697 9
698 7
699 6
700 8
701 7
702 9
703 7
704 7
705 8
706 3
707 7
708 4
709 7
710 12
711 2
712 7
713 8
714 5
715 7
716 4
717 7
718 6
719 7
720 9
721 5
722 4
723 6
724 7
725 9
726 5
727 8
728 8
729 10
730 9
731 8
732 7
733 7
734 5
735 7
736 10
737 6
738 7
739 5
740 8
741 7
742 5
743 9
744 9
745 6
746 8
747 5
748 7
749 6
750 6
751 6
752 9
753 7
754 8
755 3
756 7
757 8
758 6
759 7
760 10
761 7
762 7
763 9
764 8
765 10
766 8
767 7
768 7
769 5
770 9
771 7
772 2
773 9
774 7
775 7
776 5
777 6
778 9
779 10
780 9
781 10
782 8
783 6
784 6
785 7
786 6
787 6
788 5
789 8
790 8
791 4
792 4
793 4
794 7
795 5
796 8
797 10
798 6
799 7
800 8
801 6
802 5
803 8
804 4
805 7
806 8
807 9
808 9
809 6
810 9
811 7
812 8
813 8
814 9
815 8
816 8
817 8
818 6
819 8
820 8
821 9
822 8
823 7
824 10
825 8
826 7
827 6
828 7
829 11
830 7
831 4
832 7
833 8
834 8
835 5
836 9
837 8
838 6
839 5
840 8
841 6
842 7
843 6
844 6
845 8
846 8
847 7
848 5
849 9
850 7
851 7
852 3
853 6
854 7
855 8
856 7
857 6
858 8
859 6
860 7
861 7
862 6
863 9
864 10
865 7
866 7
867 5
868 10
869 8
870 9
871 7
872 9
873 4
874 5
875 7
876 6
877 6
878 9
879 4
880 9
881 3
882 9
883 10
884 9
885 6
886 7
887 8
888 9
889 9
890 10
891 8
892 5
893 6
894 6
895 7
896 6
897 8
898 8
899 6
900 6
901 7
902 6
903 6
904 4
905 7
906 10
907 7
908 7
909 11
910 8
911 9
912 6
913 9
914 7
915 5
916 8
917 6
918 5
919 8
920 6
921 9
922 7
923 3
924 7
925 9
926 9
927 4
928 8
929 4
930 6
931 7
932 6
933 6
934 5
935 5
936 7
937 7
938 7
939 7
940 7
941 9
942 5
943 7
944 9
945 8
946 5
947 6
948 5
949 8
950 8
951 8
952 9
953 5
954 10
955 5
956 1
957 4
958 8
959 6
960 5
961 9
962 6
963 9
964 8
965 7
966 5
967 12
968 9
969 4
970 8
971 5
972 8
973 7
974 6
975 8
976 9
977 5
978 8
979 8
980 6
981 8
982 6
983 7
984 8
985 7
986 6
987 10
988 6
989 10
990 5
991 6
992 4
993 6
994 5
995 6
996 7
997 8
998 5
999 7
1000 8
1001 9
0 9
1 9
2 7
3 9
4 4
5 6
6 5
7 5
8 6
9 6
10 7
11 7
12 7
13 7
14 4
15 6
16 4
17 7
18 10
19 6
20 5
21 7
22 8
23 5
24 12
25 9
26 7
27 7
28 8
29 7
30 8
31 4
32 9
33 6
34 10
35 7
36 7
37 4
38 6
39 11
40 6
41 5
42 7
43 7
44 6
45 7
46 7
47 8
48 3
49 6
50 5
51 7
52 5
53 8
54 8
55 8
56 7
57 3
58 7
59 5
60 7
61 9
62 7
63 5
64 7
65 4
66 6
67 5
68 1
69 8
70 5
71 4
72 4
73 8
74 8
75 6
76 5
77 3
78 6
79 4
80 8
81 8
82 8
83 6
84 6
85 4
86 5
87 7
88 4
89 5
90 7
91 4
92 5
93 3
94 6
95 4
96 7
97 10
98 5
99 8
100 7
101 5
102 9
103 10
104 9
105 4
106 6
107 6
108 6
109 7
110 8
111 8
112 8
113 3
114 4
115 5
116 8
117 6
118 5
119 7
120 2
121 1
122 7
123 4
124 6
125 5
126 8
127 3
128 6
129 5
130 4
131 5
132 5
133 8
134 6
135 5
136 4
137 6
138 11
139 5
140 5
141 4
142 8
143 7
144 6
145 5
146 5
147 5
148 2
149 7
150 4
151 6
152 6
153 7
154 5
155 8
156 7
157 4
158 9
159 5
160 6
161 5
162 8
163 7
164 10
165 5
166 5
167 4
168 4
169 5
170 6
171 5
172 4
173 6
174 4
175 4
176 5
177 5
178 5
179 6
180 8
181 4
182 7
183 5
184 6
185 4
186 7
187 6
188 7
189 5
190 6
191 7
192 4
193 7
194 3
195 6
196 6
197 7
198 4
199 9
200 6
201 5
202 5
203 4
204 6
205 5
206 6
207 4
208 6
209 4
210 6
211 6
212 7
213 5
214 5
215 2
216 3
217 7
218 7
219 6
220 7
221 5
222 7
223 6
224 6
225 7
226 5
227 7
228 7
229 5
230 9
231 4
232 7
233 6
234 5
235 7
236 8
237 5
238 5
239 6
240 7
241 7
242 4
243 4
244 4
245 2
246 3
247 4
248 5
249 9
250 5
251 5
252 5
253 6
254 4
255 6
256 5
257 8
258 6
259 4
260 5
261 3
262 2
263 4
264 4
265 3
266 4
267 6
268 8
269 6
270 4
271 2
272 6
273 8
274 7
275 8
276 4
277 5
278 4
279 7
280 5
281 6
282 4
283 5
284 5
285 9
286 5
287 8
288 4
289 7
290 4
291 5
292 8
293 8
294 1
295 5
296 5
297 4
298 3
299 3
300 5
301 5
302 6
303 6
304 7
305 7
306 7
307 6
308 5
309 5
310 4
311 7
312 6
313 6
314 7
315 5
316 5
317 8
318 5
319 8
320 6
321 7
322 7
323 4
324 8
325 7
326 2
327 7
328 5
329 10
330 7
331 7
332 2
333 8
334 6
335 2
336 6
337 4
338 4
339 8
340 5
341 3
342 6
343 6
344 3
345 6
346 6
347 7
348 6
349 6
350 4
351 5
352 5
353 8
354 8
355 5
356 3
357 8
358 6
359 8
360 4
361 5
362 3
363 6
364 5
365 6
366 6
367 6
368 6
369 9
370 6
371 7
372 7
373 8
374 5
375 7
376 5
377 6
378 5
379 4
380 5
381 6
382 5
383 5
384 5
385 4
386 5
387 4
388 3
389 6
390 4
391 8
392 2
393 1
394 4
395 4
396 4
397 3
398 5
399 3
400 3
401 2
402 3
403 5
404 2
405 4
406 5
407 6
408 4
409 3
410 2
411 5
412 4
413 5
414 5
415 2
416 5
417 5
418 6
419 4
420 4
421 2
422 4
423 5
424 5
425 4
426 4
427 8
428 6
429 4
430 2
431 3
432 4
433 8
434 4
435 7
436 2
437 7
438 6
439 4
440 2
441 4
442 7
443 5
444 4
445 3
446 2
447 6
448 4
449 3
450 4
451 2
452 1
453 0
454 4
455 3
456 2
457 3
458 4
459 1
460 4
461 2
462 3
463 3
464 4
465 2
466 4
467 4
468 2
469 3
470 4
471 2
472 6
473 4
474 1
475 4
476 4
477 6
478 5
479 2
480 3
481 3
482 3
483 4
484 2
485 3
486 5
487 1
488 1
489 4
490 5
491 5
492 4
493 2
494 3
495 4
496 5
497 5
498 5
499 5
500 5
501 2
502 6
503 1
504 5
505 4
506 4
507 4
508 3
509 3
510 5
511 4
512 2
513 6
514 3
515 2
516 3
517 3
518 3
519 4
520 5
521 4
522 2
523 2
524 1
525 4
526 3
527 4
528 2
529 3
530 3
531 2
532 3
533 3
534 3
535 4
536 4
537 4
538 4
539 2
540 3
541 3
542 2
543 3
544 3
545 3
546 2
547 2
548 3
549 3
550 5
551 6
552 3
553 3
554 5
555 4
556 2
557 4
558 3
559 4
560 2
561 4
562 3
563 5
564 5
565 6
566 8
567 6
568 8
569 6
570 6
571 6
572 5
573 2
574 3
575 5
576 6
577 5
578 7
579 7
580 7
581 4
582 4
583 7
584 6
585 5
586 7
587 6
588 7
589 6
590 7
591 6
592 6
593 5
594 9
595 10
596 4
597 7
598 5
599 6
600 7
601 8
602 5
603 6
604 1
605 4
606 3
607 4
608 4
609 6
610 5
611 5
612 5
613 5
614 5
615 2
616 5
617 2
618 3
619 5
620 7
621 3
622 5
623 3
624 4
625 4
626 6
627 5
628 5
629 5
630 6
631 3
632 6
633 3
634 3
635 4
636 3
637 4
638 6
639 2
640 5
641 3
642 6
643 4
644 4
645 5
646 2
647 4
648 5
649 5
650 4
651 3
652 5
653 6
654 6
655 2
656 5
657 5
658 4
659 6
660 6
661 3
662 4
663 5
664 6
665 3
666 3
667 2
668 3
669 4
670 6
671 5
672 5
673 6
674 3
675 4
676 4
677 7
678 5
679 5
680 8
681 4
682 7
683 4
684 4
685 5
686 5
687 5
688 4
689 4
690 5
691 4
692 3
693 7
694 5
695 6
696 5
697 5
698 4
699 5
700 7
701 4
702 7
703 5
704 6
705 3
706 2
707 7
708 7
709 6
710 4
711 3
712 6
713 7
714 5
715 4
716 4
717 9
718 3
719 4
720 3
721 7
722 3
723 4
724 7
725 8
726 4
727 1
728 4
729 5
730 4
731 4
732 5
733 6
734 5
735 6
736 6
737 6
738 6
739 5
740 4
741 7
742 8
743 8
744 3
745 6
746 6
747 6
748 6
749 7
750 4
751 4
752 6
753 4
754 5
755 3
756 7
757 9
758 8
759 7
760 5
761 4
762 7
763 6
764 6
765 5
766 5
767 5
768 5
769 4
770 4
771 6
772 8
773 4
774 5
775 6
776 5
777 10
778 7
779 4
780 7
781 9
782 4
783 6
784 6
785 6
786 6
787 8
788 8
789 6
790 4
791 4
792 7
793 6
794 7
795 8
796 7
797 5
798 7
799 5
800 5
801 5
802 6
803 6
804 7
805 5
806 6
807 9
808 7
809 4
810 6
811 10
812 5
813 5
814 4
815 7
816 3
817 4
818 6
819 5
820 2
821 5
822 5
823 8
824 7
825 5
826 7
827 5
828 4
829 7
830 6
831 4
832 5
833 5
834 6
835 5
836 2
837 7
838 8
839 6
840 8
841 10
842 5
843 7
844 6
845 6
846 6
847 5
848 7
849 5
850 6
851 7
852 6
853 7
854 3
855 8
856 6
857 4
858 6
859 4
860 6
861 4
862 4
863 4
864 8
865 5
866 4
867 6
868 5
869 9
870 4
871 6
872 5
873 7
874 7
875 8
876 8
877 7
878 9
879 5
880 8
881 7
882 2
883 7
884 7
885 5
886 6
887 6
888 5
889 4
890 7
891 7
892 8
893 6
894 8
895 6
896 5
897 7
898 9
899 7
900 6
901 7
902 7
903 6
904 6
905 6
906 8
907 8
908 5
909 5
910 5
911 6
912 6
913 6
914 6
915 4
916 5
917 7
918 4
919 7
920 3
921 6
922 3
923 4
924 6
925 8
926 7
927 4
928 5
929 7
930 3
931 6
932 6
933 6
934 3
935 4
936 5
937 4
938 8
939 5
940 5
941 7
942 5
943 7
944 4
945 7
946 8
947 7
948 8
949 6
950 6
951 5
952 7
953 6
954 7
955 5
956 5
957 6
958 4
959 6
960 7
961 6
962 6
963 6
964 4
965 6
966 4
967 7
968 5
969 4
970 2
971 3
972 3
973 2
974 5
975 2
976 5
977 5
978 5
979 5
980 5
981 4
982 2
983 4
984 4
985 5
986 5
987 4
988 3
989 4
990 4
991 4
992 3
993 5
994 5
995 5
996 5
997 5
998 6
999 5
1000 5
1001 8
0 10
1 9
2 8
3 8
4 8
5 7
6 5
7 8
8 9
9 9
10 8
11 6
12 10
13 10
14 8
15 8
16 4
17 7
18 5
19 7
20 10
21 6
22 10
23 11
24 6
25 10
26 12
27 9
28 9
29 7
30 2
31 5
32 7
33 7
34 10
35 9
36 9
37 10
38 6
39 6
40 5
41 10
42 9
43 9
44 8
45 8
46 8
47 7
48 8
49 5
50 7
51 9
52 10
53 8
54 9
55 10
56 10
57 7
58 10
59 10
60 8
61 9
62 8
63 6
64 11
65 12
66 8
67 9
68 10
69 10
70 9
71 8
72 7
73 5
74 9
75 7
76 7
77 10
78 8
79 8
80 8
81 9
82 6
83 11
84 7
85 9
86 7
87 6
88 6
89 9
90 7
91 11
92 11
93 5
94 9
95 8
96 8
97 11
98 10
99 9
100 8
101 12
102 10
103 9
104 6
105 6
106 8
107 7
108 9
109 11
110 9
111 4
112 7
113 12
114 7
115 9
116 6
117 10
118 9
119 9
120 8
121 10
122 11
123 7
124 7
125 10
126 10
127 6
128 8
129 7
130 10
131 10
132 8
133 9
134 8
135 9
136 9
137 7
138 7
139 8
140 8
141 8
142 7
143 7
144 10
145 6
146 9
147 8
148 10
149 11
150 7
151 10
152 13
153 7
154 9
155 10
156 9
157 8
158 8
159 10
160 11
161 8
162 8
163 8
164 6
165 7
166 10
167 10
168 8
169 10
170 9
171 9
172 6
173 8
174 8
175 5
176 9
177 9
178 9
179 6
180 10
181 10
182 8
183 11
184 3
185 8
186 9
187 12
188 10
189 7
190 10
191 11
192 9
193 8
194 6
195 11
196 6
197 10
198 7
199 12
200 7
201 10
202 7
203 8
204 11
205 12
206 7
207 10
208 10
209 7
210 9
211 9
212 7
213 8
214 12
215 11
216 8
217 7
218 11
219 10
220 9
221 7
222 10
223 10
224 9
225 9
226 12
227 12
228 9
229 10
230 9
231 10
232 7
233 10
234 7
235 10
236 5
237 9
238 8
239 7
240 11
241 6
242 9
243 4
244 7
245 7
246 9
247 7
248 6
249 6
250 10
251 7
252 10
253 10
254 9
255 8
256 10
257 8
258 9
259 12
260 6
261 10
262 10
263 9
264 9
265 9
266 8
267 8
268 7
269 8
270 9
271 10
272 9
273 7
274 7
275 8
276 4
277 10
278 7
279 9
280 5
281 10
282 8
283 9
284 11
285 9
286 12
287 9
288 9
289 11
290 11
291 9
292 8
293 8
294 11
295 10
296 8
297 8
298 9
299 7
300 12
301 10
302 6
303 7
304 7
305 12
306 8
307 6
308 5
309 8
310 9
311 12
312 9
313 9
314 10
315 7
316 10
317 8
318 10
319 10
320 10
321 9
322 7
323 8
324 7
325 8
326 8
327 9
328 11
329 11
330 8
331 8
332 6
333 10
334 10
335 8
336 10
337 6
338 7
339 6
340 9
341 8
342 10
343 8
344 7
345 6
346 8
347 10
348 8
349 9
350 7
351 5
352 9
353 3
354 10
355 9
356 8
357 7
358 9
359 8
360 7
361 10
362 4
363 8
364 10
365 6
366 13
367 12
368 7
369 9
370 9
371 8
372 11
373 8
374 10
375 11
376 9
377 11
378 11
379 10
380 7
381 10
382 9
383 10
384 10
385 8
386 9
387 4
388 8
389 6
390 8
391 6
392 7
393 7
394 7
395 8
396 6
397 7
398 8
399 5
400 9
401 7
402 9
403 11
404 6
405 6
406 8
407 5
408 8
409 7
410 7
411 9
412 8
413 5
414 6
415 8
416 9
417 9
418 10
419 5
420 10
421 9
422 12
423 10
424 7
425 8
426 11
427 10
428 11
429 7
430 8
431 9
432 7
433 9
434 9
435 7
436 10
437 13
438 10
439 9
440 10
441 9
442 9
443 9
444 11
445 11
446 4
447 10
448 7
449 10
450 9
451 6
452 8
453 9
454 7
455 10
456 10
457 12
458 11
459 8
460 9
461 9
462 8
463 9
464 11
465 3
466 10
467 10
468 11
469 10
470 9
471 10
472 7
473 4
474 5
475 7
476 6
477 7
478 8
479 8
480 9
481 10
482 7
483 3
484 3
485 10
486 7
487 4
488 7
489 6
490 6
491 6
492 8
493 6
494 9
495 6
496 9
497 10
498 8
499 8
500 9
501 8
502 5
503 7
504 8
505 6
506 6
507 6
508 9
509 5
510 9
511 7
512 8
513 9
514 7
515 8
516 9
517 8
518 10
519 5
520 8
521 7
522 10
523 10
524 7
525 5
526 9
527 8
528 5
529 7
530 8
531 9
532 8
533 6
534 9
535 9
536 11
537 6
538 6
539 10
540 11
541 8
542 8
543 10
544 6
545 10
546 9
547 7
548 6
549 5
550 7
551 4
552 10
553 7
554 8
555 7
556 5
557 8
558 7
559 5
560 6
561 6
562 10
563 9
564 7
565 8
566 11
567 7
568 4
569 7
570 9
571 5
572 9
573 7
574 9
575 8
576 6
577 10
578 11
579 9
580 7
581 9
582 8
583 8
584 8
585 3
586 8
587 5
588 6
589 8
590 7
591 6
592 9
593 7
594 7
595 6
596 4
597 10
598 7
599 6
600 7
601 8
602 6
603 7
604 3
605 9
606 6
607 7
608 9
609 7
610 4
611 6
612 6
613 9
614 6
615 7
616 4
617 6
618 4
619 4
620 5
621 6
622 7
623 4
624 7
625 7
626 6
627 8
628 9
629 6
630 7
631 4
632 9
633 7
634 11
635 8
636 5
637 8
638 7
639 9
640 8
641 6
642 6
643 6
644 8
645 8
646 7
647 10
648 9
649 8
650 5
651 9
652 9
653 6
654 7
655 6
656 5
657 10
658 8
659 5
660 6
661 7
662 12
663 8
664 5
665 4
666 9
667 6
668 9
669 8
670 7
671 10
672 7
673 8
674 8
675 9
676 9
677 8
678 7
679 9
680 8
681 9
682 7
683 9
684 8
685 6
686 10
687 7
688 8
689 7
690 7
691 10
692 10
693 7
694 8
695 11
696 9
697 7
698 9
699 9
700 6
701 11
702 7
703 9
704 8
705 10
706 9
707 7
708 9
709 5
710 9
711 10
712 8
713 10
714 8
715 8
716 10
717 11
718 9
719 6
720 8
721 11
722 11
723 10
724 10
725 9
726 8
727 9
728 6
729 10
730 9
731 10
732 8
733 9
734 8
735 10
736 6
737 9
738 6
739 7
740 8
741 6
742 4
743 7
744 9
745 7
746 9
747 10
748 5
749 7
750 10
751 6
752 9
753 6
754 9
755 6
756 8
757 6
758 7
759 8
760 7
761 7
762 6
763 8
764 7
765 8
766 9
767 6
768 9
769 7
770 6
771 7
772 6
773 7
774 9
775 6
776 4
777 9
778 5
779 7
780 8
781 5
782 9
783 7
784 8
785 7
786 8
787 7
788 8
789 6
790 7
791 6
792 7
793 7
794 12
795 6
796 5
797 3
798 7
799 11
800 9
801 6
802 9
803 8
804 8
805 8
806 8
807 8
808 9
809 9
810 7
811 11
812 12
813 6
814 8
815 8
816 6
817 7
818 5
819 7
820 8
821 6
822 8
823 7
824 7
825 6
826 4
827 7
828 8
829 7
830 7
831 5
832 5
833 9
834 8
835 8
836 7
837 10
838 8
839 9
840 10
841 6
842 5
843 6
844 7
845 8
846 11
847 4
848 6
849 5
850 7
851 7
852 8
853 11
854 6
855 9
856 8
857 5
858 8
859 6
860 11
861 9
862 8
863 5
864 6
865 5
866 8
867 6
868 7
869 9
870 5
871 7
872 7
873 5
874 5
875 4
876 6
877 10
878 8
879 8
880 6
881 6
882 7
883 8
884 6
885 7
886 6
887 6
888 5
889 8
890 4
891 4
892 5
893 7
894 7
895 6
896 4
897 5
898 3
899 7
900 8
901 3
902 6
903 11
904 8
905 7
906 7
907 7
908 5
909 6
910 6
911 10
912 6
913 7
914 6
915 7
916 4
917 5
918 5
919 4
920 5
921 6
922 9
923 6
924 7
925 7
926 8
927 4
928 7
929 8
930 6
931 6
932 8
933 9
934 6
935 7
936 7
937 9
938 6
939 8
940 9
941 5
942 5
943 9
944 8
945 10
946 10
947 8
948 10
949 11
950 7
951 9
952 7
953 6
954 7
955 7
956 6
957 5
958 9
959 6
960 6
961 7
962 5
963 3
964 9
965 6
966 5
967 6
968 6
969 6
970 7
971 11
972 5
973 9
974 8
975 7
976 6
977 6
978 4
979 8
980 7
981 5
982 4
983 5
984 6
985 7
986 6
987 4
988 6
989 8
990 2
991 4
992 5
993 4
994 5
995 5
996 5
997 8
998 5
999 6
1000 5
1001 5
0 5
1 5
2 12
3 9
4 11
5 13
6 10
7 12
8 10
9 12
10 4
11 7
12 10
13 9
14 10
15 9
16 10
17 8
18 9
19 11
20 11
21 10
22 12
23 11
24 7
25 10
26 8
27 6
28 12
29 8
30 7
31 7
32 8
33 10
34 9
35 10
36 11
37 11
38 7
39 9
40 10
41 10
42 11
43 9
44 10
45 4
46 5
47 10
48 9
49 3
50 8
51 10
52 12
53 9
54 10
55 10
56 8
57 12
58 8
59 10
60 13
61 10
62 11
63 7
64 9
65 7
66 7
67 10
68 11
69 8
70 11
71 13
72 10
73 8
74 10
75 11
76 7
77 11
78 9
79 15
80 9
81 9
82 7
83 7
84 9
85 10
86 9
87 11
88 11
89 10
90 12
91 10
92 10
93 10
94 6
95 8
96 11
97 6
98 9
99 12
100 7
101 8
102 10
103 8
104 9
105 10
106 8
107 8
108 8
109 9
110 5
111 8
112 7
113 5
114 5
115 4
116 8
117 7
118 10
119 10
120 7
121 7
122 5
123 5
124 6
125 6
126 7
127 8
128 5
129 6
130 5
131 6
132 8
133 6
134 6
135 7
136 6
137 4
138 4
139 7
140 9
141 7
142 6
143 5
144 9
145 1
146 4
147 4
148 5
149 7
150 7
151 6
152 5
153 4
154 8
155 6
156 7
157 9
158 6
159 5
160 5
161 3
162 6
163 5
164 9
165 6
166 4
167 7
168 5
169 6
170 7
171 9
172 7
173 6
174 7
175 8
176 10
177 10
178 8
179 6
180 7
181 7
182 7
183 9
184 11
185 5
186 5
187 11
188 9
189 9
190 8
191 5
192 6
193 8
194 8
195 7
196 9
197 11
198 7
199 9
200 10
201 8
202 8
203 11
204 12
205 9
206 10
207 9
208 9
209 7
210 7
211 11
212 12
213 9
214 10
215 9
216 11
217 9
218 12
219 10
220 9
221 8
222 9
223 11
224 11
225 11
226 13
227 15
228 9
229 9
230 11
231 11
232 10
233 9
234 11
235 11
236 11
237 8
238 9
239 8
240 6
241 8
242 6
243 9
244 7
245 7
246 6
247 9
248 9
249 10
250 10
251 10
252 7
253 10
254 8
255 10
256 7
257 8
258 9
259 8
260 7
261 7
262 8
263 9
264 8
265 9
266 11
267 9
268 9
269 7
270 9
271 9
272 9
273 6
274 8
275 7
276 8
277 9
278 10
279 9
280 7
281 11
282 8
283 8
284 7
285 9
286 10
287 8
288 8
289 11
290 6
291 8
292 7
293 9
294 7
295 12
296 8
297 9
298 8
299 10
300 7
301 8
302 10
303 7
304 5
305 11
306 6
307 9
308 7
309 6
310 9
311 7
312 10
313 7
314 9
315 9
316 11
317 10
318 10
319 7
320 7
321 8
322 11
323 10
324 5
325 11
326 7
327 8
328 5
329 4
330 12
331 7
332 4
333 7
334 9
335 11
336 7
337 7
338 7
339 8
340 8
341 8
342 6
343 8
344 6
345 8
346 8
347 9
348 8
349 4
350 9
351 7
352 10
353 9
354 8
355 5
356 9
357 6
358 6
359 9
360 6
361 10
362 6
363 10
364 8
365 7
366 8
367 7
368 6
369 4
370 8
371 4
372 5
373 8
374 6
375 8
376 7
377 8
378 6
379 8
380 5
381 8
382 6
383 8
384 4
385 8
386 4
387 6
388 5
389 7
390 7
391 8
392 7
393 6
394 7
395 7
396 10
397 10
398 8
399 8
400 4
401 6
402 6
403 7
404 8
405 8
406 8
407 9
408 6
409 7
410 5
411 9
412 7
413 5
414 7
415 8
416 7
417 7
418 6
419 5
420 7
421 8
422 5
423 5
424 7
425 4
426 6
427 10
428 6
429 4
430 5
431 6
432 5
433 6
434 6
435 9
436 3
437 4
438 6
439 6
440 7
441 4
442 7
443 5
444 4
445 7
446 7
447 6
448 5
449 6
450 5
451 6
452 6
453 6
454 5
455 4
456 5
457 8
458 5
459 6
460 6
461 5
462 7
463 4
464 6
465 6
466 8
467 7
468 3
469 4
470 7
471 3
472 5
473 6
474 6
475 5
476 5
477 4
478 5
479 8
480 3
481 7
482 8
483 4
484 6
485 6
486 7
487 4
488 7
489 7
490 7
491 5
492 5
493 3
494 4
495 4
496 3
497 4
498 5
499 5
500 5
501 5
502 6
503 3
504 3
505 7
506 7
507 5
508 7
509 6
510 6
511 7
512 6
513 7
514 5
515 7
516 4
517 7
518 5
519 8
520 6
521 5
522 5
523 6
524 7
525 3
526 6
527 7
528 9
529 5
530 7
531 5
532 8
533 8
534 6
535 6
536 8
537 8
538 5
539 7
540 8
541 7
542 7
543 4
544 9
545 8
546 7
547 7
548 7
549 7
550 7
551 5
552 4
553 5
554 6
555 3
556 5
557 6
558 5
559 4
560 4
561 4
562 4
563 5
564 5
565 6
566 4
567 5
568 4
569 6
570 6
571 6
572 5
573 7
574 4
575 5
576 4
577 3
578 5
579 2
580 4
581 8
582 5
583 6
584 6
585 5
586 5
587 4
588 5
589 6
590 7
591 6
592 7
593 5
594 8
595 5
596 6
597 4
598 5
599 4
600 3
601 6
602 5
603 6
604 6
605 4
606 5
607 5
608 4
609 6
610 5
611 3
612 5
613 4
614 6
615 3
616 4
617 2
618 4
619 4
620 1
621 3
622 5
623 4
624 4
625 5
626 2
627 4
628 3
629 5
630 6
631 4
632 7
633 6
634 6
635 7
636 6
637 6
638 5
639 5
640 3
641 4
642 2
643 2
644 1
645 0
646 3
647 3
648 4
649 5
650 3
651 5
652 4
653 4
654 1
655 5
656 5
657 6
658 4
659 1
660 3
661 3
662 3
663 4
664 2
665 3
666 2
667 5
668 4
669 5
670 2
671 4
672 2
673 5
674 4
675 4
676 3
677 5
678 3
679 3
680 1
681 4
682 5
683 7
684 5
685 4
686 5
687 5
688 6
689 4
690 1
691 4
692 7
693 7
694 4
695 3
696 5
697 6
698 1
699 3
700 3
701 3
702 3
703 3
704 7
705 5
706 5
707 6
708 3
709 5
710 5
711 3
712 5
713 5
714 4
715 5
716 3
717 4
718 4
719 4
720 3
721 3
722 3
723 5
724 2
725 5
726 6
727 4
728 5
729 4
730 4
731 5
732 4
733 4
734 3
735 3
736 2
737 1
738 2
739 4
740 6
741 4
742 6
743 4
744 3
745 4
746 3
747 2
748 2
749 3
750 3
751 2
752 5
753 4
754 3
755 3
756 4
757 5
758 5
759 3
760 3
761 4
762 5
763 8
764 7
765 4
766 4
767 5
768 5
769 6
770 3
771 2
772 4
773 2
774 3
775 2
776 3
777 2
778 2
779 4
780 3
781 4
782 2
783 4
784 4
785 2
786 5
787 4
788 4
789 4
790 2
791 5
792 7
793 3
794 6
795 4
796 4
797 6
798 5
799 6
800 3
801 6
802 7
803 6
804 8
805 7
806 6
807 6
808 4
809 2
810 5
811 6
812 3
813 3
814 5
815 4
816 7
817 5
818 2
819 4
820 4
821 3
822 4
823 3
824 6
825 4
826 4
827 3
828 2
829 4
830 3
831 2
832 4
833 2
834 2
835 5
836 4
837 4
838 6
839 2
840 6
841 4
842 3
843 5
844 5
845 4
846 3
847 3
848 4
849 3
850 3
851 1
852 4
853 6
854 6
855 2
856 3
857 6
858 5
859 1
860 4
861 4
862 4
863 2
864 5
865 3
866 2
867 4
868 5
869 2
870 4
871 4
872 4
873 1
874 3
875 4
876 3
877 4
878 3
879 3
880 2
881 4
882 2
883 2
884 5
885 6
886 5
887 3
888 3
889 3
890 2
891 2
892 2
893 4
894 3
895 5
896 3
897 2
898 6
899 4
900 4
901 4
902 5
903 2
904 3
905 3
906 4
907 6
908 4
909 5
910 3
911 4
912 2
913 4
914 2
915 4
916 3
917 4
918 4
919 4
920 3
921 6
922 5
923 5
924 3
925 3
926 5
927 7
928 7
929 3
930 4
931 5
932 5
933 4
934 4
935 5
936 4
937 2
938 3
939 4
940 6
941 5
942 3
943 3
944 4
945 3
946 2
947 2
948 5
949 6
950 4
951 3
952 7
953 1
954 6
955 6
956 3
957 1
958 4
959 4
960 5
961 7
962 6
963 7
964 6
965 3
966 5
967 6
968 7
969 5
970 4
971 6
972 3
973 7
974 7
975 5
976 5
977 7
978 7
979 4
980 5
981 4
982 6
983 7
984 4
985 7
986 4
987 6
988 5
989 2
990 6
991 5
992 3
993 4
994 3
995 6
996 6
997 4
998 5
999 3
1000 4
1001 4
0 7
1 10
2 11
3 10
4 5
5 6
6 5
7 6
8 6
9 6
10 6
11 5
12 8
13 7
14 10
15 4
16 7
17 5
18 9
19 4
20 7
21 6
22 7
23 7
24 6
25 11
26 8
27 6
28 11
29 5
30 10
31 9
32 7
33 6
34 5
35 9
36 6
37 9
38 6
39 8
40 11
41 8
42 8
43 8
44 9
45 9
46 7
47 5
48 9
49 9
50 7
51 9
52 7
53 6
54 6
55 9
56 8
57 7
58 7
59 9
60 7
61 7
62 8
63 7
64 7
65 9
66 8
67 4
68 6
69 7
70 8
71 4
72 10
73 6
74 9
75 5
76 5
77 7
78 7
79 7
80 8
81 8
82 8
83 5
84 9
85 6
86 5
87 4
88 7
89 7
90 7
91 6
92 3
93 7
94 8
95 8
96 5
97 6
98 6
99 5
100 7
101 7
102 7
103 5
104 8
105 8
106 6
107 10
108 6
109 7
110 5
111 7
112 7
113 8
114 9
115 7
116 7
117 7
118 7
119 7
120 5
121 10
122 9
123 8
124 8
125 6
126 9
127 7
128 8
129 7
130 5
131 6
132 9
133 7
134 7
135 8
136 8
137 8
138 5
139 8
140 8
141 6
142 6
143 8
144 9
145 6
146 11
147 7
148 10
149 9
150 9
151 8
152 8
153 9
154 8
155 8
156 7
157 9
158 11
159 11
160 9
161 8
162 6
163 7
164 5
165 8
166 11
167 11
168 8
169 8
170 9
171 8
172 9
173 9
174 13
175 9
176 8
177 7
178 7
179 9
180 7
181 8
182 7
183 10
184 5
185 7
186 10
187 9
188 7
189 5
190 4
191 7
192 9
193 8
194 7
195 9
196 10
197 9
198 9
199 11
200 9
201 7
202 7
203 9
204 10
205 8
206 7
207 9
208 10
209 9
210 7
211 7
212 10
213 8
214 6
215 7
216 9
217 8
218 8
219 10
220 8
221 8
222 9
223 10
224 12
225 9
226 8
227 10
228 7
229 11
230 8
231 9
232 11
233 10
234 9
235 9
236 8
237 9
238 11
239 8
240 10
241 10
242 8
243 8
244 8
245 10
246 11
247 9
248 7
249 11
250 8
251 9
252 10
253 9
254 10
255 10
256 12
257 11
258 10
259 7
260 10
261 8
262 9
263 8
264 10
265 7
266 10
267 9
268 7
269 9
270 12
271 10
272 8
273 6
274 9
275 12
276 6
277 8
278 11
279 10
280 8
281 10
282 10
283 9
284 12
285 9
286 6
287 9
288 11
289 10
290 10
291 10
292 7
293 6
294 11
295 7
296 9
297 8
298 8
299 8
300 11
301 10
302 7
303 12
304 9
305 8
306 10
307 12
308 9
309 10
310 14
311 8
312 11
313 7
314 9
315 11
316 10
317 10
318 9
319 8
320 10
321 8
322 4
323 8
324 9
325 5
326 10
327 6
328 7
329 11
330 9
331 13
332 10
333 10
334 7
335 10
336 8
337 8
338 12
339 9
340 8
341 9
342 9
343 9
344 9
345 9
346 10
347 9
348 6
349 6
350 6
351 9
352 7
353 9
354 8
355 9
356 5
357 7
358 8
359 7
360 9
361 6
362 5
363 9
364 8
365 6
366 6
367 5
368 10
369 11
370 5
371 5
372 6
373 8
374 5
375 9
376 8
377 9
378 8
379 9
380 8
381 7
382 5
383 8
384 6
385 7
386 9
387 9
388 4
389 9
390 8
391 6
392 7
393 8
394 8
395 7
396 7
397 8
398 9
399 6
400 11
401 7
402 9
403 8
404 9
405 13
406 8
407 10
408 5
409 9
410 6
411 8
412 8
413 6
414 11
415 4
416 8
417 6
418 6
419 8
420 11
421 8
422 6
423 9
424 10
425 7
426 10
427 9
428 8
429 8
430 7
431 10
432 8
433 6
434 8
435 10
436 10
437 7
438 7
439 6
440 6
441 8
442 8
443 7
444 7
445 10
446 6
447 6
448 6
449 4
450 8
451 6
452 11
453 9
454 8
455 7
456 9
457 7
458 6
459 5
460 4
461 9
462 12
463 8
464 8
465 11
466 11
467 10
468 8
469 10
470 10
471 7
472 9
473 7
474 9
475 9
476 6
477 10
478 10
479 9
480 11
481 6
482 6
483 11
484 8
485 8
486 7
487 9
488 7
489 8
490 11
491 9
492 9
493 7
494 8
495 6
496 10
497 12
498 10
499 9
500 7
501 7
502 9
503 3
504 9
505 8
506 7
507 8
508 10
509 6
510 10
511 9
512 8
513 11
514 6
515 10
516 10
517 6
518 8
519 8
520 5
521 12
522 7
523 12
524 9
525 5
526 9
527 9
528 7
529 9
530 12
531 7
532 8
533 11
534 9
535 7
536 7
537 9
538 9
539 7
540 5
541 12
542 9
543 10
544 7
545 11
546 8
547 11
548 9
549 9
550 9
551 7
552 8
553 6
554 9
555 8
556 7
557 6
558 12
559 6
560 11
561 9
562 9
563 9
564 10
565 8
566 8
567 8
568 7
569 9
570 4
571 8
572 10
573 8
574 9
575 10
576 10
577 9
578 8
579 4
580 8
581 7
582 12
583 10
584 11
585 5
586 5
587 8
588 8
589 7
590 6
591 9
592 9
593 9
594 6
595 9
596 7
597 8
598 9
599 7
600 10
601 10
602 7
603 7
604 10
605 10
606 11
607 7
608 10
609 9
610 6
611 10
612 7
613 8
614 6
615 10
616 6
617 7
618 12
619 8
620 8
621 6
622 7
623 9
624 9
625 10
626 7
627 11
628 12
629 10
630 5
631 8
632 5
633 8
634 5
635 8
636 7
637 9
638 6
639 7
640 9
641 7
642 8
643 9
644 7
645 11
646 8
647 7
648 8
649 6
650 10
651 8
652 8
653 10
654 7
655 7
656 7
657 6
658 6
659 7
660 6
661 8
662 8
663 7
664 8
665 8
666 8
667 6
668 7
669 9
670 8
671 8
672 6
673 6
674 9
675 7
676 6
677 6
678 5
679 10
680 7
681 8
682 7
683 9
684 8
685 7
686 7
687 7
688 8
689 7
690 8
691 7
692 11
693 7
694 6
695 7
696 6
697 8
698 6
699 10
700 14
701 11
702 4
703 9
704 8
705 6
706 8
707 8
708 8
709 10
710 8
711 9
712 9
713 6
714 6
715 10
716 8
717 10
718 9
719 10
720 10
721 8
722 10
723 9
724 6
725 10
726 8
727 7
728 6
729 9
730 8
731 6
732 9
733 8
734 7
735 11
736 6
737 8
738 8
739 13
740 6
741 11
742 10
743 10
744 10
745 8
746 10
747 9
748 9
749 8
750 10
751 7
752 8
753 11
754 7
755 11
756 10
757 9
758 10
759 10
760 9
761 10
762 5
763 9
764 9
765 11
766 10
767 11
768 11
769 11
770 13
771 8
772 10
773 9
774 11
775 10
776 11
777 10
778 13
779 10
780 12
781 10
782 11
783 10
784 10
785 11
786 8
787 9
788 9
789 10
790 10
791 10
792 12
793 10
794 12
795 13
796 10
797 9
798 8
799 14
800 12
801 12
802 12
803 10
804 9
805 12
806 11
807 11
808 10
809 11
810 10
811 12
812 12
813 9
814 11
815 11
816 13
817 12
818 8
819 11
820 12
821 11
822 8
823 8
824 10
825 9
826 10
827 10
828 12
829 10
830 12
831 13
832 12
833 11
834 12
835 7
836 11
837 13
838 7
839 9
840 11
841 8
842 8
843 7
844 11
845 8
846 11
847 8
848 11
849 6
850 6
851 5
852 11
853 9
854 7
855 11
856 8
857 10
858 9
859 8
860 10
861 9
862 5
863 10
864 10
865 9
866 13
867 7
868 10
869 14
870 9
871 10
872 9
873 8
874 9
875 10
876 8
877 8
878 9
879 9
880 9
881 8
882 11
883 9
884 8
885 10
886 9
887 10
888 10
889 11
890 11
891 9
892 9
893 10
894 12
895 8
896 10
897 11
898 8
899 9
900 9
901 10
902 9
903 5
904 9
905 9
906 10
907 9
908 3
909 7
910 5
911 10
912 8
913 7
914 7
915 7
916 9
917 8
918 8
919 8
920 7
921 7
922 5
923 8
924 6
925 6
926 9
927 7
928 10
929 7
930 8
931 11
932 10
933 6
934 9
935 11
936 10
937 6
938 9
939 8
940 10
941 7
942 6
943 9
944 10
945 10
946 7
947 8
948 11
949 9
950 7
951 11
952 8
953 9
954 10
955 7
956 7
957 9
958 7
959 10
960 9
961 8
962 8
963 9
964 10
965 9
966 8
967 10
968 10
969 9
970 11
971 7
972 10
973 6
974 7
975 9
976 9
977 13
978 9
979 10
980 9
981 6
982 9
983 9
984 10
985 9
986 10
987 9
988 10
989 8
990 8
991 5
992 11
993 12
994 9
995 9
996 11
997 9
998 9
999 8
1000 6
1001 9
0 8
1 8
2 9
3 11
4 9
5 11
6 9
7 9
8 17
9 13
10 11
11 10
12 12
13 12
14 10
15 9
16 11
17 10
18 9
19 14
20 11
21 11
22 16
23 12
24 11
25 11
26 9
27 12
28 12
29 17
30 12
31 8
32 9
33 9
34 7
35 11
36 5
37 8
38 13
39 12
40 14
41 10
42 9
43 15
44 10
45 7
46 10
47 7
48 8
49 8
50 5
51 12
52 9
53 11
54 11
55 8
56 11
57 9
58 12
59 9
60 13
61 9
62 11
63 11
64 11
65 10
66 10
67 5
68 7
69 11
70 7
71 9
72 12
73 8
74 9
75 12
76 10
77 11
78 9
79 10
80 13
81 13
82 13
83 11
84 12
85 13
86 8
87 12
88 15
89 9
90 9
91 9
92 13
93 13
94 11
95 10
96 8
97 9
98 13
99 12
100 16
101 12
102 10
103 8
104 11
105 12
106 9
107 11
108 14
109 12
110 8
111 7
112 7
113 12
114 11
115 11
116 12
117 7
118 10
119 8
120 11
121 11
122 12
123 9
124 10
125 10
126 7
127 11
128 6
129 12
130 8
131 9
132 9
133 8
134 11
135 9
136 12
137 8
138 7
139 6
140 11
141 7
142 10
143 7
144 12
145 9
146 11
147 10
148 7
149 10
150 11
151 9
152 12
153 7
154 8
155 10
156 13
157 11
158 9
159 9
160 7
161 10
162 8
163 12
164 10
165 10
166 7
167 11
168 9
169 12
170 6
171 12
172 11
173 8
174 13
175 6
176 11
177 10
178 9
179 12
180 10
181 9
182 12
183 10
184 12
185 6
186 14
187 10
188 9
189 11
190 8
191 13
192 11
193 9
194 7
195 9
196 10
197 7
198 10
199 11
200 11
201 7
202 11
203 14
204 11
205 9
206 9
207 9
208 10
209 6
210 9
211 5
212 10
213 8
214 7
215 7
216 11
217 12
218 6
219 9
220 11
221 8
222 10
223 7
224 13
225 9
226 7
227 9
228 9
229 7
230 8
231 7
232 10
233 11
234 7
235 8
236 8
237 8
238 7
239 10
240 8
241 13
242 9
243 9
244 6
245 12
246 11
247 9
248 10
249 8
250 12
251 12
252 12
253 8
254 9
255 11
256 11
257 9
258 8
259 6
260 11
261 12
262 11
263 8
264 9
265 11
266 10
267 13
268 13
269 11
270 10
271 12
272 9
273 11
274 11
275 13
276 10
277 12
278 13
279 11
280 13
281 11
282 13
283 11
284 7
285 9
286 10
287 10
288 10
289 10
290 12
291 9
292 8
293 9
294 9
295 9
296 12
297 12
298 12
299 11
300 7
301 10
302 11
303 10
304 8
305 7
306 7
307 9
308 9
309 10
310 9
311 12
312 12
313 13
314 15
315 10
316 9
317 11
318 8
319 10
320 11
321 10
322 10
323 10
324 11
325 10
326 8
327 7
328 8
329 9
330 11
331 12
332 8
333 11
334 7
335 8
336 7
337 12
338 7
339 7
340 6
341 8
342 9
343 11
344 12
345 9
346 9
347 7
348 7
349 12
350 10
351 7
352 8
353 9
354 12
355 11
356 13
357 12
358 11
359 12
360 11
361 11
362 11
363 9
364 13
365 9
366 11
367 11
368 8
369 11
370 11
371 11
372 6
373 8
374 10
375 8
376 10
377 14
378 8
379 9
380 12
381 8
382 9
383 12
384 10
385 16
386 11
387 12
388 14
389 15
390 12
391 12
392 12
393 10
394 14
395 10
396 9
397 12
398 13
399 11
400 12
401 11
402 13
403 13
404 9
405 6
406 10
407 13
408 10
409 10
410 10
411 13
412 14
413 11
414 8
415 16
416 10
417 11
418 14
419 8
420 12
421 10
422 12
423 13
424 11
425 12
426 11
427 9
428 13
429 13
430 13
431 15
432 13
433 11
434 8
435 10
436 11
437 11
438 10
439 13
440 10
441 12
442 14
443 10
444 11
445 12
446 7
447 10
448 11
449 9
450 11
451 10
452 9
453 11
454 9
455 10
456 7
457 14
458 10
459 14
460 8
461 11
462 11
463 11
464 11
465 12
466 6
467 11
468 7
469 12
470 11
471 8
472 13
473 11
474 12
475 12
476 11
477 13
478 11
479 9
480 12
481 7
482 4
483 9
484 11
485 12
486 16
487 12
488 14
489 10
490 13
491 9
492 9
493 9
494 9
495 14
496 13
497 12
498 11
499 9
500 6
501 10
502 9
503 8
504 8
505 10
506 11
507 11
508 10
509 12
510 6
511 10
512 6
513 12
514 10
515 9
516 11
517 12
518 8
519 9
520 8
521 12
522 12
523 13
524 7
525 14
526 9
527 13
528 8
529 10
530 11
531 11
532 10
533 6
534 12
535 10
536 12
537 12
538 10
539 7
540 8
541 8
542 10
543 10
544 10
545 9
546 12
547 13
548 8
549 6
550 8
551 8
552 6
553 8
554 11
555 13
556 10
557 7
558 10
559 9
560 8
561 7
562 9
563 11
564 7
565 9
566 11
567 10
568 11
569 10
570 8
571 7
572 8
573 9
574 10
575 11
576 7
577 9
578 12
579 7
580 10
581 9
582 9
583 8
584 8
585 7
586 10
587 13
588 9
589 9
590 9
591 10
592 10
593 11
594 10
595 8
596 14
597 10
598 8
599 11
600 8
601 12
602 9
603 11
604 11
605 11
606 8
607 8
608 11
609 8
610 9
611 6
612 10
613 11
614 9
615 7
616 9
617 8
618 7
619 7
620 12
621 9
622 8
623 10
624 10
625 8
626 7
627 11
628 8
629 8
630 7
631 9
632 7
633 10
634 9
635 8
636 8
637 9
638 8
639 9
640 10
641 12
642 14
643 9
644 12
645 6
646 11
647 11
648 8
649 13
650 4
651 10
652 10
653 6
654 10
655 10
656 8
657 9
658 9
659 7
660 11
661 14
662 8
663 10
664 9
665 9
666 8
667 9
668 8
669 10
670 8
671 10
672 8
673 10
674 6
675 11
676 9
677 8
678 9
679 8
680 11
681 10
682 10
683 11
684 8
685 8
686 10
687 7
688 9
689 7
690 9
691 9
692 8
693 10
694 9
695 6
696 7
697 8
698 10
699 4
700 5
701 10
702 8
703 10
704 9
705 9
706 8
707 12
708 9
709 11
710 7
711 11
712 8
713 8
714 10
715 3
716 7
717 6
718 3
719 7
720 6
721 8
722 7
723 9
724 6
725 4
726 5
727 5
728 8
729 7
730 6
731 6
732 4
733 8
734 7
735 6
736 10
737 6
738 5
739 8
740 5
741 9
742 9
743 5
744 4
745 7
746 10
747 7
748 7
749 11
750 8
751 6
752 7
753 11
754 8
755 8
756 6
757 7
758 10
759 7
760 7
761 9
762 8
763 11
764 12
765 9
766 9
767 9
768 7
769 6
770 8
771 10
772 12
773 10
774 9
775 7
776 6
777 8
778 9
779 6
780 7
781 11
782 9
783 7
784 9
785 11
786 10
787 8
788 5
789 6
790 11
791 8
792 9
793 4
794 10
795 9
796 8
797 11
798 9
799 9
800 10
801 13
802 10
803 11
804 10
805 9
806 8
807 11
808 9
809 10
810 8
811 12
812 9
813 9
814 13
815 9
816 12
817 7
818 10
819 10
820 10
821 9
822 11
823 9
824 10
825 11
826 10
827 10
828 10
829 10
830 10
831 8
832 9
833 9
834 10
835 7
836 9
837 11
838 10
839 10
840 10
841 8
842 8
843 10
844 7
845 10
846 10
847 10
848 6
849 7
850 10
851 9
852 11
853 13
854 7
855 7
856 6
857 9
858 11
859 7
860 10
861 8
862 7
863 11
864 8
865 9
866 8
867 6
868 8
869 8
870 8
871 10
872 5
873 8
874 10
875 8
876 9
877 9
878 7
879 11
880 11
881 10
882 6
883 9
884 8
885 9
886 8
887 8
888 8
889 10
890 11
891 10
892 12
893 8
894 8
895 9
896 6
897 7
898 9
899 10
900 7
901 8
902 7
903 6
904 7
905 5
906 11
907 10
908 9
909 9
910 10
911 7
912 8
913 9
914 10
915 12
916 9
917 6
918 11
919 6
920 6
921 8
922 8
923 11
924 7
925 9
926 7
927 10
928 9
929 9
930 8
931 9
932 5
933 12
934 13
935 9
936 10
937 5
938 8
939 6
940 11
941 12
942 10
943 9
944 10
945 11
946 8
947 12
948 9
949 12
950 11
951 10
952 7
953 11
954 10
955 9
956 11
957 11
958 10
959 10
960 10
961 11
962 9
963 12
964 8
965 8
966 7
967 10
968 10
969 12
970 8
971 10
972 8
973 10
974 7
975 9
976 10
977 11
978 10
979 12
980 6
981 11
982 8
983 10
984 7
985 8
986 8
987 8
988 10
989 11
990 8
991 12
992 9
993 9
994 8
995 9
996 6
997 10
998 11
999 9
1000 11
1001 12
