0 3
1 3
2 4
3 3
4 3
5 3
6 2
7 3
8 4
9 4
10 4
11 5
12 5
13 3
14 4
15 5
16 1
17 3
18 4
19 5
20 5
21 5
22 2
23 4
24 2
25 3
26 3
27 4
28 5
29 3
30 3
31 4
32 3
33 6
34 5
35 2
36 4
37 2
38 4
39 2
40 2
41 2
42 4
43 2
44 4
45 4
46 3
47 3
48 6
49 3
50 1
51 3
52 2
53 4
54 3
55 5
56 3
57 3
58 2
59 3
60 2
61 5
62 5
63 6
64 6
65 3
66 1
67 4
68 6
69 5
70 3
71 2
72 2
73 1
74 4
75 2
76 2
77 4
78 2
79 5
80 4
81 5
82 3
83 3
84 3
85 4
86 4
87 3
88 5
89 3
90 4
91 3
92 3
93 3
94 3
95 3
96 4
97 3
98 3
99 5
100 4
101 2
102 4
103 4
104 2
105 3
106 4
107 3
108 4
109 4
110 5
111 3
112 4
113 4
114 4
115 4
116 5
117 2
118 2
119 3
120 4
121 4
122 3
123 3
124 4
125 2
126 1
127 5
128 3
129 4
130 2
131 4
132 3
133 3
134 1
135 0
136 3
137 2
138 2
139 1
140 2
141 1
142 2
143 3
144 0
145 2
146 3
147 3
148 3
149 1
150 1
151 0
152 2
153 3
154 3
155 4
156 2
157 1
158 1
159 2
160 2
161 2
162 1
163 3
164 3
165 3
166 2
167 2
168 3
169 3
170 3
171 3
172 2
173 4
174 2
175 2
176 2
177 3
178 3
179 2
180 1
181 3
182 1
183 2
184 3
185 1
186 3
187 2
188 3
189 3
190 1
191 3
192 3
193 1
194 1
195 1
196 2
197 3
198 3
199 1
200 3
201 4
202 3
203 2
204 1
205 3
206 2
207 2
208 3
209 3
210 3
211 1
212 2
213 2
214 2
215 2
216 2
217 1
218 2
219 3
220 4
221 2
222 3
223 3
224 3
225 2
226 2
227 3
228 1
229 1
230 1
231 3
232 2
233 1
234 2
235 3
236 3
237 3
238 2
239 2
240 4
241 2
242 2
243 4
244 3
245 1
246 1
247 4
248 2
249 4
250 4
251 3
252 2
253 3
254 3
255 2
256 3
257 5
258 0
259 2
260 2
261 3
262 3
263 3
264 2
265 4
266 3
267 3
268 5
269 2
270 2
271 5
272 2
273 3
274 2
275 2
276 3
277 2
278 3
279 3
280 1
281 4
282 2
283 4
284 3
285 3
286 3
287 3
288 4
289 1
290 2
291 2
292 3
293 4
294 4
295 3
296 3
297 3
298 2
299 2
300 3
301 3
302 4
303 1
304 3
305 3
306 4
307 0
308 1
309 5
310 1
311 2
312 1
313 2
314 3
315 2
316 3
317 2
318 2
319 3
320 2
321 2
322 2
323 0
324 1
325 2
326 3
327 3
328 3
329 2
330 2
331 2
332 2
333 1
334 2
335 1
336 2
337 3
338 1
339 1
340 2
341 2
342 2
343 1
344 0
345 0
346 2
347 3
348 2
349 1
350 2
351 1
352 1
353 1
354 1
355 1
356 1
357 2
358 1
359 1
360 1
361 5
362 1
363 0
364 2
365 2
366 3
367 0
368 1
369 2
370 1
371 4
372 3
373 4
374 0
375 1
376 2
377 1
378 0
379 2
380 2
381 1
382 2
383 1
384 3
385 2
386 2
387 2
388 2
389 2
390 2
391 5
392 2
393 2
394 3
395 2
396 2
397 4
398 4
399 4
400 2
401 3
402 0
403 1
404 1
405 1
406 2
407 3
408 3
409 1
410 5
411 3
412 5
413 3
414 2
415 2
416 3
417 3
418 3
419 4
420 2
421 4
422 2
423 3
424 1
425 2
426 3
427 1
428 2
429 2
430 3
431 3
432 2
433 1
434 2
435 3
436 4
437 4
438 3
439 4
440 1
441 3
442 3
443 4
444 4
445 2
446 3
447 4
448 3
449 4
450 2
451 1
452 2
453 1
454 1
455 3
456 3
457 2
458 1
459 2
460 1
461 2
462 1
463 2
464 3
465 2
466 2
467 2
468 2
469 2
470 3
471 1
472 2
473 1
474 3
475 1
476 2
477 3
478 2
479 1
480 2
481 4
482 1
483 1
484 3
485 3
486 1
487 1
488 3
489 0
490 2
491 1
492 1
493 1
494 0
495 0
496 1
497 2
498 1
499 2
500 1
501 3
502 2
503 2
504 1
505 2
506 3
507 2
508 1
509 1
510 2
511 3
512 1
513 1
514 0
515 1
516 3
517 3
518 2
519 1
520 1
521 2
522 2
523 1
524 3
525 2
526 1
527 1
528 1
529 0
530 3
531 3
532 4
533 3
534 1
535 4
536 0
537 2
538 3
539 1
540 1
541 0
542 2
543 1
544 2
545 1
546 1
547 2
548 4
549 2
550 2
551 3
552 2
553 0
554 1
555 1
556 2
557 4
558 2
559 1
560 1
561 2
562 3
563 0
564 2
565 1
566 1
567 0
568 1
569 2
570 2
571 2
572 2
573 1
574 2
575 3
576 2
577 2
578 2
579 3
580 1
581 3
582 4
583 3
584 3
585 5
586 1
587 0
588 1
589 2
590 2
591 3
592 2
593 3
594 1
595 1
596 2
597 4
598 2
599 2
600 2
601 2
602 3
603 1
604 4
605 1
606 3
607 3
608 2
609 0
610 2
611 1
612 2
613 5
614 3
615 2
616 0
617 3
618 2
619 3
620 2
621 5
622 2
623 3
624 3
625 2
626 2
627 3
628 1
629 5
630 1
631 1
632 3
633 1
634 3
635 3
636 2
637 2
638 2
639 2
640 2
641 3
642 3
643 2
644 2
645 3
646 3
647 0
648 3
649 2
650 3
651 2
652 2
653 1
654 2
655 3
656 3
657 3
658 4
659 1
660 3
661 5
662 2
663 1
664 3
665 5
666 2
667 3
668 3
669 4
670 0
671 3
672 2
673 3
674 1
675 4
676 3
677 4
678 3
679 4
680 2
681 2
682 1
683 2
684 1
685 1
686 2
687 3
688 3
689 3
690 5
691 3
692 2
693 1
694 3
695 2
696 2
697 1
698 2
699 2
700 1
701 3
702 2
703 1
704 3
705 1
706 2
707 3
708 3
709 2
710 2
711 1
712 2
713 2
714 4
715 3
716 3
717 3
718 4
719 4
720 3
721 4
722 3
723 1
724 2
725 2
726 3
727 1
728 1
729 1
730 2
731 1
732 0
733 4
734 1
735 2
736 2
737 1
738 1
739 2
740 1
741 3
742 3
743 1
744 3
745 4
746 1
747 3
748 1
749 3
750 1
751 2
752 1
753 2
754 2
755 0
756 1
757 0
758 1
759 3
760 3
761 3
762 1
763 0
764 1
765 3
766 1
767 2
768 2
769 2
770 4
771 2
772 3
773 3
774 3
775 2
776 4
777 3
778 3
779 2
780 2
781 5
782 2
783 2
784 3
785 3
786 4
787 3
788 1
789 2
790 6
791 3
792 2
793 1
794 2
795 2
796 2
797 5
798 4
799 3
800 3
801 1
802 2
803 4
804 4
805 4
806 3
807 1
808 2
809 2
810 2
811 2
812 4
813 0
814 3
815 5
816 2
817 4
818 5
819 3
820 5
821 3
822 2
823 2
824 2
825 3
826 2
827 5
828 3
829 3
830 4
831 4
832 1
833 2
834 4
835 3
836 2
837 2
838 5
839 2
840 2
841 3
842 1
843 2
844 2
845 3
846 3
847 3
848 2
849 2
850 1
851 2
852 2
853 1
854 3
855 3
856 3
857 5
858 4
859 3
860 1
861 3
862 2
863 1
864 4
865 7
866 4
867 3
868 2
869 4
870 6
871 2
872 2
873 2
874 2
875 5
876 4
877 4
878 2
879 3
880 3
881 4
882 3
883 2
884 2
885 4
886 4
887 2
888 3
889 4
890 3
891 2
892 3
893 5
894 4
895 4
896 2
897 2
898 3
899 2
900 5
901 3
902 3
903 3
904 3
905 3
906 4
907 5
908 4
909 1
910 3
911 3
912 2
913 2
914 3
915 2
916 2
917 2
918 2
919 1
920 1
921 2
922 3
923 3
924 3
925 3
926 2
927 2
928 0
929 0
930 1
931 2
932 1
933 0
934 2
935 1
936 0
937 0
938 1
939 1
940 2
941 3
942 2
943 4
944 1
945 0
946 1
947 1
948 0
949 1
950 2
951 2
952 1
953 2
954 2
955 2
956 0
957 1
958 1
959 0
960 2
961 1
962 2
963 1
964 3
965 0
966 1
967 1
968 0
969 0
970 1
971 0
972 2
973 0
974 2
975 1
976 1
977 1
978 1
979 0
980 1
981 0
982 1
983 0
984 0
985 1
986 0
987 1
988 2
989 3
990 2
991 1
992 1
993 2
994 2
995 0
996 1
997 2
998 0
999 3
1000 2
1001 2
0 4
1 4
2 3
3 4
4 3
5 4
6 2
7 5
8 3
9 3
10 3
11 5
12 5
13 4
14 5
15 3
16 3
17 2
18 3
19 3
20 4
21 5
22 5
23 4
24 2
25 2
26 4
27 3
28 4
29 5
30 2
31 3
32 2
33 3
34 4
35 2
36 2
37 3
38 4
39 5
40 5
41 5
42 4
43 5
44 2
45 1
46 3
47 4
48 5
49 2
50 3
51 2
52 3
53 2
54 2
55 3
56 1
57 2
58 3
59 2
60 4
61 2
62 3
63 2
64 4
65 3
66 2
67 2
68 3
69 5
70 3
71 3
72 4
73 3
74 1
75 2
76 3
77 2
78 4
79 2
80 2
81 3
82 3
83 3
84 3
85 3
86 3
87 2
88 2
89 2
90 2
91 3
92 5
93 3
94 3
95 3
96 2
97 3
98 3
99 2
100 4
101 2
102 2
103 4
104 2
105 1
106 3
107 2
108 3
109 4
110 4
111 3
112 3
113 2
114 3
115 4
116 2
117 4
118 3
119 4
120 3
121 4
122 2
123 4
124 0
125 2
126 2
127 2
128 3
129 1
130 3
131 3
132 3
133 3
134 4
135 3
136 2
137 4
138 3
139 4
140 1
141 3
142 3
143 4
144 3
145 3
146 2
147 3
148 3
149 3
150 3
151 4
152 5
153 3
154 3
155 2
156 5
157 2
158 3
159 2
160 3
161 2
162 3
163 3
164 1
165 3
166 3
167 3
168 3
169 3
170 3
171 4
172 3
173 1
174 4
175 2
176 3
177 3
178 4
179 3
180 2
181 1
182 1
183 2
184 1
185 3
186 2
187 4
188 3
189 4
190 3
191 4
192 4
193 1
194 5
195 2
196 3
197 1
198 1
199 3
200 4
201 2
202 3
203 1
204 6
205 6
206 5
207 2
208 2
209 5
210 4
211 2
212 5
213 3
214 2
215 2
216 1
217 4
218 4
219 2
220 3
221 4
222 1
223 4
224 2
225 5
226 3
227 2
228 2
229 3
230 2
231 1
232 3
233 3
234 6
235 3
236 2
237 4
238 3
239 4
240 3
241 2
242 4
243 2
244 3
245 2
246 3
247 3
248 4
249 2
250 3
251 4
252 4
253 2
254 4
255 3
256 2
257 4
258 4
259 4
260 5
261 5
262 4
263 2
264 3
265 1
266 3
267 3
268 3
269 2
270 3
271 2
272 2
273 3
274 2
275 4
276 5
277 6
278 3
279 3
280 4
281 2
282 3
283 4
284 3
285 4
286 2
287 2
288 3
289 1
290 1
291 1
292 1
293 1
294 2
295 2
296 2
297 4
298 2
299 1
300 3
301 3
302 3
303 1
304 0
305 3
306 4
307 3
308 3
309 6
310 5
311 2
312 4
313 3
314 4
315 3
316 2
317 3
318 2
319 2
320 2
321 2
322 3
323 2
324 4
325 4
326 6
327 1
328 3
329 4
330 5
331 3
332 1
333 1
334 4
335 2
336 3
337 6
338 0
339 3
340 2
341 4
342 3
343 2
344 3
345 2
346 3
347 1
348 2
349 3
350 2
351 3
352 2
353 1
354 3
355 2
356 2
357 3
358 4
359 1
360 2
361 2
362 3
363 1
364 6
365 3
366 3
367 3
368 3
369 3
370 4
371 2
372 4
373 3
374 3
375 3
376 3
377 4
378 4
379 1
380 1
381 3
382 2
383 2
384 2
385 3
386 1
387 0
388 1
389 3
390 3
391 5
392 2
393 1
394 2
395 1
396 3
397 3
398 3
399 1
400 4
401 2
402 4
403 2
404 1
405 4
406 4
407 4
408 2
409 2
410 4
411 3
412 5
413 2
414 3
415 3
416 2
417 2
418 3
419 2
420 2
421 2
422 4
423 2
424 3
425 4
426 5
427 2
428 2
429 3
430 2
431 4
432 2
433 2
434 4
435 5
436 6
437 3
438 1
439 1
440 1
441 4
442 1
443 3
444 3
445 2
446 2
447 3
448 2
449 2
450 3
451 3
452 1
453 3
454 2
455 3
456 3
457 3
458 2
459 3
460 1
461 1
462 3
463 2
464 2
465 2
466 3
467 2
468 3
469 2
470 2
471 3
472 4
473 1
474 4
475 2
476 4
477 4
478 4
479 5
480 4
481 3
482 4
483 2
484 2
485 1
486 3
487 4
488 1
489 4
490 2
491 3
492 1
493 2
494 4
495 3
496 3
497 4
498 1
499 2
500 3
501 3
502 2
503 2
504 2
505 3
506 3
507 3
508 3
509 0
510 3
511 4
512 3
513 4
514 3
515 3
516 4
517 3
518 2
519 2
520 3
521 3
522 2
523 3
524 7
525 2
526 2
527 3
528 2
529 2
530 2
531 3
532 3
533 2
534 4
535 2
536 2
537 4
538 1
539 3
540 4
541 1
542 1
543 3
544 3
545 2
546 1
547 7
548 5
549 5
550 2
551 3
552 4
553 3
554 2
555 3
556 3
557 2
558 4
559 4
560 2
561 2
562 3
563 2
564 3
565 3
566 2
567 3
568 4
569 6
570 3
571 3
572 2
573 3
574 2
575 4
576 5
577 4
578 5
579 3
580 4
581 2
582 1
583 3
584 3
585 2
586 4
587 3
588 1
589 3
590 5
591 5
592 1
593 2
594 1
595 3
596 4
597 4
598 4
599 2
600 3
601 3
602 3
603 5
604 2
605 0
606 3
607 4
608 3
609 4
610 2
611 6
612 2
613 1
614 4
615 2
616 5
617 2
618 5
619 2
620 2
621 3
622 3
623 2
624 6
625 1
626 2
627 3
628 2
629 3
630 3
631 3
632 2
633 4
634 3
635 4
636 2
637 3
638 3
639 2
640 4
641 2
642 1
643 5
644 3
645 2
646 3
647 3
648 4
649 2
650 3
651 3
652 6
653 4
654 2
655 2
656 3
657 2
658 2
659 3
660 1
661 5
662 3
663 4
664 3
665 2
666 4
667 3
668 2
669 3
670 5
671 2
672 2
673 3
674 3
675 2
676 4
677 1
678 2
679 4
680 2
681 5
682 3
683 6
684 2
685 3
686 3
687 2
688 3
689 3
690 2
691 1
692 6
693 3
694 1
695 6
696 5
697 3
698 5
699 4
700 5
701 3
702 5
703 2
704 2
705 1
706 4
707 0
708 4
709 3
710 2
711 2
712 4
713 5
714 4
715 2
716 4
717 3
718 2
719 3
720 5
721 3
722 3
723 3
724 2
725 3
726 1
727 5
728 3
729 3
730 4
731 3
732 3
733 4
734 3
735 1
736 4
737 4
738 6
739 4
740 4
741 3
742 3
743 3
744 4
745 1
746 3
747 6
748 1
749 3
750 3
751 3
752 4
753 5
754 3
755 3
756 4
757 4
758 6
759 4
760 4
761 4
762 3
763 2
764 4
765 1
766 6
767 2
768 4
769 3
770 3
771 3
772 3
773 3
774 6
775 6
776 4
777 0
778 4
779 2
780 3
781 3
782 4
783 1
784 3
785 6
786 5
787 3
788 5
789 3
790 4
791 4
792 3
793 6
794 2
795 6
796 3
797 2
798 3
799 3
800 4
801 4
802 1
803 2
804 2
805 3
806 2
807 5
808 4
809 3
810 4
811 5
812 5
813 4
814 3
815 4
816 5
817 4
818 3
819 4
820 3
821 4
822 4
823 4
824 3
825 4
826 2
827 10
828 4
829 3
830 5
831 5
832 6
833 2
834 3
835 4
836 3
837 2
838 4
839 5
840 4
841 2
842 3
843 4
844 3
845 2
846 5
847 4
848 4
849 2
850 2
851 4
852 2
853 3
854 4
855 4
856 2
857 2
858 5
859 3
860 2
861 3
862 4
863 5
864 4
865 3
866 3
867 2
868 4
869 3
870 4
871 4
872 5
873 4
874 3
875 2
876 2
877 4
878 1
879 4
880 4
881 3
882 2
883 3
884 3
885 4
886 2
887 4
888 2
889 4
890 2
891 3
892 3
893 3
894 4
895 4
896 3
897 3
898 4
899 3
900 3
901 4
902 4
903 4
904 6
905 3
906 3
907 5
908 3
909 3
910 4
911 3
912 6
913 3
914 3
915 2
916 1
917 3
918 2
919 4
920 4
921 3
922 4
923 6
924 4
925 2
926 4
927 5
928 4
929 4
930 1
931 3
932 3
933 4
934 3
935 4
936 2
937 5
938 5
939 3
940 3
941 5
942 5
943 5
944 5
945 3
946 4
947 3
948 5
949 4
950 5
951 4
952 4
953 3
954 7
955 3
956 5
957 3
958 5
959 5
960 4
961 5
962 6
963 3
964 5
965 4
966 4
967 5
968 5
969 4
970 5
971 4
972 5
973 6
974 4
975 4
976 5
977 5
978 3
979 3
980 4
981 5
982 5
983 3
984 5
985 4
986 4
987 5
988 5
989 4
990 8
991 4
992 5
993 5
994 5
995 2
996 6
997 4
998 4
999 4
1000 3
1001 5
0 7
1 1
2 0
3 0
4 0
5 0
6 0
7 0
8 0
9 0
10 0
11 0
12 0
13 0
14 1
15 0
16 0
17 0
18 0
19 0
20 0
21 0
22 0
23 0
24 0
25 2
26 1
27 0
28 2
29 2
30 0
31 2
32 3
33 0
34 1
35 0
36 0
37 0
38 1
39 1
40 0
41 1
42 0
43 0
44 1
45 1
46 0
47 1
48 3
49 2
50 3
51 2
52 1
53 2
54 0
55 0
56 1
57 3
58 3
59 1
60 1
61 1
62 1
63 1
64 1
65 0
66 2
67 0
68 1
69 0
70 2
71 2
72 2
73 2
74 0
75 2
76 1
77 1
78 0
79 3
80 1
81 1
82 1
83 1
84 0
85 0
86 1
87 1
88 1
89 1
90 1
91 0
92 1
93 1
94 1
95 1
96 0
97 0
98 0
99 0
100 0
101 1
102 0
103 0
104 1
105 1
106 1
107 1
108 0
109 0
110 1
111 1
112 1
113 1
114 1
115 1
116 0
117 1
118 0
119 2
120 1
121 1
122 0
123 1
124 1
125 0
126 0
127 1
128 1
129 1
130 1
131 1
132 1
133 1
134 1
135 2
136 2
137 0
138 0
139 0
140 1
141 1
142 0
143 2
144 1
145 0
146 2
147 0
148 0
149 1
150 0
151 0
152 1
153 0
154 1
155 0
156 1
157 0
158 0
159 1
160 0
161 1
162 1
163 3
164 3
165 1
166 1
167 0
168 1
169 2
170 1
171 2
172 1
173 0
174 0
175 0
176 0
177 2
178 1
179 0
180 1
181 0
182 0
183 0
184 0
185 0
186 0
187 0
188 0
189 2
190 1
191 0
192 0
193 0
194 0
195 3
196 0
197 0
198 0
199 0
200 0
201 0
202 1
203 1
204 1
205 0
206 1
207 0
208 0
209 0
210 0
211 1
212 0
213 1
214 1
215 0
216 0
217 1
218 1
219 1
220 1
221 0
222 1
223 0
224 1
225 1
226 1
227 0
228 0
229 1
230 1
231 0
232 1
233 0
234 1
235 0
236 1
237 1
238 0
239 1
240 1
241 0
242 0
243 0
244 0
245 0
246 2
247 1
248 0
249 1
250 1
251 1
252 0
253 1
254 1
255 1
256 1
257 0
258 1
259 1
260 0
261 0
262 1
263 0
264 1
265 1
266 2
267 1
268 0
269 1
270 0
271 1
272 1
273 2
274 1
275 0
276 0
277 1
278 1
279 0
280 1
281 0
282 0
283 0
284 1
285 1
286 0
287 1
288 0
289 1
290 1
291 1
292 1
293 1
294 0
295 0
296 1
297 0
298 0
299 0
300 1
301 1
302 1
303 1
304 1
305 0
306 0
307 1
308 2
309 1
310 1
311 1
312 0
313 0
314 2
315 0
316 1
317 2
318 3
319 2
320 1
321 0
322 2
323 2
324 0
325 2
326 1
327 0
328 0
329 1
330 1
331 1
332 1
333 1
334 0
335 0
336 0
337 2
338 1
339 1
340 1
341 1
342 1
343 1
344 1
345 1
346 1
347 1
348 0
349 1
350 1
351 1
352 1
353 0
354 0
355 1
356 0
357 1
358 0
359 2
360 0
361 0
362 1
363 1
364 1
365 1
366 1
367 1
368 0
369 0
370 2
371 3
372 1
373 0
374 1
375 0
376 1
377 0
378 1
379 2
380 0
381 1
382 0
383 1
384 0
385 1
386 0
387 1
388 1
389 1
390 0
391 3
392 1
393 1
394 0
395 2
396 1
397 0
398 0
399 1
400 0
401 1
402 0
403 0
404 1
405 1
406 1
407 1
408 0
409 0
410 1
411 0
412 1
413 0
414 0
415 0
416 1
417 1
418 0
419 0
420 0
421 0
422 1
423 0
424 0
425 0
426 1
427 0
428 1
429 1
430 1
431 0
432 1
433 1
434 1
435 1
436 0
437 0
438 1
439 1
440 1
441 0
442 0
443 0
444 1
445 1
446 1
447 0
448 0
449 0
450 0
451 1
452 0
453 1
454 1
455 0
456 0
457 1
458 0
459 2
460 0
461 0
462 0
463 0
464 0
465 0
466 1
467 1
468 0
469 0
470 1
471 1
472 0
473 1
474 1
475 0
476 0
477 1
478 1
479 1
480 1
481 1
482 1
483 1
484 0
485 1
486 1
487 0
488 1
489 1
490 1
491 1
492 1
493 0
494 1
495 1
496 1
497 0
498 1
499 2
500 0
501 0
502 1
503 0
504 1
505 1
506 1
507 0
508 1
509 1
510 0
511 0
512 0
513 0
514 2
515 0
516 0
517 0
518 2
519 1
520 1
521 1
522 1
523 0
524 1
525 1
526 1
527 0
528 1
529 0
530 0
531 1
532 1
533 0
534 2
535 1
536 2
537 0
538 2
539 0
540 1
541 2
542 1
543 1
544 1
545 1
546 0
547 0
548 0
549 2
550 0
551 1
552 1
553 0
554 2
555 0
556 1
557 0
558 0
559 2
560 1
561 1
562 0
563 1
564 1
565 0
566 0
567 0
568 1
569 1
570 0
571 1
572 0
573 1
574 0
575 0
576 1
577 2
578 0
579 0
580 0
581 0
582 1
583 0
584 0
585 0
586 0
587 1
588 0
589 0
590 0
591 0
592 0
593 0
594 0
595 1
596 0
597 0
598 0
599 0
600 0
601 0
602 0
603 0
604 0
605 0
606 1
607 1
608 2
609 1
610 2
611 0
612 1
613 0
614 1
615 0
616 0
617 1
618 2
619 0
620 0
621 1
622 1
623 0
624 1
625 0
626 0
627 1
628 1
629 0
630 1
631 0
632 0
633 0
634 1
635 0
636 0
637 1
638 1
639 0
640 0
641 1
642 1
643 0
644 0
645 0
646 0
647 1
648 1
649 1
650 0
651 0
652 0
653 1
654 0
655 0
656 1
657 1
658 0
659 1
660 1
661 0
662 0
663 1
664 0
665 0
666 1
667 0
668 1
669 1
670 1
671 2
672 0
673 0
674 1
675 1
676 1
677 1
678 1
679 1
680 1
681 1
682 1
683 1
684 1
685 0
686 0
687 1
688 0
689 1
690 1
691 1
692 1
693 1
694 1
695 0
696 1
697 1
698 1
699 1
700 2
701 1
702 1
703 0
704 1
705 1
706 1
707 1
708 0
709 1
710 2
711 1
712 1
713 1
714 0
715 1
716 1
717 0
718 0
719 0
720 1
721 1
722 0
723 0
724 0
725 0
726 1
727 0
728 0
729 0
730 0
731 0
732 1
733 0
734 1
735 0
736 1
737 0
738 0
739 0
740 0
741 0
742 0
743 0
744 0
745 3
746 1
747 0
748 1
749 1
750 0
751 0
752 0
753 0
754 0
755 0
756 0
757 1
758 1
759 1
760 0
761 0
762 0
763 0
764 0
765 0
766 0
767 1
768 0
769 1
770 1
771 0
772 1
773 0
774 0
775 0
776 0
777 1
778 0
779 0
780 0
781 1
782 0
783 0
784 0
785 1
786 0
787 0
788 1
789 0
790 0
791 0
792 0
793 0
794 1
795 0
796 0
797 0
798 0
799 0
800 1
801 0
802 0
803 0
804 1
805 0
806 0
807 0
808 0
809 1
810 1
811 0
812 0
813 1
814 0
815 0
816 1
817 1
818 0
819 1
820 0
821 0
822 0
823 0
824 1
825 1
826 1
827 0
828 0
829 3
830 0
831 1
832 0
833 1
834 1
835 1
836 1
837 0
838 1
839 1
840 1
841 2
842 0
843 0
844 1
845 0
846 2
847 0
848 2
849 1
850 2
851 1
852 0
853 1
854 1
855 1
856 1
857 1
858 1
859 1
860 1
861 1
862 0
863 1
864 0
865 1
866 1
867 0
868 0
869 1
870 0
871 1
872 1
873 1
874 0
875 1
876 1
877 0
878 1
879 1
880 0
881 1
882 1
883 2
884 0
885 1
886 0
887 1
888 0
889 0
890 0
891 0
892 1
893 1
894 1
895 1
896 0
897 0
898 0
899 0
900 1
901 0
902 0
903 0
904 0
905 1
906 1
907 1
908 1
909 2
910 1
911 1
912 1
913 0
914 0
915 0
916 0
917 1
918 0
919 1
920 1
921 1
922 0
923 1
924 0
925 1
926 1
927 0
928 1
929 1
930 1
931 1
932 1
933 1
934 0
935 0
936 0
937 1
938 0
939 0
940 1
941 1
942 1
943 2
944 0
945 1
946 1
947 0
948 1
949 1
950 2
951 1
952 1
953 1
954 1
955 0
956 1
957 1
958 0
959 1
960 0
961 2
962 0
963 1
964 0
965 1
966 0
967 1
968 0
969 1
970 0
971 0
972 0
973 0
974 1
975 0
976 0
977 1
978 1
979 1
980 0
981 0
982 0
983 1
984 0
985 0
986 0
987 0
988 1
989 2
990 1
991 1
992 0
993 2
994 0
995 0
996 1
997 2
998 0
999 2
1000 1
1001 1
0 4
1 4
2 4
3 5
4 4
5 3
6 2
7 2
8 2
9 1
10 1
11 2
12 1
13 1
14 1
15 1
16 2
17 2
18 2
19 0
20 0
21 1
22 2
23 2
24 0
25 2
26 1
27 1
28 0
29 3
30 1
31 0
32 0
33 0
34 1
35 2
36 3
37 2
38 3
39 2
40 2
41 2
42 1
43 1
44 1
45 1
46 0
47 2
48 1
49 2
50 1
51 3
52 1
53 0
54 2
55 1
56 1
57 0
58 3
59 2
60 2
61 1
62 2
63 1
64 1
65 2
66 1
67 2
68 1
69 2
70 3
71 1
72 0
73 2
74 1
75 2
76 3
77 4
78 3
79 0
80 2
81 3
82 2
83 0
84 2
85 3
86 1
87 0
88 1
89 1
90 3
91 1
92 1
93 2
94 1
95 0
96 2
97 2
98 0
99 2
100 1
101 0
102 2
103 0
104 0
105 1
106 0
107 0
108 2
109 1
110 1
111 1
112 1
113 2
114 1
115 1
116 2
117 0
118 4
119 2
120 0
121 1
122 2
123 1
124 3
125 0
126 0
127 1
128 1
129 0
130 0
131 1
132 0
133 0
134 1
135 1
136 2
137 3
138 0
139 2
140 1
141 1
142 0
143 0
144 1
145 1
146 1
147 0
148 0
149 1
150 1
151 0
152 1
153 1
154 0
155 2
156 2
157 2
158 1
159 2
160 2
161 3
162 0
163 0
164 2
165 1
166 0
167 1
168 2
169 2
170 1
171 1
172 1
173 0
174 1
175 0
176 2
177 2
178 2
179 2
180 1
181 2
182 1
183 0
184 1
185 0
186 1
187 0
188 1
189 1
190 1
191 1
192 1
193 2
194 1
195 0
196 1
197 1
198 0
199 2
200 1
201 1
202 1
203 3
204 1
205 1
206 1
207 3
208 0
209 1
210 1
211 2
212 1
213 2
214 2
215 1
216 1
217 2
218 2
219 1
220 1
221 0
222 1
223 1
224 0
225 1
226 0
227 1
228 2
229 1
230 1
231 1
232 2
233 0
234 1
235 0
236 0
237 0
238 1
239 0
240 1
241 0
242 0
243 2
244 1
245 2
246 0
247 1
248 2
249 0
250 0
251 0
252 1
253 1
254 0
255 0
256 1
257 0
258 2
259 0
260 1
261 1
262 0
263 1
264 0
265 1
266 1
267 1
268 1
269 1
270 1
271 1
272 2
273 2
274 0
275 0
276 1
277 1
278 0
279 1
280 1
281 3
282 2
283 1
284 2
285 1
286 1
287 1
288 1
289 0
290 1
291 1
292 0
293 1
294 1
295 1
296 1
297 0
298 0
299 0
300 1
301 0
302 1
303 1
304 0
305 1
306 0
307 2
308 3
309 1
310 0
311 1
312 0
313 2
314 2
315 1
316 0
317 1
318 1
319 1
320 2
321 1
322 0
323 1
324 0
325 0
326 1
327 0
328 2
329 1
330 1
331 1
332 1
333 0
334 0
335 1
336 0
337 2
338 0
339 1
340 2
341 1
342 0
343 1
344 2
345 1
346 1
347 0
348 0
349 1
350 1
351 1
352 1
353 1
354 0
355 0
356 1
357 2
358 0
359 2
360 1
361 1
362 2
363 2
364 2
365 2
366 0
367 0
368 0
369 1
370 1
371 2
372 0
373 1
374 3
375 4
376 2
377 1
378 2
379 1
380 0
381 0
382 1
383 0
384 2
385 1
386 0
387 0
388 0
389 0
390 0
391 2
392 0
393 2
394 1
395 0
396 1
397 1
398 1
399 1
400 0
401 1
402 1
403 1
404 1
405 1
406 1
407 1
408 1
409 1
410 2
411 0
412 1
413 1
414 1
415 0
416 1
417 0
418 0
419 1
420 0
421 1
422 0
423 0
424 0
425 0
426 0
427 0
428 0
429 0
430 0
431 1
432 1
433 1
434 1
435 0
436 2
437 0
438 0
439 0
440 1
441 1
442 3
443 0
444 1
445 0
446 1
447 0
448 1
449 1
450 0
451 0
452 0
453 0
454 0
455 0
456 0
457 1
458 1
459 0
460 0
461 1
462 1
463 0
464 0
465 0
466 1
467 0
468 1
469 0
470 0
471 1
472 1
473 1
474 0
475 0
476 0
477 0
478 0
479 0
480 1
481 0
482 0
483 1
484 2
485 1
486 0
487 0
488 0
489 1
490 0
491 1
492 1
493 0
494 1
495 0
496 2
497 1
498 1
499 1
500 1
501 0
502 0
503 0
504 0
505 1
506 1
507 0
508 0
509 3
510 4
511 2
512 2
513 3
514 1
515 4
516 1
517 0
518 0
519 1
520 1
521 1
522 1
523 4
524 1
525 1
526 0
527 1
528 2
529 1
530 0
531 3
532 1
533 2
534 0
535 0
536 1
537 2
538 0
539 4
540 1
541 1
542 2
543 1
544 1
545 0
546 2
547 0
548 0
549 1
550 1
551 1
552 0
553 0
554 0
555 1
556 3
557 2
558 2
559 1
560 0
561 1
562 1
563 1
564 2
565 1
566 0
567 1
568 0
569 0
570 0
571 0
572 0
573 0
574 0
575 1
576 0
577 1
578 0
579 0
580 1
581 1
582 0
583 0
584 0
585 1
586 0
587 1
588 0
589 0
590 1
591 1
592 1
593 0
594 0
595 1
596 1
597 0
598 1
599 1
600 0
601 0
602 1
603 1
604 1
605 0
606 1
607 0
608 1
609 1
610 0
611 0
612 1
613 1
614 0
615 0
616 1
617 1
618 0
619 0
620 0
621 0
622 1
623 1
624 2
625 0
626 2
627 0
628 0
629 2
630 3
631 1
632 3
633 1
634 1
635 1
636 2
637 1
638 0
639 1
640 0
641 0
642 1
643 1
644 1
645 0
646 1
647 1
648 1
649 1
650 2
651 2
652 2
653 3
654 1
655 0
656 1
657 3
658 2
659 2
660 0
661 3
662 2
663 3
664 1
665 1
666 2
667 3
668 1
669 1
670 0
671 2
672 1
673 0
674 2
675 2
676 1
677 1
678 1
679 3
680 2
681 2
682 1
683 2
684 2
685 1
686 2
687 0
688 1
689 1
690 1
691 1
692 2
693 1
694 1
695 2
696 1
697 1
698 2
699 2
700 2
701 2
702 0
703 2
704 1
705 2
706 1
707 1
708 0
709 0
710 0
711 0
712 1
713 3
714 0
715 1
716 2
717 0
718 1
719 1
720 3
721 2
722 1
723 0
724 0
725 1
726 1
727 1
728 1
729 1
730 0
731 1
732 0
733 0
734 1
735 1
736 0
737 2
738 1
739 1
740 0
741 0
742 1
743 0
744 2
745 1
746 0
747 1
748 0
749 0
750 0
751 0
752 0
753 1
754 0
755 0
756 2
757 1
758 0
759 2
760 2
761 2
762 3
763 1
764 0
765 1
766 0
767 1
768 2
769 1
770 1
771 0
772 1
773 2
774 1
775 1
776 1
777 1
778 1
779 0
780 0
781 1
782 1
783 1
784 1
785 3
786 2
787 0
788 0
789 0
790 0
791 1
792 1
793 1
794 0
795 0
796 3
797 1
798 0
799 1
800 2
801 0
802 0
803 1
804 1
805 2
806 1
807 0
808 1
809 0
810 1
811 1
812 0
813 1
814 1
815 2
816 1
817 0
818 1
819 1
820 2
821 0
822 1
823 1
824 0
825 1
826 0
827 1
828 0
829 0
830 2
831 0
832 1
833 0
834 2
835 0
836 1
837 1
838 0
839 1
840 1
841 2
842 0
843 1
844 1
845 1
846 1
847 0
848 2
849 1
850 1
851 0
852 1
853 1
854 1
855 0
856 1
857 1
858 1
859 2
860 1
861 1
862 1
863 0
864 1
865 0
866 1
867 1
868 1
869 1
870 1
871 0
872 0
873 1
874 1
875 1
876 0
877 1
878 0
879 0
880 0
881 2
882 0
883 1
884 1
885 1
886 0
887 1
888 0
889 1
890 1
891 2
892 1
893 0
894 0
895 0
896 1
897 0
898 0
899 1
900 0
901 1
902 1
903 0
904 0
905 0
906 0
907 0
908 0
909 1
910 0
911 1
912 0
913 1
914 0
915 1
916 0
917 0
918 0
919 1
920 0
921 0
922 0
923 0
924 0
925 1
926 0
927 0
928 1
929 1
930 0
931 1
932 0
933 0
934 1
935 0
936 1
937 1
938 1
939 1
940 0
941 1
942 1
943 0
944 0
945 0
946 0
947 1
948 0
949 1
950 3
951 1
952 0
953 1
954 1
955 1
956 0
957 0
958 0
959 2
960 0
961 0
962 0
963 0
964 1
965 0
966 1
967 0
968 2
969 1
970 0
971 1
972 4
973 0
974 1
975 0
976 0
977 1
978 2
979 0
980 0
981 1
982 1
983 0
984 1
985 0
986 1
987 0
988 0
989 0
990 0
991 0
992 1
993 0
994 0
995 0
996 0
997 0
998 0
999 0
1000 0
1001 2
0 2
1 1
2 1
3 1
4 1
5 2
6 2
7 0
8 0
9 1
10 0
11 0
12 2
13 0
14 1
15 1
16 1
17 1
18 0
19 2
20 0
21 2
22 2
23 1
24 1
25 0
26 2
27 1
28 3
29 1
30 2
31 0
32 0
33 1
34 2
35 1
36 2
37 2
38 1
39 2
40 2
41 1
42 2
43 1
44 2
45 0
46 1
47 0
48 1
49 2
50 2
51 1
52 2
53 1
54 2
55 0
56 2
57 2
58 0
59 2
60 1
61 1
62 2
63 1
64 1
65 1
66 0
67 1
68 1
69 2
70 2
71 2
72 0
73 2
74 0
75 1
76 1
77 0
78 1
79 0
80 0
81 1
82 1
83 1
84 1
85 2
86 0
87 1
88 1
89 1
90 1
91 1
92 1
93 1
94 2
95 2
96 1
97 1
98 1
99 2
100 2
101 1
102 1
103 1
104 1
105 1
106 1
107 2
108 2
109 2
110 1
111 0
112 1
113 1
114 0
115 0
116 3
117 1
118 1
119 1
120 1
121 0
122 0
123 2
124 1
125 1
126 0
127 0
128 0
129 0
130 1
131 4
132 3
133 1
134 1
135 1
136 1
137 0
138 1
139 1
140 1
141 1
142 1
143 1
144 2
145 1
146 0
147 0
148 1
149 0
150 2
151 0
152 0
153 0
154 2
155 1
156 1
157 2
158 1
159 0
160 1
161 0
162 1
163 0
164 1
165 0
166 0
167 1
168 1
169 1
170 1
171 1
172 2
173 1
174 1
175 1
176 0
177 1
178 1
179 1
180 0
181 0
182 1
183 0
184 1
185 0
186 0
187 0
188 2
189 1
190 0
191 2
192 1
193 1
194 1
195 0
196 0
197 1
198 0
199 1
200 0
201 1
202 1
203 1
204 1
205 1
206 1
207 0
208 1
209 0
210 0
211 1
212 0
213 1
214 1
215 1
216 0
217 1
218 0
219 1
220 1
221 1
222 0
223 1
224 1
225 1
226 0
227 0
228 0
229 0
230 1
231 0
232 1
233 0
234 1
235 0
236 0
237 1
238 1
239 0
240 1
241 0
242 0
243 1
244 0
245 1
246 1
247 1
248 0
249 1
250 0
251 0
252 1
253 1
254 1
255 0
256 0
257 1
258 1
259 1
260 0
261 1
262 1
263 1
264 0
265 0
266 0
267 1
268 1
269 0
270 0
271 1
272 1
273 0
274 0
275 0
276 1
277 0
278 1
279 0
280 0
281 0
282 1
283 0
284 1
285 1
286 1
287 0
288 1
289 0
290 0
291 2
292 0
293 1
294 0
295 1
296 1
297 1
298 1
299 2
300 0
301 2
302 0
303 1
304 1
305 1
306 0
307 1
308 0
309 0
310 1
311 0
312 2
313 0
314 2
315 0
316 1
317 1
318 1
319 1
320 0
321 0
322 1
323 0
324 1
325 1
326 0
327 1
328 0
329 1
330 1
331 0
332 1
333 1
334 0
335 1
336 2
337 1
338 1
339 0
340 1
341 1
342 1
343 0
344 0
345 1
346 2
347 1
348 1
349 1
350 0
351 1
352 1
353 2
354 1
355 1
356 0
357 1
358 0
359 1
360 0
361 2
362 0
363 1
364 0
365 1
366 0
367 1
368 1
369 2
370 0
371 1
372 1
373 1
374 0
375 2
376 1
377 1
378 1
379 1
380 1
381 1
382 1
383 1
384 0
385 1
386 1
387 1
388 0
389 0
390 1
391 1
392 1
393 0
394 1
395 1
396 1
397 1
398 1
399 1
400 2
401 1
402 1
403 1
404 0
405 1
406 0
407 0
408 1
409 0
410 0
411 1
412 1
413 1
414 1
415 1
416 0
417 1
418 1
419 1
420 0
421 0
422 0
423 1
424 1
425 1
426 1
427 1
428 1
429 1
430 0
431 1
432 1
433 1
434 0
435 1
436 1
437 0
438 0
439 0
440 2
441 1
442 1
443 1
444 1
445 1
446 0
447 1
448 3
449 1
450 0
451 3
452 1
453 1
454 1
455 1
456 2
457 1
458 1
459 0
460 1
461 2
462 1
463 0
464 1
465 1
466 0
467 1
468 0
469 0
470 1
471 1
472 1
473 1
474 1
475 0
476 0
477 1
478 0
479 1
480 0
481 1
482 1
483 1
484 1
485 1
486 1
487 0
488 1
489 1
490 2
491 1
492 0
493 0
494 0
495 0
496 0
497 0
498 1
499 0
500 0
501 0
502 1
503 0
504 0
505 0
506 0
507 2
508 1
509 1
510 1
511 1
512 1
513 1
514 1
515 1
516 0
517 1
518 1
519 1
520 1
521 1
522 1
523 1
524 1
525 1
526 1
527 1
528 1
529 1
530 1
531 1
532 1
533 1
534 1
535 0
536 1
537 1
538 0
539 0
540 0
541 1
542 1
543 0
544 0
545 1
546 1
547 0
548 0
549 0
550 1
551 0
552 0
553 0
554 0
555 1
556 0
557 1
558 2
559 3
560 0
561 2
562 1
563 0
564 0
565 1
566 1
567 1
568 0
569 1
570 1
571 1
572 1
573 0
574 0
575 1
576 1
577 0
578 0
579 1
580 1
581 0
582 0
583 2
584 1
585 2
586 1
587 1
588 0
589 1
590 1
591 1
592 0
593 1
594 1
595 1
596 0
597 1
598 2
599 1
600 1
601 1
602 1
603 0
604 1
605 1
606 1
607 2
608 0
609 2
610 0
611 2
612 1
613 1
614 1
615 0
616 2
617 1
618 1
619 2
620 0
621 1
622 3
623 0
624 2
625 1
626 1
627 0
628 0
629 1
630 1
631 0
632 1
633 1
634 0
635 3
636 3
637 0
638 1
639 0
640 2
641 2
642 2
643 0
644 1
645 2
646 3
647 3
648 1
649 2
650 1
651 2
652 0
653 0
654 0
655 0
656 2
657 0
658 1
659 0
660 1
661 0
662 0
663 1
664 0
665 0
666 1
667 0
668 1
669 0
670 2
671 0
672 1
673 1
674 1
675 1
676 1
677 0
678 0
679 1
680 2
681 1
682 1
683 0
684 1
685 0
686 0
687 1
688 1
689 0
690 0
691 0
692 0
693 1
694 1
695 0
696 1
697 0
698 1
699 3
700 0
701 1
702 0
703 1
704 2
705 0
706 0
707 2
708 0
709 1
710 0
711 0
712 1
713 1
714 2
715 0
716 1
717 0
718 1
719 1
720 0
721 2
722 1
723 0
724 0
725 0
726 1
727 1
728 1
729 0
730 0
731 1
732 0
733 0
734 1
735 0
736 1
737 3
738 1
739 0
740 2
741 1
742 0
743 0
744 1
745 1
746 1
747 1
748 0
749 1
750 0
751 0
752 1
753 1
754 0
755 0
756 1
757 1
758 0
759 1
760 0
761 0
762 1
763 1
764 2
765 1
766 0
767 0
768 0
769 0
770 0
771 1
772 0
773 0
774 2
775 1
776 1
777 2
778 2
779 1
780 0
781 0
782 1
783 1
784 0
785 2
786 0
787 1
788 1
789 1
790 1
791 0
792 1
793 2
794 1
795 1
796 1
797 0
798 0
799 0
800 0
801 0
802 0
803 0
804 1
805 3
806 1
807 1
808 2
809 1
810 2
811 2
812 1
813 0
814 1
815 1
816 0
817 1
818 2
819 1
820 1
821 2
822 2
823 2
824 0
825 1
826 1
827 0
828 2
829 2
830 2
831 3
832 0
833 1
834 1
835 1
836 1
837 1
838 1
839 0
840 0
841 4
842 0
843 2
844 1
845 1
846 0
847 1
848 1
849 2
850 1
851 0
852 0
853 1
854 1
855 1
856 2
857 0
858 2
859 1
860 1
861 0
862 1
863 0
864 1
865 1
866 2
867 0
868 1
869 2
870 1
871 1
872 2
873 1
874 2
875 1
876 0
877 1
878 0
879 1
880 0
881 0
882 2
883 0
884 1
885 0
886 2
887 0
888 0
889 0
890 2
891 2
892 1
893 4
894 0
895 2
896 2
897 2
898 1
899 0
900 1
901 0
902 0
903 0
904 0
905 3
906 1
907 1
908 2
909 0
910 2
911 1
912 1
913 0
914 0
915 1
916 2
917 1
918 0
919 0
920 1
921 0
922 0
923 0
924 1
925 0
926 1
927 1
928 0
929 1
930 0
931 1
932 0
933 0
934 0
935 0
936 0
937 0
938 1
939 1
940 0
941 0
942 0
943 0
944 1
945 1
946 1
947 2
948 2
949 1
950 0
951 3
952 1
953 2
954 2
955 0
956 0
957 1
958 2
959 0
960 2
961 3
962 1
963 1
964 0
965 1
966 0
967 2
968 2
969 1
970 2
971 1
972 0
973 1
974 0
975 1
976 1
977 0
978 1
979 1
980 1
981 1
982 0
983 0
984 1
985 0
986 0
987 0
988 1
989 0
990 1
991 1
992 2
993 0
994 1
995 1
996 1
997 0
998 0
999 1
1000 0
1001 2
0 1
1 1
2 1
3 1
4 3
5 2
6 1
7 2
8 1
9 1
10 1
11 1
12 1
13 0
14 3
15 1
16 0
17 3
18 2
19 1
20 2
21 2
22 2
23 1
24 1
25 1
26 0
27 2
28 1
29 0
30 1
31 2
32 2
33 1
34 3
35 2
36 2
37 3
38 0
39 2
40 2
41 1
42 1
43 2
44 1
45 1
46 0
47 2
48 0
49 1
50 2
51 1
52 2
53 1
54 3
55 1
56 2
57 3
58 3
59 0
60 1
61 0
62 2
63 0
64 1
65 1
66 2
67 0
68 1
69 2
70 0
71 1
72 1
73 0
74 2
75 1
76 2
77 1
78 2
79 2
80 2
81 3
82 2
83 4
84 1
85 2
86 2
87 2
88 1
89 1
90 0
91 2
92 1
93 1
94 1
95 1
96 1
97 1
98 1
99 0
100 2
101 1
102 2
103 0
104 1
105 1
106 0
107 0
108 1
109 2
110 1
111 0
112 1
113 2
114 2
115 2
116 1
117 1
118 1
119 1
120 1
121 1
122 1
123 1
124 1
125 1
126 1
127 1
128 1
129 2
130 1
131 1
132 1
133 1
134 0
135 2
136 2
137 1
138 2
139 1
140 2
141 2
142 1
143 1
144 1
145 2
146 1
147 1
148 2
149 0
150 1
151 2
152 1
153 2
154 2
155 1
156 1
157 2
158 1
159 3
160 1
161 0
162 1
163 1
164 0
165 2
166 1
167 2
168 1
169 1
170 1
171 1
172 1
173 2
174 0
175 1
176 1
177 2
178 0
179 1
180 1
181 1
182 1
183 1
184 1
185 1
186 2
187 3
188 2
189 2
190 1
191 1
192 1
193 1
194 2
195 1
196 1
197 1
198 0
199 0
200 1
201 1
202 1
203 1
204 0
205 2
206 3
207 1
208 1
209 3
210 3
211 1
212 1
213 1
214 2
215 2
216 2
217 0
218 3
219 3
220 2
221 1
222 1
223 1
224 2
225 3
226 0
227 2
228 2
229 1
230 2
231 0
232 2
233 2
234 2
235 1
236 2
237 2
238 2
239 1
240 1
241 3
242 1
243 1
244 0
245 2
246 0
247 1
248 2
249 2
250 2
251 2
252 2
253 3
254 1
255 1
256 2
257 0
258 0
259 1
260 0
261 1
262 3
263 2
264 3
265 2
266 1
267 1
268 0
269 0
270 0
271 0
272 0
273 0
274 0
275 1
276 0
277 2
278 0
279 0
280 0
281 0
282 0
283 0
284 0
285 0
286 1
287 0
288 1
289 0
290 0
291 0
292 2
293 1
294 1
295 0
296 1
297 0
298 0
299 0
300 1
301 1
302 1
303 2
304 2
305 2
306 2
307 0
308 1
309 0
310 0
311 0
312 0
313 1
314 1
315 0
316 0
317 1
318 0
319 0
320 0
321 0
322 0
323 0
324 1
325 1
326 1
327 1
328 0
329 0
330 0
331 1
332 0
333 1
334 0
335 0
336 0
337 0
338 1
339 1
340 0
341 0
342 0
343 1
344 1
345 0
346 0
347 1
348 0
349 0
350 2
351 0
352 1
353 1
354 0
355 0
356 1
357 0
358 0
359 0
360 0
361 0
362 0
363 1
364 1
365 0
366 1
367 0
368 0
369 1
370 0
371 0
372 0
373 0
374 0
375 1
376 0
377 0
378 0
379 1
380 0
381 1
382 0
383 1
384 0
385 0
386 0
387 0
388 0
389 0
390 0
391 0
392 0
393 0
394 0
395 0
396 0
397 0
398 0
399 0
400 0
401 0
402 0
403 0
404 1
405 0
406 0
407 1
408 1
409 2
410 0
411 0
412 0
413 2
414 0
415 0
416 1
417 0
418 1
419 1
420 2
421 0
422 1
423 1
424 1
425 2
426 0
427 0
428 1
429 0
430 0
431 0
432 1
433 1
434 1
435 0
436 1
437 2
438 2
439 3
440 1
441 2
442 1
443 0
444 0
445 1
446 0
447 0
448 2
449 0
450 1
451 4
452 2
453 1
454 0
455 2
456 2
457 2
458 2
459 2
460 2
461 1
462 1
463 1
464 2
465 1
466 0
467 2
468 2
469 2
470 2
471 2
472 1
473 3
474 2
475 0
476 1
477 2
478 2
479 2
480 1
481 2
482 1
483 1
484 1
485 2
486 1
487 0
488 1
489 0
490 0
491 2
492 0
493 0
494 2
495 1
496 1
497 1
498 1
499 0
500 0
501 2
502 0
503 1
504 2
505 1
506 1
507 0
508 0
509 1
510 2
511 0
512 1
513 2
514 1
515 0
516 1
517 1
518 1
519 0
520 1
521 1
522 1
523 0
524 0
525 3
526 2
527 2
528 2
529 1
530 1
531 2
532 2
533 0
534 0
535 1
536 0
537 1
538 0
539 1
540 1
541 0
542 1
543 1
544 0
545 1
546 1
547 0
548 1
549 1
550 2
551 1
552 2
553 0
554 0
555 1
556 1
557 0
558 1
559 1
560 1
561 0
562 1
563 0
564 1
565 1
566 0
567 0
568 0
569 1
570 0
571 1
572 1
573 1
574 0
575 1
576 0
577 0
578 1
579 3
580 0
581 2
582 4
583 2
584 2
585 1
586 2
587 2
588 1
589 1
590 3
591 1
592 2
593 1
594 1
595 0
596 2
597 1
598 2
599 1
600 2
601 1
602 2
603 4
604 1
605 2
606 1
607 0
608 0
609 1
610 0
611 0
612 0
613 1
614 1
615 0
616 1
617 2
618 1
619 0
620 0
621 1
622 1
623 0
624 0
625 0
626 1
627 1
628 2
629 0
630 1
631 1
632 1
633 2
634 2
635 0
636 2
637 0
638 1
639 1
640 0
641 1
642 2
643 2
644 0
645 2
646 1
647 2
648 0
649 2
650 1
651 1
652 2
653 2
654 1
655 1
656 2
657 3
658 1
659 0
660 1
661 0
662 1
663 0
664 1
665 0
666 2
667 1
668 1
669 1
670 1
671 2
672 3
673 4
674 0
675 0
676 2
677 0
678 1
679 3
680 1
681 3
682 1
683 0
684 1
685 2
686 1
687 2
688 0
689 2
690 0
691 0
692 2
693 2
694 2
695 4
696 1
697 1
698 1
699 1
700 0
701 0
702 0
703 3
704 2
705 1
706 0
707 1
708 2
709 0
710 1
711 1
712 1
713 2
714 2
715 2
716 2
717 2
718 1
719 1
720 1
721 1
722 1
723 1
724 0
725 2
726 1
727 0
728 0
729 1
730 0
731 0
732 2
733 0
734 3
735 3
736 2
737 2
738 1
739 1
740 2
741 1
742 2
743 1
744 0
745 1
746 2
747 2
748 2
749 0
750 2
751 2
752 1
753 1
754 0
755 2
756 1
757 1
758 2
759 2
760 1
761 1
762 0
763 0
764 1
765 1
766 1
767 1
768 0
769 0
770 1
771 2
772 0
773 1
774 1
775 1
776 2
777 1
778 1
779 1
780 0
781 1
782 0
783 1
784 1
785 2
786 0
787 0
788 1
789 3
790 0
791 1
792 1
793 2
794 2
795 2
796 1
797 0
798 1
799 2
800 0
801 1
802 0
803 1
804 0
805 0
806 0
807 0
808 0
809 0
810 0
811 0
812 0
813 2
814 0
815 0
816 1
817 1
818 1
819 0
820 0
821 0
822 1
823 1
824 0
825 0
826 0
827 0
828 0
829 2
830 0
831 0
832 0
833 1
834 0
835 0
836 1
837 1
838 0
839 0
840 0
841 1
842 0
843 1
844 0
845 1
846 2
847 1
848 1
849 0
850 0
851 0
852 0
853 1
854 0
855 0
856 1
857 0
858 0
859 0
860 0
861 0
862 0
863 0
864 1
865 0
866 0
867 1
868 0
869 0
870 0
871 1
872 0
873 1
874 0
875 0
876 1
877 0
878 1
879 0
880 0
881 1
882 0
883 1
884 2
885 1
886 3
887 1
888 0
889 2
890 0
891 2
892 2
893 2
894 0
895 0
896 0
897 4
898 0
899 1
900 0
901 0
902 0
903 0
904 0
905 0
906 0
907 0
908 1
909 1
910 0
911 0
912 1
913 1
914 0
915 2
916 0
917 0
918 0
919 0
920 2
921 0
922 0
923 1
924 0
925 0
926 2
927 0
928 0
929 1
930 0
931 0
932 1
933 1
934 1
935 0
936 3
937 0
938 0
939 0
940 1
941 0
942 0
943 0
944 0
945 0
946 0
947 0
948 0
949 1
950 1
951 2
952 1
953 1
954 1
955 1
956 0
957 0
958 1
959 0
960 1
961 2
962 0
963 0
964 2
965 1
966 3
967 1
968 1
969 2
970 1
971 0
972 0
973 0
974 2
975 0
976 1
977 1
978 0
979 0
980 0
981 0
982 0
983 0
984 0
985 1
986 0
987 0
988 0
989 0
990 1
991 0
992 0
993 2
994 1
995 0
996 0
997 0
998 1
999 2
1000 0
1001 1
