0 7
1 7
2 9
3 10
4 8
5 10
6 8
7 7
8 11
9 9
10 6
11 7
12 9
13 10
14 8
15 9
16 9
17 7
18 9
19 9
20 4
21 9
22 7
23 12
24 6
25 10
26 11
27 9
28 7
29 7
30 7
31 7
32 11
33 9
34 7
35 7
36 8
37 11
38 10
39 8
40 7
41 11
42 7
43 9
44 7
45 9
46 7
47 9
48 7
49 8
50 11
51 10
52 10
53 11
54 8
55 6
56 8
57 9
58 6
59 8
60 8
61 6
62 8
63 10
64 10
65 7
66 9
67 12
68 9
69 10
70 12
71 13
72 10
73 8
74 7
75 11
76 10
77 9
78 7
79 9
80 10
81 10
82 9
83 9
84 9
85 10
86 8
87 9
88 7
89 7
90 9
91 9
92 12
93 6
94 8
95 8
96 10
97 11
98 10
99 9
100 9
101 8
102 8
103 8
104 6
105 8
106 8
107 8
108 8
109 8
110 9
111 9
112 5
113 8
114 6
115 7
116 5
117 9
118 7
119 8
120 9
121 5
122 5
123 8
124 7
125 6
126 6
127 9
128 8
129 7
130 8
131 8
132 8
133 9
134 10
135 11
136 8
137 9
138 8
139 9
140 8
141 7
142 8
143 6
144 9
145 8
146 5
147 9
148 9
149 8
150 5
151 7
152 7
153 6
154 6
155 5
156 5
157 9
158 10
159 7
160 10
161 9
162 8
163 7
164 10
165 9
166 3
167 9
168 8
169 10
170 6
171 8
172 8
173 10
174 9
175 9
176 3
177 5
178 5
179 8
180 8
181 10
182 8
183 8
184 9
185 9
186 5
187 10
188 10
189 7
190 10
191 8
192 10
193 4
194 9
195 8
196 4
197 10
198 11
199 6
200 10
201 9
202 10
203 8
204 7
205 9
206 8
207 6
208 9
209 12
210 7
211 7
212 5
213 8
214 8
215 5
216 6
217 7
218 11
219 9
220 8
221 8
222 10
223 8
224 6
225 7
226 10
227 10
228 8
229 9
230 11
231 10
232 9
233 8
234 7
235 10
236 8
237 7
238 6
239 7
240 7
241 11
242 10
243 9
244 9
245 11
246 13
247 11
248 8
249 10
250 10
251 6
252 6
253 7
254 7
255 9
256 5
257 9
258 9
259 8
260 6
261 8
262 8
263 8
264 10
265 8
266 7
267 12
268 8
269 9
270 11
271 10
272 12
273 7
274 9
275 7
276 11
277 10
278 5
279 10
280 8
281 10
282 7
283 6
284 9
285 11
286 9
287 7
288 8
289 8
290 8
291 5
292 6
293 6
294 10
295 9
296 9
297 8
298 8
299 6
300 8
301 10
302 8
303 9
304 9
305 11
306 8
307 9
308 6
309 10
310 8
311 6
312 11
313 10
314 8
315 9
316 9
317 6
318 8
319 8
320 8
321 7
322 9
323 7
324 5
325 7
326 8
327 9
328 7
329 8
330 8
331 5
332 8
333 9
334 9
335 10
336 9
337 5
338 9
339 5
340 7
341 4
342 6
343 9
344 9
345 7
346 6
347 5
348 7
349 8
350 7
351 7
352 7
353 8
354 4
355 8
356 7
357 9
358 8
359 8
360 5
361 6
362 5
363 8
364 8
365 8
366 6
367 9
368 7
369 5
370 9
371 9
372 7
373 6
374 5
375 7
376 7
377 4
378 10
379 8
380 7
381 7
382 9
383 7
384 8
385 8
386 8
387 11
388 5
389 7
390 9
391 10
392 8
393 5
394 7
395 8
396 6
397 8
398 9
399 8
400 5
401 9
402 10
403 8
404 10
405 9
406 4
407 7
408 6
409 8
410 7
411 7
412 6
413 10
414 6
415 10
416 5
417 7
418 8
419 6
420 7
421 9
422 9
423 8
424 9
425 6
426 7
427 5
428 9
429 7
430 7
431 6
432 8
433 6
434 3
435 9
436 6
437 6
438 10
439 7
440 6
441 8
442 5
443 6
444 5
445 6
446 6
447 6
448 7
449 5
450 4
451 8
452 7
453 6
454 5
455 5
456 6
457 4
458 4
459 7
460 4
461 5
462 4
463 7
464 4
465 4
466 6
467 7
468 5
469 7
470 6
471 7
472 5
473 2
474 5
475 5
476 6
477 9
478 6
479 8
480 6
481 8
482 4
483 7
484 6
485 7
486 8
487 6
488 4
489 4
490 7
491 6
492 6
493 7
494 6
495 5
496 2
497 7
498 7
499 6
500 3
501 5
502 7
503 5
504 8
505 6
506 5
507 5
508 7
509 7
510 8
511 4
512 6
513 5
514 8
515 7
516 4
517 5
518 8
519 6
520 5
521 5
522 6
523 6
524 6
525 8
526 4
527 6
528 5
529 7
530 6
531 7
532 7
533 8
534 7
535 6
536 5
537 5
538 5
539 8
540 3
541 6
542 7
543 7
544 8
545 9
546 8
547 6
548 7
549 8
550 6
551 5
552 5
553 8
554 5
555 9
556 6
557 6
558 5
559 7
560 6
561 4
562 3
563 6
564 7
565 7
566 5
567 6
568 8
569 4
570 7
571 8
572 6
573 7
574 3
575 7
576 7
577 7
578 5
579 6
580 6
581 7
582 4
583 8
584 5
585 7
586 4
587 7
588 6
589 4
590 9
591 8
592 7
593 8
594 6
595 5
596 6
597 2
598 7
599 7
600 5
601 6
602 4
603 8
604 5
605 9
606 7
607 4
608 8
609 6
610 5
611 6
612 8
613 7
614 6
615 7
616 4
617 4
618 5
619 6
620 5
621 8
622 6
623 6
624 6
625 4
626 4
627 6
628 5
629 5
630 6
631 5
632 5
633 6
634 6
635 7
636 7
637 7
638 6
639 4
640 3
641 4
642 7
643 5
644 7
645 6
646 6
647 4
648 5
649 5
650 6
651 6
652 7
653 6
654 6
655 7
656 5
657 4
658 7
659 5
660 6
661 5
662 7
663 4
664 6
665 5
666 7
667 7
668 6
669 2
670 5
671 7
672 3
673 6
674 7
675 6
676 6
677 8
678 6
679 5
680 7
681 3
682 6
683 7
684 6
685 7
686 4
687 8
688 6
689 5
690 6
691 5
692 7
693 6
694 6
695 6
696 6
697 7
698 6
699 4
700 6
701 5
702 5
703 5
704 5
705 5
706 9
707 9
708 7
709 8
710 10
711 6
712 7
713 6
714 6
715 7
716 7
717 7
718 4
719 2
720 5
721 7
722 7
723 5
724 5
725 5
726 3
727 4
728 8
729 6
730 6
731 6
732 7
733 8
734 5
735 6
736 5
737 8
738 7
739 6
740 5
741 7
742 4
743 6
744 4
745 6
746 6
747 6
748 7
749 8
750 6
751 7
752 3
753 6
754 6
755 5
756 5
757 3
758 8
759 2
760 6
761 6
762 5
763 3
764 5
765 7
766 9
767 8
768 5
769 3
770 8
771 6
772 6
773 3
774 5
775 9
776 5
777 5
778 9
779 7
780 7
781 7
782 5
783 4
784 8
785 4
786 4
787 5
788 7
789 5
790 7
791 5
792 7
793 5
794 6
795 5
796 5
797 3
798 5
799 4
800 8
801 6
802 5
803 6
804 7
805 7
806 8
807 4
808 9
809 5
810 5
811 6
812 7
813 6
814 4
815 5
816 5
817 7
818 6
819 4
820 6
821 9
822 7
823 6
824 6
825 6
826 6
827 4
828 5
829 4
830 3
831 7
832 7
833 5
834 6
835 2
836 5
837 6
838 6
839 6
840 4
841 6
842 6
843 7
844 5
845 8
846 6
847 5
848 5
849 5
850 5
851 6
852 7
853 5
854 4
855 4
856 6
857 5
858 8
859 9
860 7
861 7
862 5
863 6
864 7
865 5
866 6
867 5
868 6
869 6
870 5
871 5
872 7
873 7
874 6
875 5
876 4
877 8
878 4
879 7
880 5
881 8
882 8
883 5
884 7
885 4
886 6
887 7
888 7
889 5
890 3
891 7
892 7
893 6
894 6
895 7
896 5
897 7
898 8
899 8
900 4
901 5
902 5
903 7
904 4
905 7
906 7
907 7
908 8
909 6
910 5
911 6
912 5
913 8
914 6
915 7
916 5
917 8
918 8
919 6
920 8
921 4
922 7
923 6
924 6
925 7
926 6
927 7
928 5
929 7
930 9
931 6
932 7
933 7
934 8
935 7
936 5
937 7
938 8
939 8
940 6
941 10
942 7
943 6
944 6
945 3
946 2
947 5
948 5
949 6
950 9
951 8
952 7
953 9
954 5
955 3
956 8
957 8
958 7
959 6
960 7
961 8
962 7
963 7
964 5
965 7
966 7
967 4
968 6
969 6
970 7
971 7
972 6
973 9
974 7
975 6
976 7
977 5
978 6
979 6
980 7
981 6
982 6
983 5
984 6
985 7
986 4
987 7
988 6
989 5
990 5
991 8
992 5
993 7
994 3
995 7
996 4
997 7
998 8
999 6
1000 8
1001 8
0 7
1 7
2 9
3 7
4 10
5 5
6 7
7 7
8 9
9 8
10 9
11 6
12 7
13 10
14 9
15 9
16 9
17 7
18 7
19 8
20 10
21 8
22 9
23 7
24 7
25 7
26 6
27 10
28 8
29 11
30 8
31 9
32 10
33 9
34 8
35 6
36 7
37 9
38 5
39 9
40 9
41 9
42 6
43 9
44 6
45 10
46 7
47 7
48 6
49 7
50 8
51 6
52 8
53 7
54 10
55 8
56 9
57 6
58 9
59 9
60 9
61 9
62 8
63 8
64 6
65 6
66 4
67 8
68 6
69 8
70 7
71 7
72 3
73 6
74 7
75 7
76 6
77 5
78 6
79 6
80 8
81 6
82 11
83 9
84 5
85 7
86 7
87 10
88 6
89 6
90 6
91 11
92 5
93 9
94 11
95 7
96 9
97 7
98 9
99 7
100 6
101 7
102 9
103 6
104 5
105 8
106 5
107 8
108 9
109 8
110 8
111 10
112 10
113 8
114 6
115 7
116 7
117 7
118 6
119 9
120 6
121 5
122 5
123 8
124 7
125 8
126 7
127 6
128 5
129 7
130 8
131 7
132 8
133 6
134 6
135 7
136 9
137 6
138 6
139 6
140 5
141 11
142 9
143 8
144 6
145 7
146 4
147 9
148 4
149 7
150 6
151 5
152 6
153 8
154 7
155 6
156 8
157 11
158 8
159 6
160 6
161 4
162 7
163 8
164 4
165 4
166 5
167 6
168 4
169 7
170 6
171 7
172 6
173 6
174 7
175 6
176 6
177 10
178 5
179 7
180 9
181 5
182 9
183 7
184 6
185 3
186 7
187 6
188 7
189 7
190 5
191 6
192 4
193 6
194 6
195 6
196 8
197 8
198 5
199 7
200 4
201 6
202 9
203 6
204 9
205 7
206 4
207 6
208 7
209 5
210 5
211 5
212 6
213 6
214 5
215 8
216 10
217 10
218 6
219 7
220 6
221 4
222 6
223 7
224 6
225 6
226 8
227 8
228 6
229 6
230 6
231 7
232 3
233 5
234 4
235 5
236 7
237 6
238 4
239 7
240 7
241 5
242 6
243 6
244 5
245 8
246 6
247 4
248 6
249 9
250 7
251 5
252 6
253 3
254 8
255 6
256 8
257 6
258 8
259 7
260 7
261 5
262 8
263 8
264 5
265 1
266 6
267 9
268 8
269 4
270 4
271 7
272 7
273 4
274 7
275 5
276 8
277 6
278 5
279 6
280 4
281 8
282 5
283 6
284 6
285 8
286 7
287 6
288 5
289 8
290 7
291 7
292 6
293 9
294 6
295 6
296 8
297 10
298 9
299 10
300 9
301 9
302 6
303 7
304 5
305 7
306 9
307 8
308 10
309 7
310 8
311 7
312 8
313 7
314 9
315 8
316 7
317 9
318 9
319 8
320 9
321 6
322 7
323 10
324 6
325 9
326 9
327 5
328 6
329 10
330 7
331 7
332 6
333 8
334 8
335 7
336 5
337 7
338 5
339 7
340 7
341 6
342 6
343 10
344 6
345 6
346 7
347 7
348 8
349 8
350 6
351 9
352 6
353 8
354 8
355 10
356 8
357 6
358 6
359 9
360 9
361 6
362 3
363 8
364 7
365 7
366 8
367 9
368 6
369 6
370 5
371 8
372 8
373 9
374 7
375 7
376 7
377 7
378 6
379 4
380 7
381 4
382 7
383 7
384 4
385 4
386 5
387 6
388 7
389 8
390 6
391 9
392 6
393 7
394 6
395 5
396 7
397 3
398 4
399 2
400 8
401 9
402 6
403 7
404 8
405 8
406 4
407 7
408 7
409 5
410 7
411 9
412 6
413 7
414 9
415 7
416 6
417 6
418 7
419 7
420 9
421 8
422 7
423 7
424 6
425 6
426 5
427 6
428 7
429 5
430 7
431 2
432 6
433 7
434 8
435 9
436 8
437 7
438 8
439 6
440 8
441 9
442 7
443 10
444 9
445 8
446 9
447 8
448 3
449 7
450 4
451 6
452 3
453 7
454 7
455 7
456 9
457 5
458 6
459 8
460 5
461 7
462 7
463 7
464 7
465 6
466 5
467 6
468 8
469 8
470 8
471 6
472 7
473 7
474 7
475 8
476 6
477 6
478 9
479 7
480 6
481 7
482 5
483 7
484 9
485 6
486 6
487 7
488 7
489 6
490 8
491 7
492 6
493 8
494 6
495 5
496 6
497 6
498 8
499 10
500 7
501 7
502 11
503 9
504 4
505 6
506 5
507 7
508 9
509 6
510 7
511 7
512 7
513 7
514 9
515 7
516 8
517 9
518 9
519 6
520 6
521 7
522 6
523 7
524 9
525 6
526 5
527 7
528 6
529 8
530 8
531 6
532 7
533 9
534 7
535 7
536 6
537 7
538 7
539 8
540 7
541 8
542 9
543 8
544 7
545 7
546 7
547 6
548 7
549 10
550 8
551 8
552 6
553 7
554 10
555 8
556 5
557 5
558 10
559 5
560 10
561 5
562 8
563 5
564 6
565 8
566 7
567 7
568 6
569 8
570 9
571 10
572 6
573 10
574 9
575 5
576 8
577 7
578 9
579 7
580 8
581 6
582 7
583 5
584 11
585 5
586 7
587 2
588 8
589 9
590 5
591 6
592 8
593 8
594 8
595 5
596 7
597 7
598 7
599 6
600 7
601 6
602 6
603 8
604 7
605 4
606 10
607 7
608 8
609 8
610 7
611 8
612 11
613 8
614 5
615 7
616 6
617 9
618 9
619 7
620 6
621 10
622 8
623 6
624 8
625 8
626 6
627 5
628 6
629 6
630 6
631 5
632 8
633 5
634 7
635 4
636 6
637 7
638 7
639 4
640 7
641 7
642 6
643 6
644 6
645 4
646 7
647 5
648 6
649 8
650 7
651 8
652 8
653 9
654 9
655 5
656 7
657 6
658 8
659 3
660 6
661 7
662 7
663 6
664 5
665 7
666 10
667 7
668 6
669 9
670 5
671 6
672 4
673 6
674 8
675 7
676 7
677 7
678 4
679 8
680 6
681 6
682 8
683 5
684 6
685 6
686 8
687 7
688 5
689 6
690 6
691 7
692 5
693 8
694 7
695 5
696 5
697 5
698 5
699 6
700 7
701 4
702 4
703 5
704 7
705 7
706 6
707 6
708 7
709 4
710 5
711 5
712 6
713 4
714 8
715 7
716 4
717 3
718 6
719 4
720 5
721 6
722 4
723 8
724 5
725 9
726 8
727 5
728 8
729 5
730 5
731 6
732 8
733 6
734 2
735 7
736 5
737 7
738 3
739 6
740 7
741 7
742 9
743 5
744 7
745 7
746 6
747 7
748 6
749 6
750 3
751 7
752 5
753 8
754 7
755 8
756 7
757 6
758 7
759 4
760 8
761 9
762 7
763 4
764 4
765 6
766 6
767 7
768 6
769 6
770 6
771 9
772 8
773 7
774 5
775 7
776 8
777 5
778 6
779 4
780 7
781 6
782 5
783 6
784 6
785 5
786 6
787 7
788 9
789 7
790 8
791 8
792 7
793 7
794 7
795 6
796 9
797 5
798 6
799 4
800 8
801 6
802 4
803 5
804 8
805 7
806 7
807 7
808 6
809 10
810 7
811 5
812 5
813 6
814 9
815 7
816 6
817 7
818 7
819 9
820 8
821 5
822 6
823 7
824 6
825 8
826 5
827 8
828 7
829 6
830 7
831 7
832 9
833 4
834 4
835 6
836 7
837 10
838 7
839 7
840 7
841 8
842 8
843 6
844 6
845 6
846 7
847 6
848 6
849 5
850 7
851 7
852 8
853 8
854 6
855 5
856 4
857 5
858 7
859 7
860 5
861 5
862 7
863 5
864 10
865 7
866 4
867 7
868 7
869 8
870 5
871 5
872 6
873 7
874 6
875 7
876 8
877 5
878 9
879 7
880 5
881 5
882 7
883 6
884 8
885 7
886 7
887 8
888 6
889 4
890 7
891 6
892 4
893 6
894 7
895 8
896 6
897 7
898 5
899 6
900 8
901 7
902 6
903 4
904 5
905 7
906 5
907 7
908 6
909 3
910 5
911 9
912 8
913 7
914 8
915 6
916 9
917 7
918 8
919 7
920 5
921 9
922 7
923 5
924 6
925 7
926 6
927 6
928 8
929 7
930 7
931 6
932 5
933 8
934 9
935 6
936 8
937 6
938 7
939 7
940 6
941 5
942 6
943 6
944 4
945 7
946 8
947 7
948 7
949 6
950 6
951 5
952 7
953 7
954 6
955 7
956 8
957 8
958 6
959 3
960 5
961 5
962 6
963 8
964 5
965 9
966 6
967 8
968 2
969 3
970 8
971 8
972 4
973 7
974 6
975 5
976 7
977 5
978 5
979 6
980 6
981 8
982 7
983 6
984 6
985 6
986 5
987 6
988 4
989 6
990 9
991 6
992 5
993 7
994 6
995 6
996 5
997 4
998 6
999 6
1000 8
1001 6
0 7
1 6
2 7
3 6
4 5
5 6
6 7
7 6
8 5
9 2
10 6
11 7
12 7
13 5
14 3
15 7
16 9
17 7
18 8
19 7
20 5
21 8
22 6
23 8
24 7
25 4
26 5
27 6
28 5
29 7
30 3
31 8
32 7
33 4
34 5
35 6
36 7
37 5
38 5
39 4
40 7
41 5
42 5
43 5
44 7
45 6
46 8
47 6
48 7
49 6
50 7
51 7
52 6
53 7
54 7
55 5
56 7
57 5
58 5
59 5
60 6
61 6
62 6
63 9
64 6
65 6
66 6
67 6
68 6
69 9
70 5
71 4
72 6
73 7
74 7
75 8
76 7
77 5
78 7
79 7
80 6
81 5
82 7
83 7
84 5
85 7
86 9
87 6
88 7
89 4
90 7
91 7
92 6
93 5
94 5
95 7
96 8
97 6
98 6
99 8
100 8
101 6
102 6
103 6
104 6
105 6
106 6
107 6
108 6
109 7
110 7
111 5
112 8
113 8
114 8
115 5
116 4
117 4
118 6
119 5
120 5
121 4
122 4
123 7
124 4
125 6
126 6
127 5
128 9
129 9
130 7
131 8
132 7
133 7
134 8
135 8
136 8
137 5
138 6
139 6
140 9
141 5
142 9
143 6
144 6
145 7
146 7
147 4
148 7
149 6
150 7
151 5
152 7
153 6
154 6
155 6
156 6
157 5
158 5
159 8
160 7
161 5
162 7
163 8
164 6
165 6
166 6
167 8
168 3
169 8
170 8
171 7
172 5
173 5
174 8
175 9
176 8
177 7
178 5
179 9
180 9
181 6
182 7
183 9
184 6
185 6
186 7
187 4
188 6
189 7
190 7
191 5
192 8
193 8
194 8
195 7
196 9
197 7
198 6
199 5
200 7
201 8
202 5
203 6
204 5
205 9
206 5
207 7
208 7
209 6
210 5
211 7
212 7
213 5
214 5
215 6
216 4
217 6
218 7
219 5
220 9
221 5
222 4
223 6
224 7
225 6
226 6
227 9
228 4
229 5
230 6
231 5
232 6
233 8
234 5
235 7
236 7
237 7
238 5
239 6
240 5
241 6
242 8
243 7
244 8
245 9
246 7
247 4
248 7
249 8
250 8
251 5
252 9
253 6
254 7
255 6
256 9
257 5
258 6
259 9
260 7
261 4
262 7
263 4
264 7
265 9
266 6
267 6
268 5
269 6
270 3
271 4
272 8
273 8
274 7
275 5
276 6
277 4
278 6
279 4
280 4
281 7
282 6
283 3
284 7
285 5
286 5
287 7
288 6
289 10
290 6
291 6
292 6
293 9
294 6
295 7
296 6
297 5
298 9
299 5
300 6
301 6
302 10
303 7
304 5
305 5
306 5
307 5
308 8
309 4
310 9
311 5
312 7
313 8
314 4
315 6
316 8
317 6
318 7
319 6
320 7
321 4
322 6
323 8
324 6
325 6
326 9
327 5
328 7
329 6
330 8
331 7
332 8
333 8
334 5
335 8
336 7
337 8
338 7
339 9
340 4
341 8
342 9
343 8
344 7
345 8
346 5
347 9
348 6
349 9
350 4
351 7
352 7
353 8
354 4
355 6
356 7
357 10
358 9
359 7
360 4
361 5
362 5
363 4
364 7
365 4
366 9
367 7
368 7
369 5
370 6
371 8
372 7
373 9
374 6
375 8
376 10
377 4
378 6
379 7
380 9
381 5
382 9
383 6
384 7
385 7
386 8
387 6
388 7
389 6
390 5
391 5
392 5
393 2
394 7
395 6
396 5
397 5
398 5
399 6
400 3
401 3
402 6
403 2
404 6
405 6
406 5
407 4
408 8
409 6
410 7
411 6
412 5
413 7
414 3
415 5
416 7
417 6
418 7
419 4
420 5
421 5
422 5
423 9
424 8
425 6
426 7
427 5
428 5
429 5
430 7
431 6
432 8
433 10
434 6
435 3
436 9
437 5
438 5
439 8
440 8
441 6
442 4
443 7
444 5
445 7
446 5
447 8
448 7
449 6
450 10
451 8
452 5
453 7
454 6
455 7
456 6
457 6
458 7
459 6
460 6
461 5
462 8
463 4
464 7
465 8
466 5
467 7
468 5
469 7
470 4
471 5
472 7
473 3
474 5
475 3
476 3
477 6
478 3
479 7
480 10
481 6
482 6
483 3
484 5
485 5
486 4
487 7
488 9
489 6
490 8
491 7
492 5
493 8
494 5
495 4
496 8
497 6
498 7
499 6
500 3
501 7
502 7
503 5
504 6
505 8
506 5
507 9
508 4
509 8
510 7
511 9
512 5
513 9
514 8
515 8
516 8
517 6
518 10
519 8
520 4
521 6
522 8
523 6
524 5
525 6
526 4
527 10
528 5
529 5
530 7
531 4
532 4
533 7
534 6
535 9
536 6
537 9
538 7
539 7
540 4
541 5
542 6
543 8
544 6
545 7
546 3
547 6
548 6
549 7
550 6
551 5
552 8
553 6
554 7
555 6
556 7
557 8
558 7
559 6
560 8
561 6
562 8
563 6
564 7
565 6
566 6
567 9
568 9
569 4
570 8
571 8
572 6
573 8
574 7
575 10
576 7
577 8
578 8
579 4
580 6
581 7
582 7
583 7
584 6
585 6
586 6
587 8
588 8
589 8
590 8
591 6
592 6
593 7
594 6
595 7
596 8
597 8
598 8
599 8
600 5
601 8
602 4
603 5
604 5
605 9
606 5
607 7
608 7
609 6
610 9
611 8
612 7
613 6
614 7
615 8
616 5
617 8
618 9
619 6
620 8
621 5
622 6
623 10
624 7
625 6
626 6
627 8
628 3
629 8
630 9
631 5
632 9
633 7
634 7
635 7
636 6
637 8
638 6
639 8
640 7
641 4
642 5
643 7
644 8
645 6
646 5
647 6
648 8
649 8
650 6
651 6
652 7
653 8
654 6
655 7
656 7
657 5
658 5
659 6
660 6
661 7
662 5
663 5
664 8
665 7
666 6
667 8
668 6
669 6
670 7
671 6
672 6
673 7
674 7
675 6
676 7
677 4
678 7
679 6
680 6
681 6
682 9
683 7
684 9
685 4
686 5
687 7
688 3
689 6
690 5
691 9
692 5
693 7
694 6
695 4
696 11
697 6
698 7
699 7
700 6
701 7
702 7
703 8
704 7
705 8
706 5
707 4
708 7
709 5
710 6
711 8
712 5
713 7
714 5
715 4
716 5
717 4
718 4
719 7
720 7
721 5
722 4
723 6
724 7
725 7
726 7
727 5
728 5
729 4
730 6
731 4
732 3
733 4
734 7
735 4
736 7
737 7
738 5
739 5
740 6
741 9
742 6
743 5
744 4
745 4
746 5
747 2
748 4
749 7
750 9
751 6
752 8
753 6
754 4
755 8
756 6
757 4
758 6
759 5
760 4
761 7
762 6
763 5
764 3
765 5
766 4
767 6
768 9
769 7
770 7
771 7
772 6
773 9
774 9
775 5
776 5
777 7
778 5
779 4
780 6
781 5
782 6
783 5
784 4
785 6
786 5
787 4
788 4
789 6
790 8
791 7
792 6
793 6
794 8
795 6
796 6
797 6
798 5
799 6
800 6
801 7
802 7
803 7
804 7
805 7
806 4
807 7
808 7
809 7
810 6
811 6
812 6
813 3
814 4
815 9
816 6
817 2
818 4
819 6
820 5
821 3
822 6
823 4
824 5
825 5
826 5
827 6
828 5
829 8
830 7
831 5
832 7
833 4
834 5
835 3
836 5
837 6
838 6
839 8
840 7
841 6
842 6
843 4
844 7
845 6
846 8
847 8
848 6
849 7
850 8
851 7
852 7
853 6
854 4
855 7
856 8
857 8
858 7
859 7
860 9
861 8
862 7
863 8
864 8
865 7
866 8
867 7
868 7
869 5
870 8
871 5
872 8
873 8
874 7
875 5
876 4
877 6
878 6
879 8
880 7
881 6
882 9
883 6
884 8
885 8
886 8
887 7
888 6
889 8
890 8
891 5
892 8
893 8
894 6
895 7
896 5
897 6
898 8
899 5
900 9
901 9
902 7
903 3
904 8
905 8
906 6
907 5
908 7
909 3
910 5
911 6
912 7
913 6
914 6
915 5
916 5
917 8
918 4
919 10
920 4
921 6
922 8
923 3
924 5
925 6
926 8
927 6
928 7
929 7
930 6
931 5
932 4
933 5
934 7
935 6
936 5
937 6
938 6
939 4
940 5
941 6
942 7
943 5
944 5
945 9
946 5
947 7
948 8
949 7
950 6
951 8
952 5
953 7
954 8
955 7
956 5
957 9
958 6
959 7
960 8
961 4
962 8
963 7
964 9
965 5
966 8
967 6
968 7
969 5
970 6
971 7
972 5
973 4
974 5
975 11
976 4
977 3
978 5
979 5
980 4
981 6
982 3
983 7
984 10
985 5
986 4
987 6
988 8
989 10
990 8
991 5
992 7
993 3
994 5
995 4
996 8
997 9
998 4
999 7
1000 9
1001 7
0 7
1 7
2 10
3 8
4 9
5 8
6 10
7 7
8 7
9 6
10 8
11 7
12 6
13 10
14 11
15 8
16 6
17 8
18 5
19 5
20 9
21 6
22 9
23 8
24 7
25 9
26 7
27 7
28 8
29 9
30 8
31 7
32 5
33 8
34 7
35 9
36 10
37 8
38 8
39 10
40 10
41 11
42 8
43 8
44 5
45 6
46 6
47 9
48 7
49 11
50 8
51 9
52 9
53 8
54 9
55 6
56 9
57 6
58 6
59 9
60 8
61 9
62 11
63 8
64 9
65 8
66 6
67 7
68 10
69 10
70 13
71 11
72 7
73 11
74 9
75 7
76 10
77 6
78 8
79 7
80 9
81 6
82 10
83 10
84 5
85 7
86 9
87 5
88 5
89 6
90 10
91 7
92 5
93 6
94 5
95 4
96 8
97 5
98 5
99 5
100 4
101 6
102 6
103 4
104 4
105 5
106 7
107 5
108 6
109 5
110 9
111 6
112 6
113 3
114 7
115 2
116 5
117 6
118 6
119 6
120 6
121 5
122 7
123 5
124 6
125 8
126 7
127 4
128 7
129 6
130 4
131 2
132 4
133 9
134 4
135 6
136 7
137 6
138 4
139 5
140 7
141 7
142 7
143 5
144 5
145 8
146 7
147 5
148 7
149 3
150 6
151 5
152 6
153 7
154 6
155 7
156 7
157 5
158 6
159 6
160 6
161 7
162 7
163 8
164 4
165 7
166 7
167 8
168 6
169 6
170 8
171 6
172 4
173 4
174 6
175 5
176 8
177 4
178 6
179 5
180 7
181 6
182 4
183 4
184 7
185 5
186 6
187 7
188 7
189 4
190 4
191 5
192 3
193 5
194 6
195 5
196 5
197 5
198 5
199 7
200 6
201 7
202 5
203 3
204 5
205 5
206 7
207 8
208 4
209 5
210 5
211 7
212 5
213 2
214 6
215 6
216 2
217 5
218 6
219 5
220 5
221 2
222 5
223 9
224 4
225 4
226 5
227 9
228 6
229 5
230 9
231 7
232 5
233 3
234 3
235 4
236 7
237 8
238 5
239 3
240 8
241 4
242 5
243 8
244 7
245 7
246 5
247 9
248 8
249 6
250 6
251 3
252 6
253 3
254 6
255 4
256 4
257 6
258 7
259 6
260 5
261 7
262 5
263 1
264 5
265 6
266 6
267 4
268 6
269 6
270 6
271 4
272 5
273 4
274 8
275 4
276 4
277 6
278 5
279 3
280 6
281 5
282 7
283 6
284 5
285 6
286 5
287 4
288 5
289 3
290 5
291 4
292 7
293 5
294 4
295 6
296 3
297 6
298 5
299 3
300 7
301 6
302 5
303 4
304 6
305 7
306 5
307 4
308 7
309 6
310 6
311 5
312 5
313 7
314 5
315 5
316 7
317 6
318 5
319 4
320 4
321 7
322 6
323 8
324 6
325 4
326 6
327 8
328 4
329 3
330 4
331 4
332 4
333 4
334 4
335 6
336 5
337 6
338 4
339 8
340 8
341 9
342 5
343 5
344 5
345 5
346 6
347 5
348 3
349 5
350 7
351 8
352 3
353 6
354 6
355 2
356 4
357 5
358 8
359 4
360 5
361 5
362 7
363 4
364 4
365 5
366 4
367 6
368 6
369 4
370 4
371 7
372 5
373 6
374 4
375 5
376 6
377 3
378 7
379 4
380 6
381 6
382 6
383 5
384 6
385 6
386 6
387 8
388 6
389 5
390 6
391 4
392 5
393 4
394 6
395 7
396 5
397 6
398 4
399 7
400 3
401 6
402 5
403 6
404 4
405 4
406 5
407 8
408 4
409 7
410 5
411 7
412 4
413 1
414 3
415 5
416 6
417 3
418 6
419 5
420 3
421 7
422 2
423 5
424 7
425 6
426 6
427 8
428 8
429 6
430 7
431 4
432 7
433 8
434 3
435 8
436 5
437 5
438 6
439 4
440 8
441 7
442 9
443 6
444 7
445 5
446 7
447 5
448 5
449 6
450 6
451 5
452 3
453 5
454 6
455 5
456 4
457 7
458 5
459 8
460 5
461 5
462 5
463 6
464 3
465 7
466 4
467 5
468 6
469 5
470 6
471 6
472 5
473 5
474 5
475 4
476 5
477 4
478 2
479 6
480 8
481 6
482 4
483 6
484 4
485 4
486 3
487 4
488 7
489 6
490 6
491 6
492 5
493 4
494 4
495 4
496 6
497 3
498 8
499 5
500 5
501 8
502 5
503 5
504 6
505 5
506 8
507 5
508 5
509 10
510 5
511 6
512 6
513 3
514 3
515 5
516 7
517 9
518 6
519 5
520 6
521 6
522 6
523 7
524 8
525 2
526 5
527 8
528 5
529 7
530 5
531 6
532 6
533 6
534 6
535 9
536 7
537 5
538 4
539 6
540 7
541 7
542 3
543 6
544 7
545 6
546 6
547 7
548 7
549 6
550 3
551 7
552 7
553 6
554 6
555 6
556 5
557 7
558 6
559 5
560 7
561 6
562 7
563 4
564 10
565 4
566 5
567 4
568 5
569 7
570 4
571 6
572 6
573 6
574 6
575 7
576 6
577 9
578 8
579 8
580 5
581 7
582 8
583 5
584 5
585 5
586 8
587 6
588 11
589 3
590 8
591 7
592 6
593 4
594 6
595 6
596 4
597 5
598 6
599 10
600 6
601 6
602 6
603 4
604 6
605 9
606 8
607 7
608 7
609 6
610 3
611 3
612 4
613 3
614 4
615 4
616 6
617 4
618 5
619 5
620 5
621 8
622 6
623 6
624 4
625 8
626 6
627 6
628 4
629 5
630 6
631 7
632 5
633 7
634 5
635 7
636 7
637 6
638 5
639 8
640 8
641 5
642 5
643 6
644 5
645 8
646 9
647 8
648 9
649 8
650 9
651 5
652 6
653 6
654 5
655 8
656 8
657 5
658 5
659 6
660 4
661 4
662 6
663 6
664 9
665 5
666 6
667 4
668 3
669 5
670 4
671 3
672 6
673 5
674 6
675 6
676 5
677 5
678 6
679 7
680 6
681 8
682 6
683 8
684 8
685 7
686 4
687 5
688 9
689 8
690 11
691 8
692 8
693 8
694 5
695 4
696 6
697 6
698 9
699 6
700 6
701 4
702 5
703 7
704 6
705 7
706 6
707 8
708 8
709 8
710 6
711 10
712 11
713 6
714 8
715 7
716 7
717 6
718 8
719 5
720 7
721 7
722 8
723 5
724 6
725 11
726 9
727 7
728 4
729 9
730 3
731 6
732 5
733 4
734 5
735 6
736 4
737 5
738 4
739 4
740 5
741 6
742 5
743 7
744 5
745 7
746 6
747 9
748 6
749 4
750 7
751 7
752 7
753 5
754 6
755 9
756 7
757 6
758 6
759 5
760 7
761 6
762 6
763 8
764 7
765 9
766 6
767 7
768 9
769 6
770 6
771 4
772 6
773 4
774 6
775 5
776 7
777 7
778 7
779 6
780 5
781 3
782 5
783 5
784 5
785 9
786 5
787 5
788 5
789 6
790 7
791 4
792 7
793 9
794 5
795 9
796 10
797 8
798 5
799 6
800 6
801 6
802 6
803 4
804 3
805 6
806 6
807 8
808 3
809 3
810 8
811 6
812 6
813 6
814 6
815 7
816 3
817 6
818 6
819 5
820 6
821 7
822 7
823 4
824 5
825 6
826 7
827 4
828 4
829 5
830 5
831 5
832 8
833 4
834 8
835 5
836 7
837 6
838 4
839 5
840 5
841 4
842 3
843 5
844 6
845 3
846 6
847 6
848 7
849 6
850 7
851 6
852 5
853 5
854 6
855 5
856 5
857 6
858 7
859 7
860 10
861 8
862 5
863 5
864 8
865 5
866 9
867 5
868 4
869 4
870 6
871 4
872 4
873 5
874 6
875 6
876 5
877 5
878 5
879 4
880 4
881 6
882 6
883 7
884 7
885 5
886 6
887 8
888 7
889 5
890 4
891 7
892 9
893 7
894 5
895 6
896 5
897 6
898 11
899 5
900 5
901 6
902 4
903 7
904 4
905 7
906 9
907 7
908 8
909 4
910 6
911 6
912 5
913 7
914 5
915 7
916 7
917 8
918 7
919 7
920 8
921 6
922 6
923 7
924 6
925 5
926 6
927 7
928 8
929 8
930 8
931 7
932 8
933 6
934 8
935 6
936 5
937 7
938 8
939 6
940 11
941 7
942 8
943 5
944 6
945 6
946 8
947 6
948 6
949 6
950 2
951 10
952 7
953 7
954 7
955 8
956 6
957 6
958 6
959 4
960 7
961 7
962 8
963 6
964 8
965 8
966 6
967 5
968 8
969 5
970 7
971 7
972 9
973 8
974 8
975 8
976 7
977 7
978 7
979 7
980 8
981 4
982 5
983 4
984 8
985 6
986 6
987 5
988 4
989 4
990 9
991 6
992 7
993 5
994 6
995 8
996 8
997 8
998 8
999 8
1000 4
1001 8
0 7
1 5
2 7
3 4
4 7
5 5
6 6
7 4
8 7
9 3
10 6
11 7
12 5
13 4
14 7
15 6
16 6
17 4
18 5
19 6
20 9
21 7
22 7
23 4
24 7
25 3
26 9
27 4
28 6
29 4
30 6
31 3
32 3
33 4
34 7
35 7
36 8
37 5
38 6
39 6
40 4
41 6
42 3
43 6
44 6
45 6
46 5
47 8
48 5
49 6
50 5
51 3
52 5
53 4
54 5
55 4
56 5
57 7
58 6
59 3
60 5
61 7
62 4
63 3
64 4
65 5
66 6
67 5
68 4
69 6
70 6
71 3
72 7
73 3
74 4
75 6
76 5
77 6
78 4
79 5
80 7
81 6
82 6
83 6
84 5
85 4
86 5
87 6
88 5
89 5
90 8
91 6
92 5
93 6
94 5
95 5
96 5
97 3
98 6
99 5
100 6
101 4
102 3
103 7
104 6
105 3
106 6
107 7
108 5
109 4
110 4
111 7
112 4
113 6
114 6
115 7
116 5
117 3
118 6
119 3
120 6
121 5
122 5
123 6
124 6
125 5
126 4
127 4
128 4
129 3
130 5
131 5
132 8
133 9
134 5
135 4
136 5
137 6
138 6
139 6
140 6
141 5
142 9
143 4
144 8
145 6
146 6
147 6
148 7
149 5
150 4
151 6
152 5
153 5
154 5
155 6
156 6
157 7
158 5
159 7
160 6
161 8
162 3
163 5
164 4
165 5
166 6
167 4
168 7
169 5
170 5
171 5
172 8
173 5
174 5
175 5
176 6
177 4
178 5
179 6
180 5
181 6
182 7
183 4
184 5
185 7
186 4
187 6
188 3
189 5
190 7
191 6
192 6
193 5
194 7
195 5
196 5
197 8
198 4
199 4
200 6
201 6
202 5
203 6
204 4
205 5
206 4
207 5
208 6
209 6
210 7
211 7
212 4
213 9
214 6
215 5
216 6
217 3
218 5
219 7
220 7
221 4
222 5
223 6
224 8
225 4
226 7
227 7
228 7
229 5
230 6
231 5
232 5
233 5
234 7
235 6
236 4
237 7
238 7
239 5
240 6
241 5
242 5
243 4
244 7
245 6
246 4
247 6
248 3
249 5
250 6
251 5
252 5
253 5
254 6
255 3
256 5
257 4
258 6
259 4
260 6
261 6
262 3
263 4
264 5
265 8
266 3
267 5
268 6
269 6
270 6
271 4
272 6
273 6
274 6
275 5
276 7
277 5
278 5
279 6
280 3
281 6
282 6
283 6
284 7
285 6
286 8
287 5
288 6
289 6
290 8
291 4
292 5
293 6
294 4
295 6
296 5
297 5
298 4
299 3
300 5
301 6
302 7
303 4
304 5
305 6
306 7
307 6
308 6
309 5
310 6
311 5
312 7
313 6
314 6
315 4
316 6
317 6
318 7
319 3
320 7
321 5
322 8
323 4
324 6
325 5
326 7
327 8
328 5
329 5
330 5
331 6
332 5
333 3
334 5
335 6
336 6
337 5
338 5
339 5
340 5
341 7
342 6
343 4
344 7
345 6
346 7
347 5
348 5
349 5
350 4
351 6
352 4
353 6
354 4
355 5
356 6
357 6
358 7
359 5
360 7
361 6
362 3
363 5
364 5
365 7
366 6
367 7
368 6
369 4
370 4
371 5
372 5
373 5
374 5
375 4
376 5
377 4
378 5
379 6
380 5
381 5
382 5
383 5
384 6
385 5
386 6
387 4
388 5
389 7
390 5
391 6
392 5
393 6
394 6
395 6
396 4
397 5
398 4
399 4
400 5
401 5
402 6
403 4
404 7
405 6
406 6
407 6
408 6
409 5
410 6
411 4
412 5
413 4
414 5
415 5
416 6
417 6
418 6
419 6
420 6
421 5
422 3
423 5
424 5
425 4
426 7
427 5
428 6
429 4
430 6
431 6
432 4
433 6
434 3
435 5
436 4
437 6
438 8
439 3
440 4
441 8
442 5
443 5
444 4
445 5
446 5
447 5
448 3
449 5
450 3
451 3
452 6
453 4
454 5
455 4
456 6
457 6
458 7
459 5
460 5
461 4
462 4
463 5
464 4
465 8
466 4
467 6
468 4
469 4
470 6
471 6
472 6
473 4
474 6
475 3
476 4
477 6
478 4
479 7
480 6
481 4
482 4
483 5
484 6
485 4
486 3
487 4
488 6
489 7
490 6
491 8
492 4
493 4
494 6
495 6
496 6
497 6
498 8
499 3
500 7
501 5
502 8
503 5
504 7
505 4
506 8
507 4
508 3
509 5
510 4
511 6
512 4
513 4
514 5
515 5
516 5
517 2
518 6
519 6
520 6
521 6
522 5
523 3
524 5
525 5
526 5
527 4
528 6
529 5
530 5
531 5
532 7
533 6
534 6
535 4
536 4
537 4
538 6
539 3
540 6
541 6
542 7
543 4
544 5
545 6
546 7
547 7
548 4
549 5
550 6
551 6
552 5
553 4
554 3
555 4
556 4
557 7
558 5
559 3
560 3
561 4
562 5
563 7
564 5
565 7
566 5
567 6
568 5
569 5
570 4
571 5
572 4
573 3
574 5
575 7
576 3
577 6
578 6
579 6
580 2
581 7
582 6
583 4
584 6
585 7
586 6
587 5
588 5
589 5
590 4
591 5
592 3
593 6
594 6
595 5
596 7
597 5
598 5
599 5
600 7
601 5
602 6
603 6
604 5
605 5
606 6
607 4
608 4
609 6
610 6
611 4
612 5
613 5
614 5
615 6
616 6
617 4
618 4
619 4
620 5
621 5
622 3
623 5
624 4
625 4
626 5
627 4
628 3
629 2
630 4
631 5
632 6
633 5
634 5
635 5
636 4
637 6
638 6
639 4
640 6
641 7
642 5
643 7
644 6
645 6
646 3
647 4
648 5
649 4
650 6
651 5
652 7
653 6
654 5
655 7
656 6
657 4
658 7
659 5
660 3
661 6
662 5
663 5
664 6
665 7
666 6
667 6
668 5
669 4
670 6
671 5
672 4
673 5
674 4
675 7
676 5
677 5
678 6
679 8
680 7
681 5
682 6
683 5
684 6
685 4
686 3
687 6
688 5
689 6
690 6
691 5
692 5
693 5
694 6
695 3
696 6
697 5
698 5
699 7
700 4
701 7
702 5
703 5
704 6
705 3
706 7
707 7
708 7
709 5
710 7
711 7
712 6
713 4
714 6
715 6
716 8
717 4
718 4
719 7
720 6
721 4
722 5
723 5
724 6
725 6
726 6
727 6
728 6
729 3
730 5
731 4
732 6
733 5
734 5
735 6
736 5
737 6
738 5
739 7
740 5
741 5
742 6
743 3
744 2
745 4
746 7
747 5
748 5
749 5
750 6
751 6
752 5
753 5
754 4
755 5
756 7
757 6
758 4
759 4
760 3
761 5
762 5
763 4
764 7
765 5
766 6
767 7
768 8
769 8
770 5
771 5
772 5
773 7
774 6
775 6
776 8
777 7
778 6
779 5
780 6
781 5
782 5
783 6
784 6
785 5
786 4
787 6
788 7
789 5
790 6
791 5
792 6
793 6
794 5
795 5
796 5
797 4
798 7
799 7
800 5
801 5
802 8
803 7
804 5
805 3
806 5
807 5
808 6
809 5
810 5
811 5
812 4
813 7
814 4
815 4
816 5
817 5
818 6
819 5
820 3
821 4
822 4
823 5
824 5
825 4
826 4
827 5
828 4
829 6
830 5
831 3
832 7
833 4
834 4
835 5
836 5
837 5
838 7
839 4
840 6
841 6
842 5
843 4
844 3
845 5
846 5
847 3
848 9
849 7
850 7
851 4
852 5
853 7
854 6
855 5
856 6
857 4
858 5
859 5
860 4
861 6
862 7
863 5
864 4
865 4
866 4
867 5
868 7
869 7
870 4
871 7
872 4
873 5
874 7
875 4
876 4
877 6
878 8
879 6
880 8
881 6
882 5
883 5
884 6
885 6
886 6
887 4
888 5
889 5
890 7
891 4
892 2
893 4
894 6
895 6
896 6
897 4
898 5
899 5
900 6
901 5
902 5
903 5
904 5
905 5
906 4
907 3
908 6
909 5
910 5
911 5
912 5
913 4
914 4
915 6
916 6
917 4
918 6
919 5
920 4
921 3
922 4
923 4
924 3
925 3
926 5
927 5
928 4
929 5
930 4
931 5
932 4
933 6
934 4
935 3
936 5
937 3
938 4
939 4
940 3
941 5
942 7
943 6
944 5
945 3
946 5
947 5
948 5
949 5
950 6
951 4
952 4
953 7
954 4
955 7
956 5
957 6
958 7
959 5
960 5
961 5
962 3
963 6
964 6
965 4
966 6
967 6
968 3
969 5
970 4
971 6
972 6
973 3
974 4
975 3
976 4
977 5
978 3
979 4
980 4
981 5
982 6
983 4
984 6
985 5
986 5
987 6
988 5
989 4
990 5
991 4
992 7
993 7
994 4
995 5
996 6
997 5
998 3
999 5
1000 3
1001 6
0 9
1 9
2 7
3 9
4 6
5 8
6 9
7 9
8 8
9 10
10 8
11 9
12 10
13 6
14 8
15 6
16 9
17 7
18 7
19 7
20 8
21 10
22 8
23 9
24 10
25 7
26 8
27 7
28 5
29 5
30 8
31 8
32 11
33 7
34 11
35 8
36 7
37 8
38 8
39 9
40 5
41 6
42 5
43 6
44 7
45 5
46 6
47 7
48 6
49 10
50 2
51 8
52 6
53 5
54 6
55 6
56 7
57 7
58 6
59 6
60 9
61 10
62 6
63 4
64 11
65 5
66 7
67 6
68 6
69 4
70 5
71 9
72 8
73 10
74 5
75 6
76 8
77 10
78 7
79 7
80 8
81 8
82 9
83 7
84 8
85 10
86 5
87 8
88 7
89 7
90 5
91 12
92 6
93 7
94 5
95 7
96 9
97 9
98 7
99 7
100 11
101 10
102 6
103 8
104 8
105 6
106 7
107 6
108 9
109 7
110 8
111 4
112 5
113 6
114 6
115 9
116 8
117 9
118 9
119 9
120 8
121 6
122 6
123 9
124 5
125 6
126 7
127 4
128 10
129 5
130 9
131 12
132 5
133 8
134 6
135 8
136 7
137 5
138 4
139 5
140 9
141 9
142 7
143 7
144 5
145 7
146 8
147 4
148 8
149 7
150 5
151 7
152 7
153 7
154 5
155 6
156 5
157 9
158 5
159 4
160 6
161 6
162 6
163 7
164 5
165 6
166 7
167 5
168 5
169 6
170 7
171 4
172 4
173 4
174 6
175 4
176 6
177 7
178 7
179 7
180 6
181 4
182 5
183 6
184 5
185 5
186 7
187 8
188 6
189 6
190 6
191 7
192 7
193 5
194 7
195 5
196 4
197 6
198 6
199 5
200 6
201 5
202 6
203 6
204 4
205 7
206 4
207 5
208 3
209 4
210 6
211 6
212 8
213 6
214 6
215 5
216 5
217 6
218 8
219 6
220 4
221 6
222 5
223 8
224 4
225 7
226 5
227 4
228 6
229 6
230 9
231 6
232 8
233 9
234 7
235 4
236 6
237 6
238 9
239 6
240 7
241 9
242 7
243 3
244 8
245 7
246 6
247 5
248 7
249 8
250 7
251 9
252 7
253 7
254 6
255 7
256 7
257 6
258 8
259 8
260 7
261 6
262 7
263 7
264 8
265 5
266 8
267 6
268 7
269 7
270 8
271 8
272 9
273 6
274 4
275 6
276 8
277 8
278 8
279 7
280 7
281 8
282 9
283 6
284 9
285 9
286 7
287 7
288 5
289 6
290 8
291 6
292 4
293 7
294 6
295 7
296 7
297 7
298 7
299 6
300 4
301 7
302 7
303 7
304 6
305 7
306 8
307 6
308 5
309 7
310 6
311 5
312 5
313 8
314 6
315 7
316 7
317 7
318 6
319 7
320 6
321 4
322 6
323 7
324 10
325 5
326 8
327 8
328 7
329 3
330 7
331 5
332 7
333 7
334 4
335 7
336 6
337 7
338 8
339 6
340 4
341 7
342 7
343 6
344 5
345 6
346 5
347 6
348 6
349 6
350 5
351 7
352 6
353 8
354 6
355 6
356 8
357 5
358 6
359 7
360 6
361 7
362 5
363 3
364 5
365 6
366 5
367 6
368 6
369 7
370 5
371 6
372 9
373 6
374 6
375 8
376 6
377 8
378 6
379 7
380 7
381 8
382 6
383 4
384 7
385 5
386 9
387 6
388 6
389 4
390 7
391 2
392 6
393 6
394 5
395 3
396 7
397 8
398 7
399 3
400 6
401 7
402 3
403 6
404 6
405 4
406 6
407 5
408 6
409 6
410 6
411 4
412 7
413 4
414 7
415 7
416 6
417 7
418 3
419 4
420 7
421 7
422 8
423 7
424 5
425 6
426 7
427 7
428 7
429 6
430 5
431 6
432 5
433 3
434 2
435 6
436 5
437 6
438 8
439 7
440 6
441 7
442 7
443 7
444 3
445 6
446 6
447 5
448 5
449 7
450 8
451 4
452 6
453 5
454 6
455 5
456 7
457 5
458 8
459 5
460 4
461 2
462 6
463 5
464 6
465 3
466 6
467 9
468 6
469 5
470 5
471 4
472 3
473 5
474 6
475 4
476 5
477 4
478 4
479 5
480 5
481 7
482 4
483 6
484 6
485 6
486 6
487 5
488 3
489 6
490 6
491 3
492 6
493 5
494 6
495 5
496 6
497 7
498 6
499 7
500 5
501 5
502 3
503 6
504 5
505 5
506 5
507 4
508 4
509 5
510 4
511 4
512 5
513 5
514 4
515 6
516 6
517 3
518 7
519 5
520 5
521 4
522 4
523 4
524 5
525 7
526 5
527 7
528 5
529 7
530 6
531 4
532 7
533 6
534 6
535 5
536 4
537 8
538 6
539 5
540 7
541 6
542 4
543 8
544 7
545 6
546 5
547 5
548 5
549 5
550 6
551 6
552 4
553 8
554 7
555 4
556 7
557 4
558 6
559 4
560 4
561 5
562 6
563 7
564 4
565 4
566 7
567 7
568 2
569 8
570 6
571 7
572 6
573 8
574 5
575 6
576 5
577 7
578 7
579 5
580 6
581 5
582 6
583 5
584 4
585 5
586 6
587 5
588 8
589 6
590 6
591 6
592 5
593 7
594 5
595 6
596 5
597 6
598 3
599 7
600 5
601 6
602 7
603 5
604 3
605 3
606 4
607 3
608 0
609 4
610 4
611 5
612 7
613 5
614 5
615 5
616 4
617 6
618 5
619 4
620 5
621 6
622 6
623 4
624 6
625 6
626 4
627 8
628 8
629 7
630 7
631 7
632 6
633 7
634 5
635 6
636 6
637 6
638 8
639 6
640 4
641 7
642 4
643 7
644 7
645 7
646 6
647 7
648 5
649 7
650 5
651 6
652 5
653 5
654 5
655 5
656 4
657 5
658 6
659 7
660 6
661 5
662 7
663 5
664 7
665 5
666 6
667 5
668 6
669 8
670 5
671 7
672 8
673 6
674 6
675 4
676 7
677 7
678 5
679 3
680 5
681 5
682 5
683 6
684 7
685 6
686 5
687 5
688 5
689 2
690 6
691 7
692 4
693 4
694 6
695 5
696 4
697 7
698 4
699 5
700 5
701 6
702 7
703 6
704 3
705 7
706 6
707 5
708 4
709 9
710 4
711 5
712 5
713 6
714 8
715 6
716 6
717 7
718 7
719 8
720 6
721 7
722 7
723 5
724 5
725 5
726 4
727 5
728 5
729 7
730 6
731 6
732 6
733 5
734 7
735 3
736 5
737 5
738 7
739 3
740 7
741 7
742 7
743 6
744 7
745 5
746 7
747 7
748 4
749 6
750 4
751 4
752 8
753 8
754 6
755 6
756 5
757 8
758 5
759 7
760 8
761 6
762 7
763 5
764 7
765 9
766 6
767 8
768 6
769 5
770 6
771 7
772 8
773 4
774 5
775 4
776 7
777 7
778 7
779 7
780 7
781 5
782 7
783 6
784 7
785 6
786 8
787 5
788 3
789 6
790 5
791 4
792 6
793 6
794 5
795 7
796 7
797 4
798 6
799 5
800 6
801 6
802 5
803 5
804 6
805 5
806 6
807 5
808 4
809 6
810 7
811 4
812 3
813 7
814 5
815 4
816 4
817 4
818 3
819 6
820 6
821 6
822 5
823 7
824 5
825 7
826 5
827 6
828 7
829 5
830 6
831 7
832 7
833 6
834 6
835 3
836 4
837 7
838 4
839 5
840 6
841 5
842 5
843 9
844 6
845 7
846 9
847 6
848 7
849 9
850 6
851 6
852 5
853 6
854 8
855 3
856 7
857 8
858 6
859 6
860 7
861 6
862 6
863 5
864 4
865 4
866 6
867 8
868 6
869 7
870 9
871 5
872 9
873 7
874 6
875 5
876 4
877 4
878 4
879 6
880 6
881 6
882 7
883 9
884 6
885 7
886 5
887 6
888 7
889 9
890 6
891 7
892 9
893 6
894 4
895 6
896 7
897 7
898 6
899 3
900 2
901 6
902 3
903 4
904 3
905 5
906 6
907 4
908 6
909 6
910 6
911 4
912 4
913 7
914 6
915 5
916 3
917 5
918 6
919 7
920 5
921 5
922 6
923 6
924 6
925 5
926 7
927 6
928 5
929 3
930 7
931 6
932 5
933 6
934 4
935 7
936 4
937 8
938 5
939 7
940 4
941 4
942 5
943 6
944 6
945 6
946 6
947 6
948 7
949 5
950 5
951 6
952 6
953 4
954 8
955 7
956 7
957 4
958 5
959 6
960 4
961 5
962 3
963 5
964 3
965 8
966 6
967 5
968 4
969 6
970 6
971 7
972 8
973 7
974 4
975 7
976 4
977 4
978 6
979 8
980 4
981 3
982 6
983 6
984 4
985 6
986 5
987 4
988 3
989 5
990 5
991 4
992 6
993 8
994 6
995 5
996 5
997 6
998 8
999 5
1000 8
1001 7
