0 5
1 5
2 5
3 3
4 6
5 4
6 4
7 5
8 3
9 6
10 5
11 4
12 6
13 6
14 7
15 8
16 7
17 3
18 5
19 2
20 5
21 5
22 7
23 4
24 6
25 8
26 5
27 6
28 6
29 4
30 6
31 3
32 5
33 6
34 4
35 5
36 5
37 6
38 5
39 4
40 2
41 3
42 4
43 6
44 4
45 4
46 6
47 6
48 5
49 7
50 6
51 4
52 6
53 5
54 4
55 4
56 3
57 5
58 4
59 6
60 6
61 5
62 6
63 4
64 5
65 6
66 4
67 4
68 5
69 6
70 7
71 3
72 5
73 5
74 4
75 5
76 6
77 6
78 5
79 7
80 6
81 4
82 5
83 4
84 4
85 3
86 6
87 5
88 5
89 2
90 4
91 5
92 6
93 6
94 6
95 3
96 6
97 3
98 4
99 5
100 2
101 4
102 4
103 5
104 3
105 4
106 3
107 5
108 4
109 6
110 5
111 6
112 6
113 5
114 6
115 3
116 3
117 6
118 5
119 6
120 6
121 6
122 3
123 4
124 4
125 3
126 5
127 5
128 5
129 4
130 5
131 4
132 5
133 3
134 6
135 5
136 5
137 4
138 6
139 6
140 5
141 4
142 6
143 5
144 6
145 4
146 4
147 4
148 3
149 4
150 4
151 4
152 4
153 7
154 4
155 4
156 3
157 5
158 6
159 4
160 2
161 3
162 6
163 3
164 5
165 4
166 3
167 4
168 5
169 3
170 3
171 3
172 4
173 4
174 2
175 4
176 1
177 4
178 4
179 3
180 2
181 3
182 3
183 3
184 4
185 5
186 7
187 3
188 4
189 3
190 3
191 3
192 3
193 2
194 5
195 6
196 6
197 5
198 4
199 4
200 4
201 6
202 6
203 4
204 6
205 5
206 5
207 5
208 3
209 3
210 5
211 5
212 5
213 5
214 5
215 4
216 6
217 6
218 3
219 4
220 4
221 5
222 5
223 3
224 3
225 3
226 4
227 5
228 5
229 3
230 5
231 4
232 4
233 4
234 4
235 4
236 2
237 5
238 6
239 3
240 6
241 7
242 4
243 4
244 5
245 5
246 6
247 4
248 5
249 4
250 4
251 4
252 5
253 4
254 5
255 4
256 5
257 7
258 4
259 4
260 5
261 5
262 2
263 6
264 5
265 4
266 1
267 4
268 3
269 4
270 5
271 3
272 2
273 6
274 3
275 3
276 5
277 3
278 4
279 1
280 4
281 3
282 5
283 4
284 3
285 6
286 5
287 2
288 6
289 4
290 4
291 2
292 5
293 6
294 4
295 4
296 3
297 4
298 2
299 4
300 3
301 5
302 5
303 4
304 4
305 5
306 3
307 5
308 3
309 5
310 2
311 5
312 4
313 3
314 4
315 6
316 4
317 4
318 7
319 6
320 6
321 4
322 6
323 4
324 5
325 7
326 7
327 3
328 6
329 6
330 4
331 5
332 4
333 4
334 5
335 4
336 3
337 6
338 7
339 4
340 7
341 6
342 6
343 4
344 6
345 5
346 7
347 4
348 5
349 8
350 6
351 8
352 6
353 7
354 5
355 6
356 4
357 5
358 5
359 5
360 5
361 7
362 5
363 6
364 6
365 5
366 6
367 5
368 5
369 9
370 5
371 5
372 6
373 7
374 5
375 7
376 7
377 4
378 4
379 7
380 7
381 7
382 5
383 7
384 5
385 7
386 7
387 6
388 6
389 7
390 8
391 6
392 8
393 6
394 6
395 5
396 7
397 8
398 5
399 6
400 5
401 6
402 4
403 7
404 5
405 7
406 7
407 5
408 2
409 7
410 4
411 8
412 7
413 7
414 5
415 7
416 5
417 4
418 6
419 3
420 8
421 7
422 6
423 6
424 4
425 3
426 4
427 6
428 7
429 3
430 6
431 6
432 4
433 6
434 6
435 6
436 8
437 6
438 3
439 4
440 3
441 5
442 4
443 6
444 5
445 5
446 6
447 4
448 2
449 6
450 3
451 7
452 4
453 5
454 5
455 5
456 5
457 3
458 5
459 6
460 4
461 4
462 5
463 2
464 6
465 4
466 5
467 3
468 6
469 8
470 9
471 6
472 6
473 4
474 5
475 7
476 8
477 7
478 4
479 7
480 6
481 7
482 5
483 4
484 5
485 7
486 6
487 7
488 7
489 4
490 7
491 7
492 6
493 5
494 6
495 6
496 5
497 6
498 6
499 5
500 5
501 6
502 6
503 7
504 5
505 4
506 5
507 5
508 7
509 3
510 6
511 6
512 5
513 6
514 6
515 6
516 7
517 7
518 7
519 6
520 6
521 7
522 7
523 5
524 3
525 8
526 8
527 7
528 9
529 4
530 6
531 4
532 6
533 5
534 7
535 6
536 4
537 7
538 5
539 8
540 8
541 8
542 5
543 7
544 6
545 6
546 6
547 6
548 7
549 7
550 6
551 6
552 7
553 5
554 7
555 5
556 8
557 6
558 6
559 6
560 7
561 9
562 7
563 5
564 8
565 7
566 7
567 7
568 6
569 4
570 7
571 7
572 6
573 8
574 8
575 7
576 5
577 8
578 9
579 7
580 6
581 7
582 8
583 6
584 7
585 7
586 7
587 8
588 5
589 7
590 8
591 8
592 4
593 7
594 8
595 8
596 6
597 6
598 7
599 4
600 7
601 7
602 6
603 6
604 6
605 7
606 7
607 9
608 5
609 6
610 6
611 7
612 8
613 8
614 8
615 5
616 7
617 4
618 4
619 7
620 6
621 6
622 10
623 7
624 7
625 6
626 6
627 7
628 6
629 5
630 6
631 6
632 7
633 5
634 5
635 7
636 4
637 5
638 7
639 6
640 7
641 8
642 4
643 7
644 6
645 5
646 6
647 5
648 6
649 4
650 6
651 8
652 9
653 7
654 6
655 7
656 8
657 5
658 5
659 6
660 4
661 7
662 6
663 6
664 6
665 9
666 7
667 5
668 7
669 8
670 4
671 7
672 7
673 4
674 7
675 3
676 5
677 7
678 6
679 5
680 5
681 5
682 5
683 5
684 7
685 3
686 8
687 7
688 4
689 5
690 8
691 6
692 6
693 6
694 6
695 5
696 5
697 8
698 5
699 7
700 8
701 5
702 6
703 6
704 5
705 7
706 6
707 6
708 6
709 7
710 6
711 6
712 5
713 7
714 8
715 5
716 8
717 8
718 8
719 6
720 7
721 6
722 5
723 7
724 6
725 6
726 7
727 3
728 5
729 6
730 4
731 7
732 6
733 9
734 5
735 5
736 6
737 4
738 7
739 5
740 8
741 5
742 4
743 6
744 5
745 8
746 8
747 7
748 5
749 6
750 8
751 5
752 4
753 8
754 6
755 6
756 8
757 7
758 6
759 7
760 5
761 5
762 6
763 5
764 6
765 6
766 5
767 6
768 5
769 6
770 4
771 8
772 7
773 5
774 8
775 7
776 8
777 4
778 7
779 5
780 4
781 6
782 7
783 4
784 6
785 3
786 6
787 5
788 6
789 4
790 5
791 6
792 6
793 8
794 6
795 7
796 6
797 6
798 8
799 4
800 6
801 6
802 5
803 6
804 8
805 5
806 5
807 7
808 5
809 7
810 7
811 6
812 6
813 5
814 6
815 7
816 8
817 7
818 5
819 3
820 6
821 6
822 5
823 6
824 6
825 7
826 9
827 8
828 6
829 8
830 6
831 5
832 6
833 7
834 7
835 6
836 6
837 6
838 7
839 5
840 5
841 4
842 4
843 7
844 4
845 5
846 5
847 7
848 6
849 6
850 7
851 6
852 6
853 4
854 7
855 7
856 7
857 7
858 3
859 8
860 5
861 6
862 8
863 6
864 8
865 5
866 6
867 6
868 6
869 9
870 7
871 5
872 3
873 3
874 4
875 5
876 6
877 6
878 8
879 8
880 7
881 5
882 5
883 9
884 6
885 8
886 7
887 6
888 7
889 4
890 7
891 3
892 6
893 7
894 6
895 9
896 5
897 8
898 6
899 7
900 9
901 5
902 6
903 8
904 8
905 8
906 7
907 6
908 8
909 7
910 8
911 6
912 7
913 7
914 6
915 8
916 8
917 6
918 9
919 8
920 5
921 5
922 8
923 5
924 5
925 4
926 3
927 3
928 6
929 4
930 4
931 6
932 5
933 6
934 4
935 6
936 3
937 5
938 5
939 5
940 7
941 6
942 7
943 5
944 6
945 7
946 4
947 6
948 4
949 8
950 8
951 6
952 6
953 7
954 7
955 5
956 3
957 7
958 6
959 5
960 5
961 1
962 6
963 5
964 6
965 7
966 8
967 8
968 7
969 6
970 5
971 6
972 7
973 7
974 7
975 9
976 6
977 5
978 6
979 7
980 5
981 6
982 6
983 6
984 5
985 6
986 7
987 7
988 5
989 8
990 7
991 7
992 6
993 9
994 6
995 7
996 5
997 6
998 7
999 6
1000 6
1001 9
0 5
1 5
2 2
3 7
4 2
5 5
6 3
7 3
8 3
9 4
10 5
11 4
12 5
13 3
14 2
15 5
16 4
17 5
18 5
19 5
20 4
21 5
22 4
23 4
24 6
25 5
26 6
27 6
28 8
29 4
30 6
31 5
32 6
33 7
34 6
35 2
36 5
37 7
38 4
39 5
40 6
41 4
42 4
43 5
44 6
45 5
46 3
47 5
48 5
49 5
50 6
51 5
52 6
53 5
54 6
55 7
56 6
57 4
58 4
59 5
60 7
61 7
62 5
63 5
64 4
65 5
66 4
67 3
68 7
69 7
70 5
71 5
72 5
73 4
74 4
75 7
76 8
77 6
78 7
79 5
80 5
81 4
82 6
83 7
84 4
85 4
86 4
87 4
88 7
89 4
90 6
91 6
92 3
93 4
94 4
95 4
96 3
97 5
98 5
99 5
100 5
101 5
102 6
103 5
104 5
105 3
106 5
107 4
108 5
109 4
110 5
111 6
112 5
113 5
114 4
115 4
116 6
117 2
118 4
119 4
120 3
121 3
122 3
123 7
124 5
125 6
126 7
127 5
128 5
129 5
130 6
131 5
132 5
133 5
134 5
135 5
136 5
137 3
138 6
139 7
140 5
141 6
142 6
143 6
144 7
145 5
146 6
147 5
148 6
149 4
150 6
151 5
152 4
153 3
154 4
155 5
156 5
157 6
158 5
159 6
160 4
161 5
162 5
163 6
164 4
165 4
166 6
167 5
168 6
169 5
170 5
171 7
172 4
173 5
174 6
175 5
176 7
177 7
178 6
179 5
180 6
181 6
182 6
183 6
184 6
185 6
186 5
187 6
188 5
189 5
190 6
191 5
192 5
193 5
194 4
195 5
196 6
197 6
198 7
199 5
200 5
201 6
202 5
203 5
204 6
205 4
206 4
207 6
208 6
209 4
210 5
211 4
212 5
213 6
214 4
215 5
216 3
217 6
218 4
219 6
220 5
221 3
222 5
223 5
224 4
225 3
226 6
227 6
228 6
229 6
230 6
231 6
232 5
233 4
234 4
235 7
236 5
237 4
238 6
239 5
240 5
241 7
242 5
243 4
244 5
245 5
246 6
247 5
248 7
249 5
250 5
251 5
252 5
253 5
254 4
255 5
256 4
257 6
258 5
259 6
260 5
261 5
262 4
263 6
264 4
265 5
266 4
267 6
268 5
269 4
270 6
271 3
272 6
273 5
274 5
275 5
276 6
277 6
278 2
279 5
280 4
281 5
282 4
283 6
284 4
285 6
286 3
287 3
288 7
289 5
290 5
291 6
292 4
293 5
294 7
295 5
296 4
297 2
298 5
299 5
300 3
301 5
302 5
303 2
304 8
305 3
306 5
307 6
308 5
309 4
310 2
311 5
312 3
313 5
314 5
315 5
316 3
317 5
318 6
319 6
320 5
321 5
322 6
323 5
324 6
325 4
326 6
327 4
328 8
329 6
330 5
331 5
332 5
333 5
334 5
335 5
336 6
337 5
338 7
339 3
340 5
341 6
342 7
343 8
344 4
345 6
346 3
347 6
348 5
349 4
350 6
351 4
352 6
353 6
354 4
355 6
356 5
357 6
358 7
359 5
360 3
361 4
362 2
363 5
364 6
365 6
366 6
367 6
368 5
369 5
370 6
371 6
372 5
373 4
374 5
375 6
376 5
377 4
378 5
379 4
380 4
381 6
382 6
383 5
384 5
385 6
386 6
387 7
388 4
389 6
390 4
391 3
392 5
393 5
394 4
395 5
396 6
397 6
398 4
399 5
400 5
401 5
402 4
403 4
404 5
405 4
406 6
407 4
408 6
409 6
410 4
411 6
412 6
413 5
414 5
415 4
416 4
417 6
418 5
419 4
420 4
421 6
422 7
423 5
424 6
425 4
426 6
427 5
428 4
429 5
430 5
431 4
432 4
433 6
434 5
435 5
436 5
437 4
438 4
439 3
440 6
441 5
442 4
443 4
444 4
445 4
446 3
447 5
448 5
449 4
450 6
451 5
452 4
453 6
454 5
455 6
456 5
457 6
458 5
459 4
460 5
461 5
462 6
463 5
464 5
465 6
466 5
467 5
468 5
469 3
470 4
471 5
472 5
473 5
474 5
475 5
476 5
477 6
478 6
479 5
480 6
481 4
482 4
483 5
484 3
485 6
486 3
487 3
488 6
489 4
490 6
491 4
492 4
493 3
494 4
495 5
496 4
497 2
498 5
499 4
500 4
501 6
502 5
503 3
504 6
505 6
506 6
507 4
508 5
509 5
510 6
511 7
512 5
513 7
514 7
515 6
516 6
517 7
518 7
519 6
520 6
521 5
522 7
523 6
524 7
525 6
526 7
527 6
528 5
529 7
530 6
531 6
532 6
533 6
534 5
535 5
536 7
537 7
538 6
539 7
540 5
541 5
542 4
543 6
544 8
545 6
546 5
547 5
548 5
549 7
550 5
551 5
552 7
553 7
554 5
555 7
556 4
557 7
558 7
559 7
560 6
561 5
562 6
563 4
564 5
565 6
566 6
567 6
568 6
569 7
570 5
571 7
572 5
573 6
574 6
575 7
576 5
577 6
578 5
579 4
580 3
581 7
582 6
583 5
584 4
585 6
586 6
587 7
588 6
589 6
590 3
591 5
592 6
593 9
594 6
595 5
596 6
597 4
598 5
599 6
600 8
601 6
602 7
603 7
604 5
605 6
606 5
607 7
608 6
609 6
610 5
611 5
612 3
613 8
614 4
615 4
616 7
617 8
618 5
619 6
620 6
621 7
622 5
623 6
624 6
625 5
626 5
627 7
628 9
629 5
630 6
631 8
632 4
633 7
634 6
635 7
636 4
637 7
638 6
639 5
640 7
641 7
642 5
643 6
644 7
645 6
646 5
647 6
648 9
649 4
650 6
651 5
652 7
653 5
654 7
655 7
656 8
657 4
658 7
659 5
660 4
661 6
662 5
663 5
664 7
665 7
666 7
667 5
668 5
669 4
670 5
671 6
672 5
673 7
674 3
675 5
676 7
677 5
678 6
679 5
680 5
681 6
682 8
683 5
684 5
685 5
686 8
687 6
688 5
689 4
690 5
691 3
692 5
693 4
694 6
695 4
696 5
697 6
698 5
699 7
700 5
701 8
702 7
703 6
704 7
705 6
706 7
707 8
708 6
709 8
710 7
711 6
712 7
713 6
714 4
715 7
716 6
717 5
718 5
719 7
720 6
721 6
722 6
723 4
724 6
725 7
726 6
727 5
728 7
729 5
730 5
731 7
732 7
733 7
734 4
735 5
736 5
737 5
738 6
739 6
740 6
741 6
742 5
743 6
744 4
745 4
746 5
747 5
748 5
749 6
750 7
751 4
752 7
753 5
754 8
755 6
756 7
757 6
758 6
759 8
760 5
761 5
762 7
763 6
764 7
765 6
766 5
767 6
768 6
769 6
770 5
771 7
772 6
773 7
774 6
775 4
776 7
777 7
778 8
779 6
780 5
781 6
782 7
783 5
784 4
785 6
786 7
787 7
788 4
789 7
790 4
791 7
792 7
793 8
794 6
795 6
796 6
797 6
798 5
799 5
800 5
801 4
802 7
803 6
804 5
805 7
806 5
807 6
808 6
809 6
810 6
811 4
812 4
813 6
814 6
815 6
816 6
817 5
818 5
819 4
820 6
821 6
822 4
823 6
824 6
825 5
826 5
827 5
828 6
829 6
830 8
831 6
832 6
833 5
834 6
835 4
836 4
837 4
838 6
839 5
840 7
841 6
842 7
843 6
844 8
845 3
846 5
847 6
848 7
849 5
850 6
851 7
852 7
853 6
854 6
855 5
856 6
857 5
858 6
859 7
860 5
861 5
862 5
863 7
864 7
865 7
866 5
867 5
868 6
869 5
870 6
871 7
872 6
873 5
874 4
875 5
876 7
877 5
878 4
879 7
880 5
881 4
882 6
883 6
884 5
885 7
886 5
887 8
888 7
889 7
890 6
891 7
892 7
893 7
894 6
895 5
896 4
897 5
898 7
899 6
900 8
901 6
902 7
903 7
904 7
905 6
906 5
907 6
908 5
909 6
910 6
911 7
912 7
913 6
914 7
915 6
916 7
917 5
918 3
919 6
920 6
921 4
922 6
923 5
924 4
925 5
926 6
927 5
928 7
929 4
930 4
931 6
932 6
933 8
934 6
935 7
936 6
937 7
938 5
939 6
940 6
941 8
942 5
943 6
944 5
945 7
946 5
947 6
948 7
949 5
950 6
951 5
952 5
953 6
954 7
955 4
956 5
957 6
958 6
959 5
960 6
961 6
962 6
963 6
964 5
965 7
966 5
967 7
968 6
969 5
970 6
971 7
972 5
973 5
974 5
975 5
976 7
977 7
978 5
979 6
980 5
981 6
982 6
983 5
984 7
985 5
986 6
987 7
988 5
989 6
990 6
991 5
992 6
993 8
994 4
995 7
996 6
997 5
998 5
999 5
1000 2
1001 6
0 6
1 6
2 3
3 6
4 8
5 6
6 5
7 6
8 6
9 6
10 5
11 7
12 6
13 5
14 6
15 9
16 8
17 6
18 3
19 7
20 5
21 4
22 4
23 6
24 6
25 5
26 4
27 4
28 5
29 7
30 7
31 6
32 4
33 7
34 5
35 8
36 7
37 6
38 4
39 8
40 5
41 3
42 4
43 7
44 7
45 8
46 6
47 6
48 7
49 5
50 6
51 7
52 6
53 6
54 6
55 5
56 6
57 4
58 7
59 6
60 5
61 8
62 5
63 6
64 6
65 7
66 8
67 7
68 6
69 4
70 6
71 6
72 6
73 7
74 7
75 5
76 7
77 6
78 4
79 4
80 5
81 5
82 6
83 6
84 4
85 5
86 7
87 6
88 5
89 6
90 4
91 6
92 4
93 6
94 5
95 5
96 7
97 7
98 6
99 8
100 8
101 6
102 5
103 7
104 4
105 4
106 4
107 3
108 7
109 6
110 7
111 6
112 5
113 4
114 4
115 4
116 6
117 6
118 8
119 5
120 8
121 4
122 5
123 4
124 5
125 7
126 7
127 6
128 7
129 8
130 6
131 6
132 5
133 7
134 4
135 5
136 4
137 7
138 6
139 6
140 4
141 6
142 5
143 5
144 4
145 7
146 6
147 8
148 6
149 6
150 6
151 6
152 7
153 6
154 6
155 5
156 6
157 7
158 6
159 5
160 9
161 5
162 7
163 6
164 6
165 5
166 7
167 7
168 4
169 7
170 5
171 7
172 6
173 6
174 7
175 5
176 6
177 8
178 6
179 4
180 6
181 9
182 6
183 7
184 7
185 8
186 7
187 6
188 4
189 7
190 4
191 4
192 7
193 6
194 6
195 8
196 3
197 7
198 6
199 7
200 7
201 6
202 7
203 5
204 5
205 7
206 6
207 7
208 5
209 8
210 6
211 7
212 8
213 6
214 7
215 7
216 8
217 7
218 5
219 4
220 7
221 4
222 6
223 6
224 5
225 5
226 7
227 5
228 7
229 6
230 5
231 6
232 8
233 5
234 7
235 7
236 7
237 6
238 4
239 5
240 7
241 7
242 6
243 8
244 4
245 6
246 8
247 8
248 6
249 5
250 6
251 5
252 8
253 5
254 7
255 8
256 7
257 7
258 7
259 7
260 6
261 5
262 5
263 6
264 4
265 6
266 5
267 7
268 6
269 7
270 7
271 7
272 7
273 5
274 4
275 6
276 4
277 6
278 7
279 8
280 8
281 7
282 6
283 8
284 8
285 7
286 8
287 4
288 7
289 7
290 5
291 6
292 10
293 7
294 6
295 7
296 6
297 6
298 7
299 8
300 7
301 6
302 8
303 7
304 5
305 8
306 8
307 4
308 7
309 6
310 7
311 5
312 7
313 6
314 7
315 7
316 5
317 5
318 6
319 6
320 8
321 6
322 6
323 7
324 7
325 6
326 7
327 5
328 6
329 6
330 7
331 8
332 8
333 6
334 5
335 7
336 6
337 6
338 8
339 8
340 5
341 7
342 5
343 6
344 7
345 7
346 7
347 6
348 6
349 7
350 5
351 5
352 6
353 6
354 6
355 5
356 7
357 5
358 7
359 4
360 6
361 8
362 8
363 8
364 4
365 4
366 5
367 7
368 5
369 7
370 4
371 6
372 3
373 7
374 7
375 6
376 6
377 8
378 6
379 6
380 8
381 7
382 6
383 6
384 7
385 7
386 6
387 7
388 8
389 6
390 7
391 7
392 8
393 7
394 6
395 7
396 6
397 6
398 8
399 7
400 4
401 4
402 5
403 8
404 6
405 5
406 5
407 6
408 7
409 7
410 6
411 5
412 8
413 7
414 6
415 6
416 7
417 8
418 7
419 7
420 5
421 7
422 8
423 5
424 4
425 5
426 5
427 7
428 6
429 6
430 4
431 6
432 6
433 5
434 6
435 6
436 7
437 7
438 7
439 5
440 5
441 5
442 5
443 7
444 6
445 6
446 6
447 7
448 7
449 5
450 5
451 7
452 6
453 7
454 6
455 4
456 7
457 6
458 6
459 8
460 7
461 6
462 5
463 6
464 6
465 7
466 4
467 7
468 6
469 7
470 6
471 6
472 6
473 6
474 6
475 6
476 8
477 5
478 5
479 8
480 7
481 6
482 6
483 7
484 7
485 8
486 7
487 6
488 6
489 3
490 5
491 7
492 4
493 5
494 5
495 3
496 5
497 5
498 5
499 7
500 6
501 5
502 4
503 7
504 4
505 4
506 5
507 4
508 5
509 6
510 6
511 5
512 4
513 4
514 5
515 5
516 5
517 5
518 5
519 3
520 5
521 3
522 4
523 4
524 4
525 5
526 3
527 6
528 4
529 3
530 3
531 6
532 7
533 5
534 5
535 4
536 7
537 5
538 2
539 6
540 6
541 5
542 4
543 7
544 6
545 4
546 4
547 5
548 7
549 6
550 6
551 2
552 5
553 7
554 6
555 5
556 8
557 6
558 5
559 6
560 7
561 9
562 6
563 6
564 5
565 6
566 6
567 7
568 7
569 7
570 6
571 6
572 7
573 6
574 5
575 5
576 6
577 4
578 3
579 2
580 7
581 7
582 7
583 7
584 7
585 6
586 5
587 4
588 6
589 5
590 7
591 7
592 4
593 4
594 6
595 7
596 7
597 5
598 5
599 6
600 6
601 7
602 6
603 5
604 4
605 7
606 6
607 7
608 6
609 6
610 7
611 5
612 6
613 7
614 7
615 6
616 7
617 7
618 7
619 5
620 8
621 6
622 7
623 7
624 5
625 7
626 5
627 4
628 6
629 6
630 4
631 4
632 5
633 4
634 5
635 6
636 7
637 5
638 6
639 3
640 3
641 2
642 5
643 5
644 3
645 4
646 4
647 4
648 5
649 6
650 6
651 4
652 4
653 7
654 6
655 7
656 7
657 6
658 8
659 5
660 7
661 6
662 6
663 6
664 7
665 8
666 8
667 6
668 5
669 6
670 6
671 4
672 7
673 7
674 2
675 7
676 4
677 5
678 7
679 5
680 3
681 3
682 5
683 6
684 4
685 5
686 7
687 4
688 5
689 5
690 7
691 6
692 5
693 5
694 5
695 5
696 5
697 7
698 8
699 5
700 5
701 7
702 8
703 8
704 8
705 7
706 7
707 6
708 6
709 4
710 6
711 6
712 5
713 6
714 6
715 8
716 8
717 6
718 8
719 7
720 6
721 7
722 6
723 7
724 4
725 8
726 5
727 6
728 6
729 9
730 7
731 5
732 8
733 6
734 6
735 6
736 7
737 6
738 7
739 5
740 6
741 3
742 4
743 5
744 4
745 6
746 5
747 3
748 6
749 4
750 5
751 5
752 5
753 4
754 6
755 5
756 7
757 4
758 4
759 6
760 4
761 3
762 6
763 6
764 7
765 4
766 3
767 6
768 5
769 5
770 5
771 6
772 6
773 5
774 3
775 5
776 4
777 6
778 6
779 7
780 7
781 3
782 5
783 5
784 6
785 4
786 6
787 6
788 5
789 6
790 5
791 3
792 8
793 5
794 3
795 5
796 6
797 3
798 4
799 3
800 7
801 7
802 6
803 7
804 6
805 4
806 3
807 7
808 7
809 6
810 4
811 7
812 7
813 6
814 5
815 5
816 5
817 7
818 4
819 4
820 3
821 6
822 6
823 6
824 3
825 4
826 6
827 4
828 6
829 6
830 6
831 5
832 5
833 6
834 7
835 2
836 5
837 7
838 6
839 5
840 3
841 5
842 6
843 5
844 6
845 4
846 3
847 7
848 4
849 5
850 6
851 5
852 5
853 5
854 5
855 7
856 6
857 5
858 3
859 4
860 4
861 2
862 6
863 6
864 4
865 7
866 7
867 6
868 5
869 5
870 4
871 4
872 2
873 5
874 5
875 4
876 6
877 6
878 6
879 5
880 6
881 4
882 5
883 4
884 6
885 5
886 6
887 5
888 4
889 6
890 4
891 4
892 4
893 5
894 6
895 3
896 6
897 4
898 6
899 6
900 6
901 7
902 4
903 5
904 5
905 6
906 5
907 5
908 3
909 4
910 6
911 4
912 2
913 6
914 5
915 4
916 4
917 6
918 3
919 4
920 3
921 4
922 5
923 3
924 5
925 7
926 6
927 5
928 5
929 5
930 5
931 5
932 6
933 5
934 5
935 5
936 5
937 5
938 7
939 4
940 6
941 6
942 5
943 5
944 6
945 5
946 5
947 5
948 4
949 5
950 6
951 5
952 6
953 4
954 5
955 5
956 4
957 4
958 6
959 6
960 4
961 7
962 4
963 4
964 5
965 3
966 5
967 3
968 2
969 3
970 6
971 5
972 5
973 5
974 5
975 6
976 5
977 6
978 6
979 6
980 3
981 3
982 6
983 5
984 3
985 5
986 6
987 7
988 4
989 7
990 5
991 5
992 3
993 3
994 5
995 6
996 6
997 6
998 7
999 6
1000 4
1001 5
0 2
1 2
2 3
3 3
4 2
5 1
6 5
7 2
8 5
9 4
10 6
11 3
12 3
13 4
14 4
15 3
16 2
17 4
18 6
19 3
20 3
21 3
22 3
23 2
24 1
25 4
26 3
27 5
28 4
29 4
30 5
31 2
32 1
33 4
34 3
35 2
36 2
37 6
38 4
39 4
40 4
41 3
42 3
43 1
44 5
45 5
46 3
47 3
48 4
49 4
50 4
51 5
52 4
53 4
54 2
55 5
56 3
57 4
58 4
59 4
60 4
61 2
62 4
63 2
64 3
65 5
66 1
67 1
68 5
69 4
70 3
71 3
72 3
73 3
74 4
75 4
76 4
77 5
78 4
79 5
80 5
81 5
82 6
83 5
84 5
85 6
86 5
87 5
88 5
89 6
90 4
91 6
92 7
93 6
94 5
95 6
96 4
97 6
98 5
99 6
100 3
101 3
102 5
103 5
104 6
105 4
106 6
107 4
108 6
109 5
110 6
111 3
112 5
113 3
114 4
115 3
116 4
117 5
118 4
119 6
120 4
121 5
122 5
123 5
124 5
125 4
126 5
127 4
128 5
129 5
130 4
131 6
132 3
133 4
134 4
135 6
136 6
137 6
138 7
139 6
140 6
141 6
142 6
143 4
144 6
145 6
146 4
147 5
148 5
149 6
150 4
151 5
152 5
153 4
154 6
155 4
156 3
157 5
158 6
159 5
160 3
161 5
162 5
163 6
164 6
165 6
166 6
167 6
168 6
169 8
170 5
171 4
172 5
173 5
174 5
175 4
176 5
177 4
178 5
179 5
180 5
181 4
182 5
183 6
184 5
185 4
186 5
187 4
188 6
189 3
190 4
191 5
192 6
193 3
194 5
195 4
196 4
197 5
198 3
199 6
200 4
201 4
202 4
203 6
204 6
205 6
206 5
207 7
208 5
209 5
210 6
211 6
212 6
213 4
214 7
215 7
216 6
217 5
218 5
219 6
220 7
221 7
222 4
223 6
224 5
225 6
226 4
227 4
228 5
229 5
230 5
231 6
232 6
233 4
234 6
235 8
236 3
237 6
238 7
239 4
240 6
241 6
242 7
243 5
244 5
245 4
246 6
247 5
248 4
249 7
250 5
251 5
252 7
253 6
254 4
255 3
256 5
257 4
258 7
259 5
260 6
261 6
262 5
263 6
264 5
265 5
266 6
267 5
268 7
269 7
270 6
271 5
272 7
273 6
274 5
275 7
276 4
277 7
278 6
279 7
280 6
281 7
282 6
283 6
284 6
285 5
286 7
287 7
288 6
289 6
290 7
291 6
292 5
293 4
294 4
295 6
296 7
297 5
298 6
299 4
300 5
301 6
302 6
303 5
304 6
305 6
306 7
307 6
308 6
309 5
310 6
311 6
312 5
313 5
314 6
315 5
316 4
317 5
318 4
319 6
320 5
321 6
322 3
323 4
324 6
325 8
326 5
327 6
328 4
329 5
330 5
331 4
332 4
333 6
334 4
335 7
336 7
337 7
338 6
339 4
340 7
341 7
342 5
343 5
344 6
345 7
346 7
347 6
348 7
349 6
350 4
351 5
352 2
353 5
354 6
355 7
356 6
357 5
358 3
359 6
360 4
361 7
362 6
363 5
364 3
365 6
366 6
367 7
368 4
369 7
370 8
371 5
372 8
373 7
374 6
375 8
376 4
377 7
378 7
379 5
380 6
381 7
382 6
383 4
384 8
385 5
386 6
387 7
388 5
389 4
390 8
391 7
392 6
393 6
394 6
395 7
396 7
397 5
398 6
399 5
400 4
401 3
402 6
403 6
404 7
405 6
406 6
407 6
408 4
409 6
410 6
411 5
412 5
413 7
414 6
415 7
416 6
417 6
418 4
419 5
420 6
421 5
422 6
423 4
424 7
425 6
426 8
427 5
428 5
429 5
430 7
431 4
432 7
433 6
434 7
435 3
436 4
437 5
438 7
439 5
440 7
441 5
442 6
443 5
444 6
445 7
446 6
447 5
448 5
449 5
450 7
451 4
452 5
453 7
454 5
455 4
456 4
457 6
458 5
459 5
460 7
461 6
462 5
463 6
464 6
465 5
466 6
467 7
468 5
469 5
470 3
471 4
472 5
473 7
474 5
475 4
476 7
477 6
478 5
479 6
480 5
481 6
482 7
483 6
484 6
485 5
486 7
487 5
488 5
489 6
490 5
491 4
492 5
493 5
494 6
495 4
496 5
497 4
498 5
499 4
500 4
501 6
502 6
503 5
504 6
505 6
506 5
507 7
508 6
509 7
510 5
511 6
512 6
513 5
514 6
515 6
516 5
517 5
518 5
519 8
520 4
521 6
522 5
523 7
524 7
525 5
526 5
527 6
528 5
529 6
530 6
531 8
532 6
533 6
534 6
535 7
536 6
537 5
538 4
539 5
540 5
541 7
542 7
543 6
544 4
545 6
546 6
547 6
548 7
549 5
550 5
551 5
552 7
553 6
554 6
555 7
556 7
557 4
558 5
559 7
560 7
561 5
562 8
563 5
564 6
565 5
566 8
567 5
568 4
569 6
570 6
571 6
572 4
573 7
574 6
575 6
576 7
577 5
578 7
579 6
580 6
581 7
582 5
583 7
584 6
585 6
586 4
587 7
588 4
589 7
590 6
591 5
592 7
593 6
594 7
595 6
596 6
597 4
598 5
599 4
600 5
601 6
602 5
603 7
604 6
605 6
606 7
607 5
608 7
609 6
610 4
611 5
612 5
613 5
614 5
615 6
616 4
617 7
618 7
619 6
620 5
621 4
622 6
623 5
624 5
625 7
626 6
627 5
628 6
629 6
630 7
631 6
632 7
633 6
634 6
635 7
636 6
637 7
638 6
639 7
640 6
641 7
642 7
643 5
644 6
645 6
646 3
647 4
648 5
649 5
650 4
651 6
652 5
653 6
654 7
655 7
656 6
657 6
658 5
659 5
660 7
661 5
662 5
663 6
664 6
665 6
666 3
667 6
668 5
669 6
670 4
671 4
672 3
673 7
674 5
675 6
676 8
677 6
678 5
679 5
680 6
681 6
682 6
683 5
684 5
685 5
686 6
687 8
688 6
689 6
690 5
691 7
692 5
693 5
694 4
695 6
696 5
697 6
698 7
699 8
700 8
701 3
702 7
703 8
704 8
705 7
706 7
707 5
708 5
709 7
710 7
711 8
712 6
713 5
714 7
715 3
716 7
717 4
718 6
719 8
720 6
721 7
722 6
723 6
724 6
725 6
726 5
727 7
728 7
729 7
730 4
731 7
732 6
733 7
734 6
735 6
736 6
737 6
738 8
739 4
740 6
741 6
742 6
743 3
744 7
745 6
746 6
747 5
748 7
749 7
750 6
751 7
752 8
753 6
754 6
755 4
756 5
757 7
758 5
759 7
760 7
761 6
762 7
763 6
764 5
765 5
766 4
767 6
768 6
769 5
770 4
771 4
772 6
773 5
774 6
775 3
776 5
777 5
778 3
779 5
780 4
781 6
782 4
783 5
784 4
785 5
786 5
787 3
788 5
789 4
790 4
791 5
792 4
793 4
794 4
795 5
796 6
797 5
798 2
799 4
800 6
801 6
802 5
803 6
804 6
805 2
806 6
807 6
808 5
809 4
810 3
811 6
812 5
813 5
814 6
815 3
816 5
817 6
818 5
819 7
820 6
821 3
822 5
823 5
824 4
825 5
826 2
827 6
828 6
829 4
830 3
831 4
832 4
833 3
834 5
835 5
836 5
837 5
838 5
839 5
840 5
841 4
842 4
843 5
844 3
845 6
846 5
847 6
848 7
849 5
850 6
851 6
852 6
853 6
854 5
855 7
856 4
857 5
858 6
859 4
860 6
861 6
862 5
863 6
864 5
865 4
866 5
867 5
868 5
869 6
870 5
871 7
872 7
873 5
874 6
875 3
876 5
877 5
878 6
879 3
880 4
881 6
882 6
883 6
884 6
885 5
886 6
887 7
888 4
889 5
890 5
891 4
892 6
893 4
894 4
895 4
896 6
897 7
898 5
899 6
900 6
901 4
902 5
903 6
904 5
905 6
906 6
907 4
908 5
909 7
910 5
911 4
912 5
913 6
914 5
915 4
916 5
917 5
918 6
919 5
920 5
921 5
922 4
923 6
924 5
925 5
926 4
927 5
928 7
929 5
930 5
931 4
932 5
933 4
934 4
935 4
936 4
937 5
938 2
939 3
940 5
941 4
942 4
943 5
944 6
945 6
946 4
947 4
948 5
949 6
950 6
951 5
952 7
953 4
954 6
955 5
956 4
957 5
958 4
959 5
960 5
961 6
962 4
963 4
964 6
965 5
966 5
967 5
968 5
969 4
970 5
971 3
972 6
973 6
974 5
975 5
976 4
977 6
978 3
979 5
980 5
981 5
982 5
983 4
984 3
985 6
986 5
987 4
988 5
989 4
990 5
991 7
992 6
993 4
994 4
995 5
996 6
997 4
998 5
999 6
1000 5
1001 6
0 3
1 4
2 7
3 4
4 5
5 6
6 7
7 5
8 5
9 5
10 7
11 5
12 5
13 7
14 5
15 5
16 6
17 4
18 5
19 6
20 7
21 6
22 5
23 5
24 5
25 5
26 2
27 5
28 7
29 5
30 4
31 5
32 4
33 5
34 4
35 4
36 6
37 4
38 5
39 7
40 1
41 8
42 4
43 6
44 5
45 6
46 7
47 5
48 5
49 6
50 5
51 4
52 4
53 5
54 7
55 5
56 2
57 5
58 4
59 6
60 8
61 6
62 4
63 4
64 4
65 4
66 6
67 5
68 4
69 6
70 5
71 3
72 5
73 5
74 6
75 5
76 5
77 3
78 4
79 4
80 7
81 5
82 4
83 6
84 4
85 3
86 5
87 3
88 4
89 2
90 5
91 5
92 4
93 5
94 7
95 6
96 6
97 6
98 5
99 3
100 5
101 7
102 6
103 6
104 5
105 4
106 5
107 4
108 3
109 5
110 5
111 5
112 3
113 6
114 4
115 5
116 2
117 4
118 5
119 4
120 7
121 6
122 7
123 4
124 3
125 5
126 3
127 7
128 4
129 7
130 6
131 6
132 4
133 4
134 8
135 7
136 4
137 4
138 6
139 5
140 5
141 4
142 5
143 2
144 5
145 6
146 5
147 4
148 4
149 4
150 4
151 5
152 4
153 4
154 4
155 4
156 4
157 4
158 5
159 6
160 6
161 5
162 4
163 4
164 4
165 5
166 5
167 5
168 5
169 5
170 7
171 5
172 4
173 5
174 4
175 5
176 5
177 3
178 4
179 5
180 4
181 5
182 5
183 7
184 6
185 5
186 4
187 5
188 6
189 6
190 5
191 3
192 6
193 6
194 5
195 3
196 4
197 4
198 6
199 6
200 5
201 4
202 3
203 6
204 5
205 6
206 6
207 5
208 4
209 6
210 6
211 4
212 5
213 4
214 4
215 5
216 4
217 3
218 3
219 7
220 5
221 5
222 5
223 6
224 6
225 6
226 5
227 6
228 7
229 7
230 6
231 8
232 4
233 4
234 5
235 5
236 6
237 4
238 3
239 5
240 8
241 8
242 4
243 4
244 8
245 4
246 4
247 5
248 6
249 5
250 4
251 4
252 4
253 5
254 6
255 7
256 6
257 5
258 4
259 5
260 4
261 4
262 5
263 5
264 2
265 6
266 3
267 5
268 6
269 3
270 6
271 7
272 6
273 5
274 5
275 6
276 5
277 3
278 4
279 6
280 3
281 5
282 3
283 3
284 4
285 4
286 5
287 5
288 5
289 6
290 5
291 5
292 5
293 3
294 5
295 2
296 5
297 5
298 5
299 5
300 3
301 5
302 5
303 6
304 4
305 6
306 4
307 5
308 7
309 4
310 6
311 3
312 4
313 6
314 5
315 5
316 4
317 6
318 4
319 4
320 6
321 4
322 6
323 5
324 6
325 6
326 4
327 6
328 6
329 5
330 4
331 6
332 5
333 7
334 5
335 6
336 3
337 7
338 4
339 5
340 9
341 7
342 7
343 5
344 7
345 5
346 4
347 8
348 7
349 7
350 4
351 3
352 6
353 5
354 3
355 8
356 6
357 5
358 7
359 4
360 3
361 6
362 5
363 6
364 5
365 6
366 5
367 5
368 2
369 6
370 4
371 6
372 5
373 5
374 6
375 6
376 4
377 8
378 6
379 3
380 5
381 6
382 5
383 4
384 4
385 8
386 5
387 3
388 4
389 6
390 7
391 3
392 3
393 7
394 4
395 8
396 8
397 6
398 5
399 5
400 4
401 4
402 6
403 6
404 4
405 7
406 5
407 5
408 5
409 4
410 4
411 5
412 4
413 6
414 5
415 5
416 6
417 5
418 5
419 5
420 6
421 4
422 5
423 4
424 5
425 3
426 3
427 5
428 4
429 6
430 5
431 4
432 4
433 3
434 3
435 5
436 5
437 4
438 5
439 6
440 5
441 4
442 5
443 6
444 4
445 4
446 4
447 3
448 6
449 5
450 6
451 5
452 6
453 5
454 4
455 7
456 4
457 4
458 4
459 1
460 5
461 3
462 3
463 5
464 4
465 5
466 4
467 4
468 5
469 4
470 4
471 5
472 4
473 6
474 5
475 5
476 2
477 5
478 4
479 5
480 4
481 5
482 6
483 6
484 6
485 5
486 5
487 6
488 5
489 5
490 4
491 6
492 5
493 4
494 5
495 6
496 6
497 6
498 7
499 7
500 5
501 4
502 6
503 7
504 6
505 5
506 3
507 5
508 5
509 3
510 7
511 7
512 6
513 5
514 6
515 5
516 5
517 4
518 5
519 4
520 5
521 4
522 6
523 6
524 8
525 3
526 6
527 5
528 6
529 4
530 7
531 4
532 6
533 6
534 6
535 6
536 6
537 5
538 5
539 4
540 6
541 6
542 4
543 6
544 5
545 6
546 6
547 5
548 5
549 6
550 5
551 6
552 4
553 5
554 5
555 7
556 5
557 6
558 5
559 6
560 5
561 5
562 7
563 5
564 3
565 3
566 5
567 5
568 4
569 4
570 7
571 5
572 6
573 4
574 5
575 5
576 6
577 7
578 5
579 7
580 5
581 5
582 6
583 7
584 6
585 5
586 7
587 6
588 7
589 6
590 6
591 4
592 4
593 5
594 7
595 6
596 7
597 3
598 8
599 6
600 5
601 6
602 6
603 7
604 4
605 7
606 6
607 4
608 5
609 5
610 7
611 4
612 6
613 5
614 6
615 4
616 6
617 7
618 5
619 6
620 7
621 5
622 6
623 5
624 4
625 6
626 6
627 6
628 4
629 5
630 7
631 5
632 5
633 7
634 5
635 5
636 6
637 3
638 4
639 6
640 6
641 5
642 6
643 5
644 4
645 4
646 6
647 5
648 6
649 6
650 4
651 4
652 5
653 4
654 4
655 7
656 4
657 3
658 5
659 6
660 7
661 5
662 4
663 4
664 6
665 4
666 5
667 3
668 5
669 4
670 4
671 5
672 6
673 6
674 5
675 6
676 6
677 7
678 4
679 4
680 5
681 7
682 6
683 5
684 6
685 6
686 5
687 6
688 5
689 4
690 6
691 5
692 4
693 8
694 6
695 5
696 7
697 4
698 6
699 5
700 5
701 7
702 5
703 7
704 7
705 5
706 7
707 6
708 6
709 5
710 4
711 5
712 5
713 5
714 5
715 3
716 5
717 6
718 5
719 6
720 4
721 6
722 4
723 8
724 4
725 5
726 6
727 5
728 3
729 5
730 5
731 5
732 3
733 5
734 6
735 4
736 5
737 6
738 6
739 7
740 6
741 5
742 5
743 5
744 4
745 5
746 5
747 4
748 6
749 5
750 3
751 5
752 3
753 6
754 6
755 5
756 4
757 4
758 5
759 5
760 5
761 5
762 5
763 6
764 6
765 5
766 8
767 6
768 6
769 2
770 5
771 4
772 4
773 6
774 7
775 3
776 6
777 3
778 6
779 6
780 5
781 5
782 5
783 6
784 5
785 3
786 5
787 4
788 4
789 6
790 6
791 4
792 8
793 5
794 5
795 3
796 7
797 6
798 7
799 6
800 4
801 4
802 5
803 6
804 5
805 6
806 5
807 4
808 3
809 5
810 7
811 5
812 7
813 5
814 6
815 7
816 5
817 4
818 6
819 7
820 4
821 6
822 7
823 5
824 6
825 3
826 6
827 7
828 5
829 4
830 6
831 6
832 4
833 7
834 4
835 4
836 5
837 2
838 6
839 8
840 3
841 7
842 7
843 5
844 5
845 5
846 5
847 3
848 6
849 6
850 6
851 4
852 2
853 3
854 6
855 6
856 5
857 6
858 7
859 4
860 5
861 5
862 5
863 7
864 3
865 6
866 6
867 8
868 5
869 6
870 4
871 5
872 5
873 4
874 5
875 5
876 5
877 6
878 10
879 7
880 7
881 7
882 3
883 4
884 4
885 5
886 5
887 6
888 5
889 6
890 7
891 5
892 4
893 5
894 6
895 7
896 4
897 5
898 3
899 5
900 6
901 5
902 6
903 5
904 6
905 5
906 5
907 5
908 6
909 4
910 7
911 7
912 6
913 5
914 5
915 5
916 6
917 5
918 7
919 5
920 6
921 6
922 7
923 4
924 4
925 4
926 4
927 6
928 4
929 5
930 4
931 4
932 5
933 8
934 6
935 6
936 6
937 6
938 7
939 7
940 4
941 5
942 5
943 5
944 5
945 4
946 6
947 6
948 7
949 6
950 6
951 5
952 6
953 5
954 4
955 6
956 6
957 6
958 7
959 8
960 6
961 5
962 6
963 5
964 6
965 6
966 5
967 6
968 7
969 5
970 6
971 6
972 5
973 6
974 6
975 6
976 4
977 7
978 6
979 5
980 6
981 8
982 4
983 6
984 4
985 4
986 6
987 6
988 7
989 6
990 5
991 6
992 6
993 3
994 5
995 5
996 7
997 6
998 5
999 5
1000 5
1001 6
0 2
1 2
2 2
3 4
4 5
5 4
6 3
7 3
8 4
9 4
10 5
11 5
12 6
13 4
14 5
15 4
16 5
17 5
18 4
19 5
20 4
21 5
22 3
23 5
24 4
25 4
26 6
27 7
28 5
29 4
30 5
31 6
32 5
33 4
34 5
35 4
36 5
37 5
38 3
39 4
40 5
41 3
42 4
43 3
44 4
45 5
46 4
47 5
48 3
49 5
50 5
51 3
52 3
53 3
54 5
55 4
56 4
57 5
58 4
59 5
60 5
61 4
62 3
63 4
64 4
65 5
66 6
67 4
68 1
69 3
70 3
71 5
72 1
73 4
74 3
75 3
76 4
77 2
78 1
79 2
80 4
81 5
82 3
83 4
84 3
85 2
86 1
87 3
88 5
89 5
90 2
91 5
92 4
93 3
94 4
95 6
96 6
97 5
98 4
99 4
100 4
101 5
102 4
103 6
104 3
105 5
106 3
107 3
108 5
109 3
110 4
111 5
112 3
113 4
114 5
115 4
116 6
117 7
118 4
119 4
120 6
121 5
122 4
123 5
124 5
125 5
126 5
127 3
128 5
129 4
130 3
131 4
132 5
133 5
134 4
135 3
136 4
137 4
138 3
139 4
140 4
141 3
142 3
143 5
144 3
145 3
146 2
147 3
148 4
149 4
150 2
151 6
152 6
153 6
154 4
155 5
156 4
157 4
158 4
159 5
160 4
161 1
162 5
163 3
164 3
165 3
166 3
167 5
168 3
169 3
170 3
171 4
172 4
173 4
174 2
175 3
176 4
177 4
178 5
179 5
180 4
181 4
182 4
183 5
184 5
185 5
186 3
187 5
188 4
189 4
190 6
191 4
192 6
193 3
194 8
195 3
196 3
197 4
198 5
199 7
200 4
201 5
202 5
203 4
204 4
205 6
206 5
207 5
208 8
209 3
210 5
211 5
212 5
213 5
214 5
215 5
216 5
217 5
218 7
219 4
220 6
221 6
222 5
223 5
224 5
225 6
226 6
227 4
228 6
229 3
230 4
231 4
232 5
233 5
234 5
235 1
236 7
237 6
238 3
239 4
240 4
241 4
242 4
243 4
244 6
245 3
246 6
247 4
248 3
249 4
250 4
251 5
252 5
253 2
254 3
255 3
256 4
257 5
258 4
259 3
260 4
261 5
262 5
263 5
264 5
265 4
266 5
267 6
268 6
269 5
270 4
271 2
272 3
273 3
274 3
275 3
276 3
277 3
278 4
279 3
280 3
281 4
282 3
283 5
284 3
285 5
286 5
287 4
288 5
289 5
290 3
291 4
292 3
293 3
294 6
295 5
296 6
297 4
298 4
299 2
300 4
301 6
302 6
303 5
304 4
305 3
306 4
307 4
308 6
309 5
310 3
311 5
312 5
313 5
314 4
315 4
316 5
317 4
318 4
319 4
320 6
321 4
322 5
323 4
324 5
325 4
326 5
327 5
328 5
329 5
330 5
331 4
332 4
333 4
334 6
335 5
336 6
337 6
338 6
339 5
340 5
341 5
342 6
343 6
344 5
345 5
346 6
347 5
348 4
349 3
350 6
351 4
352 5
353 4
354 4
355 7
356 4
357 6
358 6
359 2
360 6
361 5
362 4
363 3
364 2
365 5
366 6
367 6
368 5
369 4
370 3
371 5
372 6
373 6
374 6
375 4
376 6
377 5
378 7
379 5
380 4
381 5
382 3
383 3
384 6
385 6
386 6
387 6
388 6
389 4
390 6
391 5
392 2
393 4
394 4
395 6
396 8
397 6
398 4
399 7
400 5
401 5
402 6
403 5
404 3
405 4
406 6
407 5
408 7
409 4
410 4
411 4
412 5
413 5
414 4
415 6
416 4
417 4
418 4
419 4
420 3
421 5
422 4
423 5
424 3
425 3
426 5
427 2
428 5
429 4
430 3
431 4
432 3
433 5
434 5
435 5
436 4
437 4
438 4
439 7
440 4
441 6
442 6
443 5
444 4
445 3
446 5
447 4
448 4
449 4
450 5
451 3
452 5
453 5
454 3
455 4
456 5
457 3
458 6
459 4
460 2
461 6
462 4
463 6
464 5
465 5
466 7
467 5
468 5
469 3
470 7
471 4
472 5
473 6
474 5
475 5
476 1
477 3
478 6
479 2
480 5
481 4
482 4
483 5
484 4
485 7
486 5
487 6
488 4
489 5
490 3
491 5
492 7
493 5
494 6
495 6
496 5
497 5
498 5
499 6
500 5
501 4
502 7
503 5
504 4
505 5
506 5
507 4
508 3
509 6
510 5
511 7
512 5
513 6
514 5
515 7
516 4
517 7
518 5
519 4
520 6
521 5
522 6
523 3
524 5
525 4
526 6
527 4
528 3
529 3
530 5
531 6
532 5
533 6
534 5
535 6
536 4
537 6
538 5
539 3
540 7
541 6
542 5
543 5
544 5
545 4
546 6
547 5
548 4
549 4
550 3
551 5
552 4
553 5
554 6
555 7
556 6
557 3
558 6
559 6
560 4
561 4
562 5
563 6
564 7
565 5
566 7
567 6
568 5
569 6
570 5
571 5
572 3
573 5
574 5
575 7
576 4
577 4
578 6
579 6
580 6
581 4
582 5
583 4
584 7
585 6
586 3
587 3
588 6
589 5
590 4
591 4
592 6
593 4
594 4
595 5
596 6
597 3
598 5
599 5
600 4
601 5
602 5
603 4
604 5
605 6
606 5
607 6
608 4
609 6
610 5
611 4
612 3
613 6
614 7
615 5
616 4
617 4
618 4
619 3
620 4
621 6
622 4
623 6
624 4
625 5
626 4
627 6
628 4
629 4
630 4
631 4
632 4
633 5
634 5
635 5
636 4
637 6
638 6
639 5
640 4
641 4
642 3
643 6
644 5
645 5
646 5
647 5
648 5
649 4
650 5
651 5
652 4
653 4
654 6
655 5
656 4
657 3
658 6
659 6
660 5
661 5
662 5
663 6
664 6
665 5
666 8
667 5
668 6
669 3
670 5
671 4
672 5
673 6
674 6
675 5
676 7
677 4
678 3
679 3
680 5
681 5
682 8
683 5
684 5
685 6
686 5
687 3
688 6
689 5
690 5
691 5
692 5
693 5
694 6
695 7
696 5
697 6
698 4
699 6
700 4
701 5
702 6
703 5
704 4
705 6
706 6
707 5
708 6
709 4
710 4
711 6
712 5
713 4
714 4
715 6
716 6
717 6
718 4
719 5
720 2
721 5
722 6
723 5
724 5
725 6
726 4
727 6
728 8
729 6
730 5
731 6
732 5
733 5
734 6
735 7
736 4
737 7
738 5
739 5
740 4
741 7
742 3
743 6
744 6
745 5
746 6
747 5
748 6
749 5
750 6
751 7
752 4
753 4
754 6
755 7
756 6
757 6
758 7
759 5
760 6
761 5
762 5
763 5
764 7
765 5
766 6
767 5
768 5
769 6
770 7
771 6
772 3
773 6
774 7
775 7
776 5
777 4
778 6
779 4
780 6
781 5
782 6
783 5
784 7
785 6
786 8
787 6
788 6
789 6
790 5
791 6
792 5
793 7
794 7
795 4
796 7
797 6
798 6
799 7
800 6
801 6
802 7
803 6
804 5
805 5
806 5
807 5
808 3
809 7
810 5
811 4
812 7
813 7
814 5
815 5
816 5
817 5
818 3
819 6
820 7
821 6
822 5
823 7
824 6
825 6
826 6
827 6
828 4
829 3
830 6
831 6
832 6
833 5
834 7
835 5
836 5
837 7
838 6
839 6
840 6
841 5
842 4
843 6
844 4
845 6
846 5
847 6
848 4
849 6
850 6
851 5
852 5
853 6
854 2
855 5
856 5
857 4
858 6
859 6
860 5
861 4
862 3
863 7
864 5
865 6
866 5
867 6
868 5
869 6
870 4
871 6
872 4
873 5
874 6
875 3
876 4
877 3
878 5
879 4
880 4
881 5
882 5
883 5
884 5
885 6
886 5
887 6
888 4
889 6
890 3
891 6
892 6
893 5
894 6
895 5
896 7
897 4
898 7
899 6
900 7
901 3
902 4
903 6
904 6
905 4
906 3
907 6
908 7
909 4
910 5
911 4
912 6
913 6
914 7
915 5
916 6
917 3
918 4
919 5
920 5
921 6
922 7
923 6
924 5
925 4
926 5
927 4
928 3
929 4
930 4
931 4
932 5
933 5
934 5
935 6
936 6
937 6
938 6
939 6
940 6
941 6
942 7
943 5
944 5
945 6
946 5
947 6
948 4
949 5
950 5
951 6
952 6
953 4
954 5
955 4
956 4
957 6
958 5
959 6
960 5
961 4
962 4
963 5
964 6
965 6
966 5
967 5
968 5
969 5
970 6
971 5
972 4
973 5
974 3
975 5
976 5
977 5
978 5
979 5
980 6
981 5
982 5
983 6
984 5
985 6
986 5
987 3
988 6
989 5
990 5
991 6
992 6
993 6
994 5
995 4
996 3
997 4
998 5
999 4
1000 4
1001 4
