0 1
1 1
2 2
3 1
4 1
5 2
6 3
7 1
8 2
9 1
10 0
11 2
12 1
13 1
14 2
15 2
16 3
17 1
18 1
19 1
20 1
21 1
22 2
23 0
24 4
25 2
26 3
27 1
28 2
29 3
30 2
31 3
32 0
33 1
34 2
35 3
36 2
37 1
38 2
39 1
40 3
41 1
42 1
43 2
44 2
45 0
46 3
47 2
48 2
49 2
50 1
51 1
52 2
53 1
54 1
55 2
56 1
57 0
58 1
59 2
60 0
61 1
62 2
63 1
64 0
65 3
66 0
67 2
68 1
69 0
70 2
71 0
72 2
73 2
74 2
75 3
76 2
77 3
78 2
79 4
80 3
81 3
82 3
83 1
84 1
85 2
86 3
87 2
88 2
89 5
90 2
91 3
92 1
93 3
94 4
95 3
96 3
97 2
98 3
99 2
100 1
101 2
102 3
103 2
104 1
105 3
106 1
107 3
108 2
109 2
110 2
111 2
112 3
113 2
114 3
115 2
116 2
117 2
118 4
119 2
120 1
121 2
122 2
123 2
124 2
125 0
126 3
127 2
128 1
129 4
130 2
131 4
132 4
133 3
134 2
135 2
136 2
137 1
138 3
139 2
140 2
141 1
142 1
143 2
144 2
145 3
146 1
147 2
148 5
149 2
150 2
151 1
152 1
153 5
154 3
155 2
156 2
157 1
158 1
159 3
160 2
161 2
162 2
163 4
164 2
165 1
166 3
167 2
168 2
169 1
170 2
171 2
172 1
173 3
174 1
175 2
176 2
177 2
178 2
179 3
180 4
181 2
182 2
183 3
184 1
185 3
186 2
187 2
188 1
189 2
190 0
191 2
192 1
193 2
194 1
195 4
196 2
197 3
198 2
199 2
200 3
201 2
202 4
203 3
204 2
205 3
206 2
207 2
208 2
209 2
210 2
211 2
212 2
213 2
214 3
215 4
216 1
217 2
218 1
219 2
220 3
221 5
222 3
223 1
224 2
225 2
226 3
227 4
228 3
229 2
230 5
231 2
232 3
233 2
234 2
235 2
236 3
237 2
238 4
239 3
240 2
241 3
242 2
243 1
244 4
245 3
246 3
247 4
248 3
249 2
250 2
251 2
252 4
253 1
254 2
255 2
256 3
257 3
258 0
259 4
260 2
261 2
262 2
263 3
264 1
265 4
266 3
267 1
268 2
269 3
270 1
271 0
272 3
273 1
274 2
275 4
276 1
277 1
278 2
279 2
280 2
281 2
282 1
283 2
284 1
285 1
286 1
287 3
288 2
289 1
290 2
291 3
292 2
293 0
294 0
295 3
296 2
297 1
298 1
299 2
300 1
301 1
302 1
303 1
304 1
305 1
306 2
307 1
308 1
309 1
310 2
311 1
312 1
313 2
314 1
315 1
316 2
317 2
318 3
319 2
320 1
321 2
322 1
323 2
324 0
325 2
326 2
327 1
328 2
329 1
330 2
331 1
332 3
333 0
334 3
335 3
336 3
337 2
338 2
339 3
340 3
341 3
342 3
343 2
344 4
345 2
346 2
347 3
348 3
349 1
350 2
351 2
352 2
353 2
354 1
355 2
356 1
357 3
358 4
359 3
360 3
361 3
362 2
363 2
364 3
365 2
366 3
367 2
368 2
369 2
370 2
371 2
372 1
373 3
374 2
375 1
376 1
377 2
378 1
379 2
380 4
381 4
382 2
383 2
384 3
385 1
386 1
387 2
388 2
389 3
390 1
391 2
392 2
393 1
394 0
395 2
396 3
397 2
398 1
399 3
400 2
401 2
402 3
403 1
404 3
405 2
406 3
407 2
408 1
409 2
410 2
411 1
412 1
413 2
414 3
415 0
416 4
417 3
418 3
419 1
420 3
421 2
422 1
423 2
424 2
425 1
426 2
427 4
428 2
429 2
430 1
431 1
432 1
433 2
434 3
435 1
436 2
437 2
438 2
439 1
440 2
441 3
442 2
443 2
444 2
445 2
446 4
447 3
448 2
449 3
450 3
451 2
452 1
453 3
454 2
455 3
456 3
457 2
458 1
459 1
460 2
461 1
462 1
463 3
464 4
465 2
466 2
467 3
468 3
469 1
470 1
471 3
472 1
473 3
474 4
475 3
476 2
477 3
478 3
479 2
480 2
481 2
482 3
483 2
484 3
485 3
486 2
487 2
488 2
489 1
490 1
491 3
492 2
493 2
494 2
495 3
496 2
497 2
498 2
499 2
500 3
501 1
502 1
503 2
504 2
505 3
506 1
507 2
508 3
509 4
510 2
511 1
512 2
513 2
514 2
515 2
516 2
517 2
518 1
519 3
520 3
521 2
522 4
523 2
524 3
525 2
526 4
527 2
528 2
529 1
530 2
531 3
532 2
533 2
534 2
535 3
536 2
537 3
538 3
539 2
540 2
541 1
542 2
543 2
544 2
545 3
546 3
547 3
548 2
549 3
550 2
551 2
552 2
553 2
554 2
555 2
556 4
557 3
558 4
559 3
560 1
561 2
562 1
563 3
564 2
565 3
566 1
567 2
568 3
569 4
570 2
571 2
572 2
573 2
574 2
575 3
576 2
577 3
578 2
579 2
580 2
581 1
582 1
583 2
584 3
585 1
586 1
587 2
588 1
589 2
590 2
591 1
592 3
593 2
594 2
595 1
596 3
597 1
598 2
599 2
600 2
601 3
602 3
603 2
604 2
605 3
606 3
607 1
608 4
609 2
610 2
611 2
612 3
613 3
614 2
615 1
616 2
617 2
618 1
619 2
620 3
621 4
622 2
623 5
624 2
625 2
626 4
627 2
628 2
629 3
630 1
631 3
632 4
633 1
634 2
635 3
636 4
637 2
638 4
639 1
640 1
641 4
642 2
643 2
644 3
645 2
646 2
647 3
648 2
649 2
650 3
651 2
652 2
653 3
654 2
655 3
656 2
657 1
658 2
659 3
660 4
661 3
662 2
663 2
664 2
665 2
666 4
667 2
668 2
669 4
670 3
671 2
672 3
673 1
674 3
675 2
676 2
677 2
678 3
679 4
680 3
681 3
682 1
683 2
684 1
685 2
686 2
687 3
688 3
689 1
690 3
691 2
692 3
693 2
694 3
695 2
696 2
697 2
698 3
699 3
700 2
701 2
702 3
703 2
704 2
705 2
706 1
707 1
708 3
709 3
710 2
711 3
712 3
713 2
714 2
715 2
716 2
717 2
718 3
719 2
720 3
721 2
722 1
723 1
724 2
725 2
726 1
727 1
728 4
729 3
730 2
731 2
732 2
733 1
734 2
735 2
736 3
737 2
738 1
739 2
740 1
741 3
742 4
743 3
744 2
745 1
746 3
747 2
748 2
749 2
750 2
751 4
752 1
753 3
754 2
755 2
756 1
757 2
758 1
759 3
760 2
761 1
762 3
763 3
764 3
765 3
766 2
767 2
768 2
769 2
770 2
771 3
772 2
773 1
774 1
775 2
776 1
777 2
778 2
779 3
780 1
781 2
782 3
783 2
784 1
785 2
786 2
787 3
788 2
789 2
790 2
791 2
792 1
793 2
794 2
795 3
796 2
797 0
798 2
799 2
800 2
801 0
802 2
803 2
804 1
805 2
806 2
807 2
808 3
809 3
810 2
811 1
812 2
813 4
814 4
815 4
816 3
817 3
818 2
819 3
820 4
821 4
822 3
823 4
824 3
825 4
826 4
827 2
828 5
829 4
830 2
831 2
832 4
833 4
834 3
835 3
836 2
837 3
838 3
839 4
840 1
841 5
842 4
843 1
844 4
845 4
846 3
847 3
848 3
849 3
850 3
851 4
852 3
853 1
854 4
855 2
856 4
857 2
858 5
859 3
860 2
861 4
862 4
863 2
864 4
865 3
866 1
867 4
868 2
869 6
870 4
871 2
872 3
873 3
874 3
875 3
876 4
877 2
878 4
879 2
880 3
881 4
882 5
883 3
884 3
885 2
886 6
887 4
888 4
889 3
890 5
891 4
892 3
893 4
894 3
895 2
896 4
897 3
898 3
899 5
900 3
901 1
902 2
903 2
904 4
905 4
906 2
907 2
908 4
909 4
910 5
911 4
912 5
913 3
914 3
915 4
916 2
917 2
918 4
919 4
920 3
921 3
922 4
923 3
924 3
925 4
926 5
927 4
928 4
929 1
930 3
931 3
932 3
933 4
934 4
935 4
936 1
937 4
938 4
939 2
940 3
941 4
942 3
943 2
944 3
945 3
946 3
947 3
948 4
949 3
950 5
951 3
952 4
953 4
954 2
955 4
956 4
957 5
958 3
959 4
960 6
961 4
962 3
963 3
964 4
965 3
966 3
967 3
968 1
969 4
970 2
971 3
972 6
973 1
974 5
975 4
976 3
977 4
978 2
979 2
980 3
981 4
982 1
983 3
984 4
985 2
986 2
987 1
988 4
989 3
990 4
991 3
992 2
993 4
994 4
995 3
996 6
997 5
998 3
999 3
1000 4
1001 3
0 1
1 1
2 1
3 3
4 2
5 1
6 2
7 1
8 1
9 2
10 4
11 1
12 2
13 1
14 0
15 1
16 2
17 2
18 2
19 2
20 2
21 2
22 1
23 1
24 1
25 1
26 1
27 2
28 2
29 2
30 1
31 3
32 2
33 4
34 3
35 3
36 1
37 1
38 1
39 1
40 1
41 1
42 0
43 1
44 1
45 1
46 2
47 1
48 2
49 0
50 1
51 1
52 1
53 0
54 1
55 0
56 1
57 1
58 1
59 1
60 1
61 1
62 1
63 1
64 1
65 2
66 4
67 0
68 1
69 0
70 1
71 1
72 1
73 1
74 2
75 2
76 2
77 3
78 3
79 3
80 3
81 4
82 2
83 1
84 2
85 1
86 1
87 1
88 1
89 1
90 1
91 1
92 3
93 1
94 1
95 1
96 1
97 1
98 1
99 1
100 3
101 1
102 2
103 1
104 2
105 1
106 1
107 0
108 2
109 1
110 2
111 1
112 1
113 2
114 2
115 1
116 1
117 2
118 1
119 2
120 3
121 3
122 2
123 1
124 0
125 3
126 0
127 2
128 1
129 1
130 3
131 2
132 2
133 1
134 3
135 2
136 1
137 2
138 1
139 0
140 1
141 2
142 1
143 2
144 1
145 2
146 2
147 2
148 1
149 0
150 0
151 2
152 1
153 2
154 3
155 1
156 1
157 2
158 4
159 2
160 1
161 1
162 2
163 1
164 1
165 1
166 1
167 1
168 1
169 2
170 4
171 2
172 2
173 1
174 2
175 2
176 0
177 2
178 3
179 2
180 1
181 1
182 0
183 1
184 3
185 2
186 1
187 1
188 1
189 2
190 2
191 0
192 2
193 1
194 1
195 2
196 1
197 0
198 1
199 1
200 1
201 1
202 1
203 1
204 1
205 1
206 1
207 1
208 1
209 1
210 2
211 1
212 1
213 1
214 1
215 1
216 2
217 0
218 1
219 1
220 0
221 1
222 1
223 2
224 1
225 2
226 2
227 3
228 1
229 1
230 1
231 1
232 2
233 1
234 1
235 2
236 1
237 1
238 1
239 0
240 1
241 2
242 1
243 2
244 1
245 1
246 1
247 1
248 1
249 1
250 1
251 1
252 1
253 1
254 1
255 1
256 1
257 1
258 1
259 1
260 0
261 1
262 1
263 1
264 1
265 1
266 2
267 1
268 2
269 0
270 3
271 2
272 2
273 2
274 2
275 1
276 2
277 2
278 0
279 3
280 2
281 0
282 1
283 2
284 1
285 4
286 1
287 1
288 1
289 1
290 2
291 0
292 2
293 1
294 1
295 1
296 1
297 1
298 2
299 2
300 1
301 1
302 2
303 0
304 1
305 1
306 2
307 2
308 1
309 2
310 2
311 0
312 1
313 1
314 0
315 2
316 0
317 1
318 1
319 0
320 1
321 1
322 1
323 2
324 2
325 2
326 1
327 1
328 2
329 1
330 2
331 2
332 3
333 1
334 3
335 1
336 1
337 1
338 2
339 1
340 1
341 1
342 1
343 0
344 2
345 1
346 1
347 2
348 2
349 1
350 0
351 2
352 1
353 3
354 1
355 1
356 2
357 1
358 1
359 1
360 0
361 1
362 1
363 1
364 2
365 2
366 0
367 2
368 1
369 2
370 0
371 1
372 1
373 0
374 0
375 2
376 0
377 0
378 0
379 0
380 1
381 0
382 0
383 1
384 1
385 1
386 1
387 1
388 2
389 1
390 0
391 1
392 1
393 1
394 1
395 1
396 2
397 1
398 2
399 1
400 2
401 1
402 1
403 1
404 1
405 2
406 0
407 0
408 0
409 1
410 2
411 2
412 2
413 1
414 0
415 0
416 1
417 2
418 2
419 1
420 0
421 1
422 1
423 1
424 2
425 1
426 1
427 0
428 1
429 0
430 0
431 1
432 2
433 1
434 1
435 0
436 1
437 0
438 1
439 1
440 1
441 0
442 1
443 1
444 2
445 1
446 2
447 0
448 0
449 1
450 1
451 0
452 1
453 2
454 2
455 1
456 1
457 1
458 2
459 2
460 1
461 1
462 1
463 1
464 1
465 1
466 1
467 2
468 1
469 0
470 1
471 2
472 1
473 2
474 1
475 1
476 2
477 1
478 0
479 1
480 0
481 0
482 3
483 1
484 1
485 1
486 1
487 1
488 1
489 1
490 0
491 0
492 1
493 1
494 2
495 0
496 1
497 1
498 1
499 1
500 3
501 2
502 2
503 1
504 2
505 1
506 1
507 0
508 1
509 2
510 0
511 1
512 1
513 0
514 0
515 1
516 3
517 1
518 0
519 1
520 1
521 1
522 1
523 1
524 0
525 1
526 1
527 1
528 2
529 0
530 2
531 3
532 1
533 0
534 1
535 1
536 1
537 2
538 1
539 1
540 1
541 1
542 0
543 1
544 1
545 2
546 1
547 1
548 1
549 0
550 1
551 1
552 0
553 1
554 3
555 1
556 0
557 0
558 0
559 0
560 1
561 1
562 1
563 1
564 1
565 0
566 1
567 1
568 1
569 1
570 2
571 1
572 2
573 1
574 2
575 1
576 1
577 1
578 1
579 1
580 1
581 1
582 1
583 1
584 1
585 0
586 1
587 1
588 1
589 1
590 0
591 1
592 1
593 3
594 2
595 2
596 2
597 1
598 2
599 2
600 4
601 1
602 1
603 0
604 1
605 3
606 1
607 1
608 3
609 1
610 1
611 1
612 4
613 1
614 2
615 0
616 2
617 2
618 3
619 1
620 1
621 1
622 1
623 1
624 0
625 1
626 1
627 1
628 2
629 2
630 0
631 1
632 1
633 1
634 1
635 1
636 1
637 2
638 1
639 1
640 0
641 1
642 1
643 0
644 1
645 1
646 0
647 1
648 1
649 2
650 2
651 1
652 0
653 0
654 2
655 1
656 1
657 2
658 1
659 0
660 1
661 1
662 1
663 0
664 1
665 1
666 1
667 1
668 1
669 0
670 1
671 3
672 1
673 1
674 1
675 1
676 1
677 1
678 1
679 2
680 2
681 1
682 1
683 1
684 2
685 1
686 1
687 2
688 1
689 1
690 2
691 4
692 3
693 2
694 2
695 1
696 2
697 2
698 1
699 1
700 1
701 1
702 4
703 1
704 1
705 2
706 3
707 2
708 2
709 2
710 3
711 2
712 2
713 4
714 2
715 2
716 2
717 2
718 2
719 2
720 3
721 3
722 3
723 2
724 2
725 2
726 2
727 2
728 1
729 3
730 2
731 2
732 2
733 3
734 2
735 2
736 3
737 1
738 3
739 2
740 2
741 1
742 3
743 2
744 2
745 0
746 0
747 1
748 2
749 1
750 2
751 2
752 1
753 2
754 3
755 2
756 2
757 1
758 1
759 2
760 4
761 2
762 2
763 1
764 1
765 6
766 2
767 1
768 1
769 1
770 2
771 3
772 3
773 4
774 1
775 2
776 1
777 2
778 3
779 2
780 2
781 2
782 1
783 1
784 3
785 1
786 2
787 1
788 3
789 1
790 0
791 1
792 2
793 3
794 1
795 3
796 1
797 4
798 4
799 2
800 1
801 3
802 1
803 2
804 3
805 1
806 1
807 3
808 1
809 1
810 2
811 1
812 1
813 3
814 2
815 2
816 3
817 2
818 3
819 2
820 4
821 2
822 2
823 2
824 3
825 1
826 1
827 2
828 2
829 2
830 1
831 1
832 2
833 2
834 2
835 2
836 2
837 3
838 2
839 2
840 2
841 1
842 2
843 3
844 3
845 2
846 3
847 2
848 3
849 2
850 2
851 2
852 1
853 2
854 1
855 3
856 2
857 2
858 2
859 2
860 2
861 3
862 2
863 3
864 2
865 1
866 3
867 2
868 1
869 1
870 0
871 2
872 2
873 3
874 2
875 1
876 2
877 2
878 2
879 2
880 1
881 2
882 2
883 1
884 2
885 2
886 2
887 2
888 3
889 2
890 1
891 2
892 3
893 1
894 1
895 0
896 1
897 1
898 2
899 3
900 3
901 3
902 2
903 2
904 3
905 2
906 2
907 1
908 2
909 2
910 1
911 2
912 3
913 2
914 2
915 1
916 1
917 3
918 2
919 3
920 0
921 1
922 1
923 1
924 1
925 2
926 2
927 1
928 3
929 1
930 2
931 2
932 2
933 4
934 3
935 2
936 2
937 2
938 1
939 2
940 2
941 1
942 1
943 2
944 2
945 2
946 4
947 2
948 0
949 2
950 1
951 1
952 2
953 1
954 2
955 1
956 4
957 3
958 2
959 3
960 1
961 2
962 2
963 2
964 2
965 3
966 2
967 2
968 2
969 2
970 2
971 1
972 1
973 3
974 2
975 2
976 2
977 2
978 1
979 3
980 2
981 2
982 2
983 2
984 2
985 2
986 2
987 3
988 2
989 2
990 1
991 1
992 2
993 2
994 2
995 3
996 2
997 1
998 1
999 2
1000 2
1001 2
0 1
1 1
2 1
3 1
4 1
5 0
6 2
7 1
8 0
9 2
10 2
11 0
12 1
13 2
14 2
15 2
16 1
17 0
18 2
19 1
20 2
21 1
22 0
23 0
24 1
25 3
26 1
27 1
28 0
29 2
30 1
31 1
32 0
33 3
34 1
35 1
36 1
37 0
38 1
39 1
40 2
41 1
42 1
43 1
44 1
45 2
46 2
47 2
48 1
49 1
50 1
51 0
52 1
53 1
54 2
55 1
56 0
57 0
58 1
59 1
60 1
61 1
62 0
63 2
64 3
65 0
66 1
67 1
68 1
69 1
70 1
71 0
72 2
73 2
74 1
75 2
76 2
77 1
78 1
79 1
80 1
81 1
82 2
83 1
84 1
85 0
86 2
87 2
88 2
89 2
90 1
91 2
92 1
93 1
94 2
95 1
96 2
97 2
98 1
99 2
100 2
101 3
102 0
103 1
104 1
105 2
106 2
107 1
108 0
109 3
110 1
111 1
112 1
113 1
114 2
115 1
116 1
117 1
118 1
119 2
120 3
121 1
122 2
123 1
124 1
125 1
126 1
127 2
128 3
129 2
130 2
131 1
132 1
133 3
134 4
135 0
136 1
137 0
138 1
139 1
140 0
141 1
142 1
143 2
144 2
145 4
146 2
147 1
148 0
149 1
150 3
151 1
152 1
153 1
154 1
155 1
156 1
157 1
158 2
159 1
160 1
161 1
162 2
163 0
164 0
165 0
166 0
167 1
168 3
169 2
170 1
171 2
172 4
173 2
174 2
175 3
176 1
177 3
178 3
179 2
180 2
181 2
182 2
183 1
184 0
185 1
186 2
187 1
188 0
189 0
190 1
191 2
192 0
193 1
194 0
195 1
196 1
197 1
198 1
199 1
200 1
201 1
202 1
203 2
204 1
205 1
206 1
207 2
208 1
209 2
210 0
211 0
212 1
213 2
214 3
215 2
216 2
217 1
218 2
219 1
220 1
221 0
222 1
223 3
224 1
225 1
226 1
227 1
228 2
229 1
230 1
231 1
232 1
233 0
234 2
235 1
236 1
237 2
238 1
239 2
240 2
241 1
242 0
243 1
244 1
245 1
246 2
247 2
248 4
249 1
250 2
251 1
252 3
253 2
254 4
255 1
256 2
257 1
258 1
259 1
260 1
261 1
262 1
263 1
264 2
265 2
266 2
267 1
268 1
269 0
270 1
271 1
272 1
273 2
274 1
275 2
276 1
277 1
278 2
279 3
280 4
281 1
282 0
283 1
284 3
285 1
286 0
287 1
288 2
289 2
290 2
291 2
292 1
293 3
294 1
295 1
296 0
297 1
298 1
299 1
300 1
301 1
302 1
303 1
304 0
305 0
306 1
307 0
308 0
309 1
310 0
311 0
312 0
313 1
314 1
315 2
316 2
317 2
318 1
319 1
320 2
321 1
322 1
323 1
324 0
325 2
326 1
327 2
328 0
329 1
330 1
331 1
332 0
333 0
334 1
335 2
336 0
337 0
338 1
339 1
340 1
341 1
342 1
343 1
344 1
345 2
346 1
347 2
348 1
349 2
350 1
351 1
352 1
353 1
354 3
355 2
356 1
357 1
358 2
359 1
360 1
361 1
362 1
363 1
364 0
365 1
366 0
367 0
368 1
369 0
370 2
371 1
372 2
373 0
374 3
375 2
376 2
377 0
378 2
379 1
380 2
381 1
382 0
383 1
384 1
385 1
386 1
387 1
388 0
389 3
390 1
391 1
392 0
393 1
394 1
395 1
396 0
397 1
398 1
399 1
400 1
401 1
402 3
403 2
404 1
405 0
406 0
407 2
408 2
409 1
410 1
411 2
412 1
413 1
414 1
415 2
416 1
417 2
418 1
419 0
420 0
421 0
422 1
423 1
424 1
425 2
426 0
427 1
428 1
429 1
430 1
431 2
432 1
433 1
434 1
435 0
436 2
437 0
438 2
439 1
440 1
441 1
442 1
443 1
444 0
445 0
446 0
447 0
448 0
449 2
450 1
451 0
452 2
453 1
454 0
455 1
456 0
457 1
458 1
459 2
460 0
461 0
462 0
463 0
464 0
465 0
466 0
467 0
468 0
469 1
470 1
471 0
472 0
473 0
474 0
475 0
476 0
477 0
478 1
479 1
480 0
481 1
482 0
483 0
484 1
485 0
486 1
487 0
488 0
489 1
490 0
491 0
492 0
493 1
494 0
495 0
496 0
497 2
498 0
499 2
500 0
501 1
502 0
503 0
504 0
505 0
506 2
507 0
508 0
509 0
510 0
511 0
512 0
513 1
514 1
515 1
516 0
517 0
518 1
519 1
520 2
521 3
522 3
523 2
524 2
525 1
526 2
527 1
528 0
529 0
530 1
531 0
532 0
533 0
534 1
535 0
536 3
537 1
538 2
539 0
540 1
541 1
542 0
543 1
544 1
545 1
546 0
547 2
548 1
549 1
550 2
551 1
552 1
553 1
554 1
555 0
556 1
557 0
558 2
559 1
560 1
561 1
562 0
563 1
564 1
565 0
566 0
567 0
568 0
569 1
570 0
571 1
572 0
573 1
574 1
575 1
576 0
577 1
578 1
579 2
580 2
581 0
582 0
583 0
584 0
585 3
586 1
587 1
588 3
589 0
590 0
591 1
592 0
593 1
594 0
595 1
596 2
597 0
598 2
599 1
600 1
601 1
602 0
603 1
604 0
605 1
606 2
607 1
608 1
609 1
610 1
611 1
612 0
613 2
614 2
615 2
616 2
617 2
618 3
619 1
620 1
621 1
622 1
623 3
624 1
625 3
626 3
627 2
628 1
629 1
630 2
631 3
632 2
633 1
634 2
635 1
636 1
637 3
638 1
639 2
640 1
641 2
642 1
643 1
644 2
645 2
646 2
647 1
648 0
649 1
650 1
651 1
652 0
653 1
654 4
655 1
656 2
657 1
658 1
659 1
660 1
661 1
662 2
663 2
664 2
665 3
666 1
667 1
668 1
669 1
670 2
671 3
672 2
673 1
674 1
675 3
676 1
677 3
678 2
679 2
680 2
681 1
682 1
683 1
684 2
685 2
686 1
687 1
688 3
689 1
690 0
691 1
692 1
693 1
694 1
695 0
696 1
697 0
698 0
699 1
700 0
701 0
702 0
703 0
704 1
705 2
706 2
707 1
708 1
709 1
710 2
711 1
712 0
713 0
714 0
715 0
716 0
717 0
718 0
719 0
720 0
721 1
722 1
723 1
724 2
725 2
726 1
727 2
728 1
729 1
730 0
731 0
732 1
733 0
734 1
735 1
736 0
737 1
738 0
739 0
740 1
741 2
742 3
743 1
744 1
745 3
746 1
747 2
748 1
749 1
750 1
751 1
752 1
753 1
754 1
755 2
756 2
757 1
758 2
759 1
760 2
761 1
762 1
763 1
764 1
765 2
766 0
767 1
768 3
769 2
770 3
771 2
772 2
773 0
774 2
775 2
776 1
777 1
778 1
779 1
780 1
781 1
782 2
783 1
784 1
785 1
786 1
787 1
788 0
789 2
790 1
791 2
792 1
793 2
794 1
795 1
796 3
797 1
798 2
799 1
800 1
801 0
802 2
803 1
804 2
805 0
806 1
807 1
808 1
809 2
810 2
811 2
812 1
813 1
814 1
815 0
816 0
817 2
818 1
819 1
820 0
821 0
822 0
823 2
824 1
825 2
826 1
827 0
828 2
829 1
830 1
831 0
832 1
833 1
834 1
835 3
836 1
837 2
838 0
839 1
840 1
841 1
842 1
843 1
844 2
845 1
846 1
847 1
848 0
849 4
850 1
851 0
852 1
853 1
854 1
855 1
856 1
857 0
858 0
859 1
860 3
861 0
862 0
863 1
864 0
865 0
866 1
867 1
868 0
869 2
870 1
871 2
872 1
873 1
874 2
875 1
876 3
877 2
878 0
879 1
880 1
881 3
882 0
883 1
884 1
885 0
886 2
887 1
888 0
889 1
890 1
891 1
892 1
893 0
894 1
895 3
896 0
897 0
898 0
899 2
900 1
901 0
902 1
903 1
904 0
905 0
906 1
907 1
908 0
909 1
910 0
911 1
912 0
913 1
914 1
915 1
916 1
917 2
918 1
919 2
920 0
921 1
922 1
923 1
924 2
925 2
926 0
927 1
928 2
929 1
930 1
931 0
932 1
933 0
934 1
935 0
936 0
937 0
938 1
939 0
940 0
941 1
942 4
943 0
944 0
945 0
946 1
947 0
948 1
949 0
950 1
951 0
952 1
953 2
954 0
955 1
956 2
957 1
958 1
959 1
960 1
961 0
962 1
963 1
964 1
965 1
966 1
967 2
968 2
969 1
970 1
971 0
972 1
973 2
974 2
975 1
976 3
977 2
978 1
979 2
980 1
981 3
982 0
983 2
984 0
985 1
986 0
987 2
988 3
989 1
990 1
991 2
992 2
993 3
994 2
995 1
996 2
997 1
998 3
999 1
1000 1
1001 3
0 4
1 4
2 4
3 1
4 5
5 6
6 5
7 6
8 6
9 3
10 3
11 6
12 6
13 5
14 6
15 5
16 6
17 7
18 3
19 6
20 6
21 5
22 3
23 2
24 6
25 5
26 3
27 5
28 4
29 5
30 2
31 8
32 5
33 6
34 3
35 5
36 5
37 6
38 6
39 5
40 3
41 3
42 7
43 4
44 4
45 6
46 7
47 7
48 5
49 2
50 4
51 3
52 5
53 6
54 4
55 5
56 5
57 5
58 3
59 5
60 2
61 4
62 1
63 4
64 6
65 6
66 6
67 6
68 6
69 2
70 6
71 5
72 5
73 4
74 5
75 4
76 5
77 7
78 6
79 6
80 4
81 2
82 3
83 5
84 4
85 5
86 2
87 7
88 3
89 6
90 3
91 5
92 3
93 2
94 4
95 4
96 4
97 6
98 3
99 4
100 4
101 3
102 6
103 6
104 3
105 6
106 5
107 5
108 4
109 6
110 4
111 6
112 4
113 7
114 4
115 4
116 3
117 5
118 4
119 6
120 4
121 5
122 5
123 3
124 6
125 5
126 4
127 5
128 4
129 2
130 3
131 4
132 4
133 5
134 3
135 3
136 4
137 5
138 4
139 5
140 6
141 4
142 4
143 6
144 3
145 3
146 5
147 3
148 5
149 4
150 3
151 3
152 4
153 5
154 5
155 3
156 4
157 6
158 4
159 4
160 5
161 4
162 4
163 6
164 3
165 4
166 3
167 5
168 3
169 4
170 6
171 7
172 2
173 5
174 2
175 5
176 5
177 5
178 5
179 6
180 5
181 4
182 4
183 7
184 4
185 5
186 4
187 4
188 7
189 5
190 3
191 5
192 5
193 4
194 7
195 5
196 5
197 4
198 5
199 4
200 4
201 6
202 4
203 4
204 4
205 5
206 4
207 3
208 4
209 2
210 4
211 3
212 5
213 4
214 6
215 5
216 7
217 3
218 4
219 5
220 6
221 6
222 5
223 3
224 3
225 4
226 5
227 3
228 3
229 4
230 5
231 4
232 4
233 3
234 5
235 5
236 4
237 3
238 2
239 5
240 3
241 6
242 3
243 4
244 2
245 5
246 4
247 5
248 4
249 6
250 5
251 4
252 4
253 5
254 4
255 3
256 3
257 4
258 2
259 4
260 4
261 4
262 3
263 6
264 5
265 5
266 4
267 4
268 3
269 5
270 5
271 5
272 2
273 6
274 2
275 2
276 6
277 3
278 5
279 5
280 4
281 4
282 5
283 4
284 5
285 6
286 5
287 5
288 5
289 3
290 5
291 3
292 5
293 8
294 5
295 4
296 5
297 2
298 5
299 4
300 5
301 5
302 4
303 5
304 7
305 6
306 5
307 3
308 6
309 5
310 5
311 4
312 2
313 3
314 4
315 5
316 2
317 7
318 6
319 4
320 5
321 4
322 4
323 5
324 5
325 3
326 4
327 6
328 7
329 4
330 2
331 3
332 3
333 3
334 4
335 3
336 4
337 4
338 3
339 2
340 2
341 6
342 4
343 6
344 4
345 4
346 2
347 5
348 4
349 6
350 4
351 6
352 4
353 5
354 5
355 3
356 5
357 4
358 4
359 5
360 2
361 5
362 4
363 4
364 2
365 3
366 5
367 4
368 7
369 5
370 7
371 5
372 6
373 2
374 6
375 3
376 5
377 5
378 6
379 5
380 6
381 6
382 5
383 3
384 5
385 4
386 6
387 5
388 5
389 6
390 4
391 7
392 5
393 6
394 7
395 8
396 6
397 5
398 7
399 4
400 5
401 4
402 6
403 6
404 6
405 4
406 5
407 5
408 4
409 5
410 4
411 3
412 6
413 3
414 4
415 3
416 4
417 2
418 5
419 4
420 4
421 6
422 5
423 5
424 4
425 3
426 5
427 4
428 4
429 5
430 3
431 6
432 4
433 4
434 5
435 3
436 3
437 4
438 5
439 3
440 4
441 4
442 7
443 5
444 5
445 6
446 6
447 2
448 5
449 7
450 2
451 5
452 5
453 4
454 5
455 5
456 3
457 2
458 6
459 5
460 2
461 5
462 4
463 5
464 3
465 4
466 3
467 4
468 5
469 6
470 6
471 4
472 5
473 4
474 3
475 5
476 4
477 4
478 5
479 3
480 4
481 4
482 6
483 4
484 5
485 4
486 5
487 5
488 3
489 2
490 5
491 7
492 4
493 4
494 2
495 5
496 6
497 4
498 7
499 5
500 5
501 4
502 4
503 2
504 4
505 4
506 5
507 6
508 1
509 5
510 6
511 5
512 6
513 6
514 5
515 3
516 6
517 6
518 3
519 4
520 3
521 7
522 5
523 8
524 5
525 4
526 4
527 5
528 7
529 5
530 8
531 4
532 4
533 5
534 6
535 3
536 4
537 5
538 7
539 6
540 4
541 5
542 4
543 4
544 6
545 7
546 6
547 2
548 5
549 5
550 5
551 5
552 5
553 6
554 2
555 4
556 4
557 6
558 5
559 2
560 5
561 6
562 5
563 2
564 6
565 3
566 6
567 7
568 4
569 4
570 6
571 4
572 5
573 5
574 4
575 3
576 4
577 5
578 6
579 6
580 4
581 5
582 5
583 3
584 4
585 7
586 5
587 5
588 4
589 5
590 5
591 5
592 3
593 6
594 6
595 6
596 5
597 3
598 6
599 6
600 5
601 5
602 3
603 4
604 5
605 4
606 4
607 5
608 4
609 5
610 3
611 5
612 6
613 2
614 3
615 6
616 4
617 3
618 4
619 5
620 7
621 4
622 6
623 5
624 2
625 2
626 5
627 4
628 6
629 5
630 5
631 7
632 4
633 5
634 4
635 5
636 5
637 4
638 6
639 4
640 5
641 2
642 6
643 3
644 5
645 6
646 5
647 1
648 6
649 7
650 6
651 7
652 7
653 5
654 5
655 4
656 5
657 4
658 0
659 4
660 5
661 2
662 4
663 4
664 3
665 4
666 4
667 5
668 5
669 3
670 6
671 6
672 6
673 5
674 6
675 3
676 6
677 6
678 4
679 4
680 4
681 5
682 5
683 6
684 5
685 4
686 6
687 3
688 4
689 7
690 6
691 5
692 3
693 6
694 6
695 4
696 5
697 4
698 4
699 5
700 6
701 6
702 7
703 5
704 6
705 3
706 5
707 3
708 7
709 7
710 5
711 3
712 6
713 4
714 5
715 5
716 6
717 4
718 6
719 3
720 5
721 3
722 6
723 2
724 5
725 7
726 4
727 4
728 4
729 4
730 6
731 5
732 3
733 5
734 4
735 4
736 4
737 3
738 5
739 3
740 4
741 4
742 7
743 7
744 5
745 5
746 4
747 3
748 4
749 4
750 4
751 5
752 7
753 4
754 5
755 5
756 8
757 4
758 7
759 6
760 5
761 3
762 4
763 4
764 4
765 3
766 3
767 7
768 6
769 4
770 5
771 3
772 3
773 6
774 6
775 5
776 6
777 4
778 5
779 6
780 7
781 4
782 3
783 4
784 5
785 5
786 5
787 5
788 4
789 6
790 3
791 2
792 3
793 3
794 7
795 6
796 5
797 5
798 6
799 4
800 4
801 5
802 2
803 5
804 5
805 6
806 4
807 6
808 5
809 5
810 6
811 5
812 6
813 5
814 5
815 5
816 6
817 6
818 4
819 6
820 4
821 5
822 7
823 5
824 5
825 6
826 5
827 5
828 4
829 7
830 5
831 6
832 6
833 2
834 6
835 6
836 4
837 6
838 5
839 5
840 5
841 5
842 4
843 3
844 2
845 5
846 7
847 6
848 4
849 6
850 6
851 5
852 3
853 6
854 4
855 6
856 3
857 6
858 5
859 5
860 5
861 5
862 6
863 4
864 7
865 5
866 6
867 4
868 4
869 5
870 4
871 6
872 3
873 4
874 6
875 5
876 4
877 4
878 7
879 4
880 6
881 4
882 5
883 6
884 6
885 5
886 6
887 4
888 5
889 5
890 4
891 5
892 5
893 6
894 5
895 6
896 5
897 5
898 5
899 6
900 5
901 6
902 5
903 4
904 7
905 5
906 5
907 3
908 7
909 5
910 5
911 4
912 8
913 5
914 6
915 5
916 6
917 8
918 3
919 6
920 5
921 6
922 6
923 6
924 7
925 6
926 2
927 4
928 5
929 3
930 5
931 6
932 5
933 5
934 6
935 5
936 4
937 6
938 4
939 7
940 6
941 6
942 5
943 3
944 5
945 4
946 5
947 6
948 6
949 4
950 5
951 5
952 5
953 4
954 3
955 4
956 2
957 2
958 4
959 5
960 5
961 4
962 4
963 4
964 5
965 6
966 4
967 4
968 5
969 6
970 4
971 7
972 5
973 3
974 6
975 5
976 3
977 6
978 6
979 4
980 5
981 4
982 6
983 4
984 4
985 4
986 4
987 4
988 6
989 5
990 7
991 7
992 5
993 5
994 5
995 3
996 6
997 7
998 8
999 4
1000 5
1001 6
0 6
1 5
2 5
3 6
4 4
5 7
6 5
7 5
8 6
9 3
10 6
11 5
12 7
13 4
14 4
15 5
16 6
17 7
18 5
19 4
20 7
21 7
22 6
23 6
24 6
25 5
26 6
27 7
28 8
29 4
30 6
31 6
32 9
33 7
34 3
35 8
36 7
37 8
38 6
39 7
40 5
41 8
42 6
43 5
44 6
45 6
46 8
47 8
48 8
49 6
50 5
51 6
52 6
53 6
54 7
55 5
56 4
57 6
58 6
59 5
60 8
61 4
62 2
63 6
64 7
65 6
66 6
67 8
68 5
69 6
70 7
71 6
72 4
73 7
74 6
75 7
76 6
77 7
78 6
79 8
80 6
81 5
82 4
83 8
84 7
85 6
86 4
87 8
88 7
89 6
90 5
91 5
92 7
93 9
94 7
95 4
96 6
97 7
98 6
99 6
100 8
101 5
102 7
103 7
104 5
105 7
106 4
107 6
108 4
109 6
110 7
111 5
112 8
113 5
114 7
115 7
116 4
117 6
118 6
119 6
120 4
121 6
122 6
123 5
124 4
125 5
126 7
127 2
128 6
129 6
130 8
131 8
132 5
133 8
134 5
135 7
136 6
137 4
138 7
139 7
140 8
141 7
142 8
143 5
144 7
145 7
146 6
147 8
148 8
149 7
150 7
151 7
152 5
153 7
154 5
155 6
156 7
157 5
158 7
159 6
160 5
161 7
162 2
163 4
164 7
165 7
166 5
167 6
168 4
169 5
170 6
171 6
172 6
173 6
174 7
175 5
176 7
177 7
178 6
179 9
180 7
181 5
182 5
183 6
184 4
185 6
186 5
187 7
188 7
189 7
190 7
191 6
192 6
193 7
194 7
195 7
196 5
197 5
198 6
199 4
200 4
201 6
202 7
203 5
204 6
205 6
206 5
207 5
208 6
209 4
210 7
211 6
212 4
213 6
214 3
215 3
216 7
217 5
218 7
219 4
220 6
221 6
222 7
223 5
224 6
225 4
226 7
227 6
228 5
229 4
230 4
231 5
232 6
233 3
234 6
235 5
236 5
237 8
238 5
239 5
240 9
241 5
242 6
243 5
244 5
245 6
246 5
247 6
248 8
249 5
250 4
251 6
252 7
253 6
254 6
255 5
256 5
257 4
258 2
259 3
260 5
261 6
262 5
263 5
264 9
265 6
266 6
267 5
268 7
269 5
270 4
271 7
272 4
273 7
274 4
275 6
276 7
277 7
278 4
279 4
280 6
281 6
282 5
283 6
284 6
285 7
286 6
287 5
288 8
289 5
290 7
291 4
292 5
293 4
294 7
295 6
296 6
297 6
298 7
299 3
300 8
301 7
302 6
303 6
304 5
305 6
306 5
307 4
308 4
309 5
310 6
311 4
312 7
313 6
314 6
315 7
316 7
317 5
318 5
319 5
320 6
321 5
322 7
323 6
324 7
325 7
326 6
327 4
328 6
329 4
330 4
331 3
332 4
333 5
334 6
335 4
336 7
337 3
338 6
339 5
340 4
341 4
342 5
343 5
344 4
345 5
346 7
347 6
348 7
349 6
350 3
351 6
352 5
353 5
354 6
355 7
356 6
357 7
358 6
359 4
360 7
361 6
362 6
363 5
364 6
365 6
366 7
367 7
368 5
369 4
370 4
371 6
372 5
373 8
374 8
375 3
376 4
377 4
378 5
379 5
380 6
381 6
382 4
383 7
384 6
385 5
386 7
387 5
388 5
389 5
390 6
391 4
392 5
393 4
394 4
395 4
396 5
397 5
398 3
399 3
400 6
401 7
402 4
403 4
404 5
405 4
406 4
407 5
408 7
409 6
410 3
411 3
412 3
413 6
414 5
415 4
416 6
417 6
418 7
419 7
420 7
421 5
422 6
423 5
424 8
425 4
426 6
427 8
428 5
429 4
430 4
431 5
432 8
433 5
434 4
435 4
436 3
437 3
438 3
439 4
440 3
441 5
442 3
443 5
444 4
445 3
446 8
447 6
448 7
449 4
450 3
451 5
452 3
453 5
454 5
455 6
456 6
457 3
458 3
459 6
460 6
461 8
462 7
463 3
464 4
465 5
466 6
467 6
468 5
469 4
470 7
471 5
472 4
473 5
474 6
475 4
476 6
477 6
478 3
479 6
480 6
481 5
482 7
483 6
484 6
485 6
486 6
487 5
488 6
489 5
490 4
491 4
492 6
493 5
494 5
495 7
496 5
497 4
498 5
499 6
500 5
501 3
502 6
503 5
504 7
505 7
506 5
507 4
508 5
509 5
510 4
511 6
512 7
513 5
514 7
515 6
516 5
517 5
518 7
519 5
520 5
521 5
522 7
523 5
524 7
525 6
526 5
527 6
528 5
529 4
530 4
531 4
532 6
533 5
534 4
535 5
536 5
537 4
538 6
539 3
540 5
541 7
542 4
543 5
544 4
545 5
546 4
547 6
548 6
549 6
550 5
551 6
552 4
553 5
554 5
555 4
556 6
557 6
558 4
559 3
560 7
561 5
562 6
563 5
564 5
565 4
566 5
567 6
568 6
569 7
570 7
571 4
572 5
573 6
574 7
575 4
576 2
577 6
578 5
579 6
580 5
581 6
582 5
583 4
584 5
585 5
586 6
587 5
588 5
589 6
590 6
591 2
592 6
593 4
594 6
595 5
596 3
597 6
598 7
599 3
600 3
601 4
602 3
603 6
604 5
605 6
606 7
607 5
608 6
609 6
610 5
611 7
612 4
613 6
614 4
615 7
616 6
617 7
618 6
619 6
620 5
621 4
622 6
623 7
624 6
625 3
626 6
627 6
628 6
629 5
630 4
631 4
632 6
633 4
634 5
635 5
636 8
637 7
638 5
639 4
640 7
641 5
642 6
643 5
644 5
645 5
646 5
647 7
648 6
649 5
650 5
651 6
652 4
653 6
654 6
655 6
656 5
657 6
658 6
659 6
660 5
661 4
662 6
663 7
664 4
665 5
666 4
667 4
668 5
669 2
670 5
671 3
672 5
673 5
674 5
675 4
676 3
677 6
678 6
679 6
680 5
681 5
682 6
683 7
684 5
685 4
686 5
687 4
688 1
689 6
690 3
691 5
692 6
693 4
694 4
695 5
696 4
697 5
698 7
699 5
700 6
701 2
702 5
703 6
704 4
705 5
706 5
707 6
708 5
709 5
710 6
711 5
712 5
713 5
714 5
715 7
716 4
717 4
718 6
719 5
720 6
721 5
722 7
723 7
724 6
725 6
726 5
727 3
728 6
729 4
730 6
731 5
732 5
733 6
734 7
735 5
736 4
737 6
738 5
739 5
740 7
741 4
742 5
743 6
744 7
745 7
746 4
747 5
748 4
749 5
750 7
751 8
752 7
753 3
754 6
755 5
756 3
757 4
758 7
759 5
760 6
761 6
762 7
763 5
764 6
765 6
766 5
767 5
768 4
769 6
770 6
771 6
772 4
773 3
774 4
775 4
776 5
777 7
778 4
779 7
780 6
781 5
782 5
783 6
784 6
785 5
786 5
787 6
788 7
789 5
790 5
791 3
792 4
793 7
794 9
795 3
796 7
797 4
798 6
799 7
800 5
801 6
802 6
803 5
804 6
805 5
806 7
807 6
808 5
809 5
810 6
811 6
812 6
813 6
814 5
815 4
816 2
817 5
818 6
819 6
820 4
821 4
822 6
823 5
824 5
825 3
826 5
827 3
828 3
829 8
830 5
831 3
832 7
833 4
834 4
835 7
836 5
837 6
838 5
839 6
840 4
841 5
842 5
843 7
844 4
845 5
846 5
847 5
848 7
849 7
850 3
851 5
852 5
853 6
854 7
855 5
856 7
857 6
858 6
859 7
860 4
861 5
862 4
863 4
864 6
865 5
866 5
867 3
868 6
869 6
870 4
871 6
872 5
873 6
874 7
875 6
876 7
877 5
878 5
879 3
880 7
881 6
882 5
883 5
884 4
885 5
886 3
887 4
888 5
889 6
890 7
891 6
892 5
893 4
894 5
895 6
896 6
897 5
898 4
899 5
900 5
901 7
902 5
903 5
904 7
905 5
906 7
907 5
908 7
909 6
910 5
911 3
912 5
913 6
914 6
915 4
916 5
917 6
918 7
919 3
920 5
921 4
922 7
923 6
924 7
925 7
926 7
927 5
928 5
929 7
930 6
931 6
932 6
933 4
934 6
935 6
936 4
937 4
938 6
939 4
940 3
941 4
942 6
943 6
944 5
945 6
946 7
947 6
948 5
949 5
950 6
951 6
952 4
953 5
954 3
955 6
956 5
957 4
958 6
959 6
960 6
961 3
962 7
963 6
964 6
965 7
966 3
967 7
968 3
969 6
970 5
971 6
972 3
973 4
974 6
975 4
976 6
977 6
978 6
979 5
980 7
981 5
982 6
983 5
984 7
985 7
986 5
987 5
988 7
989 6
990 5
991 6
992 6
993 5
994 7
995 3
996 6
997 5
998 5
999 6
1000 6
1001 5
0 1
1 1
2 6
3 3
4 8
5 6
6 8
7 5
8 5
9 4
10 4
11 2
12 6
13 2
14 4
15 4
16 5
17 4
18 4
19 3
20 5
21 2
22 5
23 6
24 4
25 3
26 5
27 4
28 4
29 5
30 5
31 4
32 4
33 4
34 4
35 3
36 5
37 4
38 6
39 5
40 4
41 5
42 3
43 3
44 6
45 4
46 5
47 5
48 3
49 3
50 2
51 4
52 4
53 2
54 6
55 5
56 5
57 5
58 5
59 3
60 6
61 4
62 4
63 4
64 4
65 4
66 4
67 4
68 3
69 6
70 6
71 4
72 5
73 4
74 4
75 6
76 3
77 3
78 6
79 4
80 6
81 4
82 3
83 5
84 5
85 2
86 2
87 4
88 2
89 1
90 4
91 2
92 5
93 2
94 3
95 5
96 2
97 5
98 4
99 4
100 3
101 5
102 1
103 4
104 5
105 4
106 6
107 7
108 5
109 4
110 4
111 3
112 6
113 4
114 2
115 5
116 4
117 4
118 3
119 5
120 5
121 5
122 5
123 2
124 4
125 5
126 4
127 6
128 4
129 5
130 4
131 4
132 4
133 3
134 3
135 4
136 6
137 2
138 5
139 2
140 5
141 4
142 4
143 4
144 5
145 2
146 5
147 3
148 4
149 5
150 4
151 3
152 2
153 5
154 3
155 4
156 5
157 4
158 6
159 5
160 2
161 6
162 4
163 5
164 2
165 4
166 4
167 5
168 4
169 5
170 5
171 4
172 5
173 3
174 5
175 4
176 6
177 3
178 3
179 6
180 5
181 5
182 6
183 6
184 4
185 3
186 5
187 6
188 5
189 5
190 4
191 4
192 6
193 5
194 6
195 6
196 6
197 6
198 4
199 2
200 5
201 3
202 5
203 4
204 6
205 3
206 3
207 4
208 2
209 3
210 6
211 5
212 4
213 2
214 3
215 4
216 4
217 4
218 3
219 5
220 4
221 3
222 3
223 4
224 6
225 2
226 3
227 4
228 4
229 6
230 6
231 5
232 2
233 5
234 6
235 6
236 6
237 4
238 5
239 6
240 4
241 4
242 5
243 5
244 3
245 4
246 5
247 6
248 4
249 3
250 3
251 1
252 2
253 4
254 4
255 3
256 4
257 5
258 4
259 3
260 6
261 4
262 5
263 4
264 5
265 5
266 4
267 6
268 5
269 3
270 3
271 5
272 4
273 4
274 3
275 2
276 2
277 5
278 4
279 2
280 3
281 4
282 5
283 5
284 6
285 5
286 3
287 4
288 4
289 3
290 4
291 5
292 4
293 5
294 4
295 4
296 4
297 4
298 5
299 2
300 3
301 4
302 5
303 2
304 4
305 4
306 2
307 3
308 2
309 5
310 4
311 3
312 5
313 1
314 2
315 4
316 5
317 5
318 3
319 1
320 4
321 2
322 4
323 5
324 4
325 4
326 0
327 4
328 2
329 3
330 1
331 2
332 2
333 3
334 3
335 3
336 2
337 2
338 2
339 2
340 3
341 3
342 1
343 3
344 5
345 3
346 3
347 3
348 4
349 4
350 2
351 3
352 2
353 1
354 0
355 5
356 4
357 2
358 3
359 2
360 1
361 0
362 4
363 3
364 3
365 3
366 4
367 2
368 2
369 2
370 2
371 1
372 3
373 3
374 3
375 3
376 3
377 3
378 5
379 3
380 3
381 1
382 3
383 1
384 2
385 4
386 3
387 3
388 2
389 3
390 3
391 3
392 4
393 3
394 2
395 3
396 0
397 4
398 2
399 2
400 3
401 2
402 2
403 2
404 2
405 2
406 2
407 3
408 3
409 3
410 3
411 4
412 1
413 4
414 5
415 5
416 3
417 4
418 2
419 3
420 6
421 4
422 3
423 3
424 4
425 3
426 3
427 3
428 4
429 5
430 7
431 3
432 3
433 4
434 5
435 5
436 4
437 3
438 5
439 2
440 2
441 4
442 3
443 4
444 3
445 2
446 5
447 2
448 4
449 4
450 3
451 4
452 4
453 5
454 3
455 4
456 3
457 2
458 3
459 4
460 3
461 2
462 5
463 3
464 3
465 3
466 2
467 3
468 1
469 2
470 3
471 3
472 5
473 5
474 6
475 3
476 4
477 5
478 3
479 3
480 1
481 4
482 5
483 3
484 5
485 1
486 4
487 3
488 5
489 4
490 4
491 4
492 4
493 3
494 3
495 3
496 3
497 2
498 4
499 4
500 1
501 2
502 3
503 2
504 3
505 5
506 3
507 4
508 1
509 3
510 2
511 4
512 3
513 2
514 3
515 4
516 3
517 3
518 2
519 4
520 3
521 5
522 5
523 2
524 4
525 3
526 4
527 3
528 4
529 3
530 5
531 3
532 3
533 3
534 2
535 2
536 5
537 2
538 5
539 3
540 4
541 3
542 3
543 2
544 2
545 2
546 3
547 1
548 4
549 2
550 4
551 2
552 2
553 3
554 3
555 4
556 3
557 5
558 3
559 4
560 2
561 2
562 4
563 2
564 5
565 5
566 3
567 3
568 3
569 4
570 3
571 5
572 3
573 4
574 3
575 5
576 3
577 2
578 3
579 3
580 4
581 3
582 3
583 3
584 2
585 4
586 3
587 2
588 3
589 5
590 3
591 3
592 2
593 1
594 4
595 4
596 3
597 4
598 3
599 2
600 4
601 6
602 3
603 4
604 5
605 2
606 5
607 3
608 4
609 4
610 4
611 2
612 2
613 2
614 3
615 6
616 4
617 4
618 6
619 2
620 3
621 5
622 5
623 4
624 4
625 6
626 6
627 4
628 0
629 2
630 5
631 3
632 4
633 5
634 4
635 5
636 3
637 4
638 3
639 6
640 4
641 6
642 5
643 7
644 5
645 5
646 5
647 2
648 4
649 5
650 4
651 5
652 4
653 4
654 4
655 7
656 3
657 6
658 6
659 3
660 6
661 5
662 6
663 6
664 3
665 5
666 2
667 3
668 6
669 3
670 4
671 5
672 6
673 5
674 5
675 7
676 5
677 6
678 5
679 5
680 5
681 4
682 5
683 4
684 4
685 5
686 4
687 2
688 5
689 5
690 4
691 4
692 5
693 6
694 5
695 4
696 6
697 4
698 4
699 4
700 6
701 3
702 3
703 4
704 6
705 3
706 4
707 5
708 3
709 2
710 5
711 4
712 6
713 5
714 7
715 6
716 5
717 7
718 6
719 6
720 6
721 5
722 5
723 5
724 4
725 6
726 6
727 6
728 5
729 6
730 9
731 6
732 5
733 4
734 3
735 5
736 7
737 7
738 6
739 6
740 5
741 6
742 6
743 2
744 7
745 5
746 4
747 5
748 5
749 4
750 4
751 5
752 3
753 5
754 7
755 3
756 5
757 5
758 4
759 6
760 4
761 3
762 3
763 4
764 4
765 4
766 5
767 6
768 4
769 4
770 5
771 6
772 5
773 5
774 4
775 6
776 4
777 4
778 5
779 5
780 5
781 6
782 5
783 4
784 6
785 5
786 4
787 2
788 1
789 4
790 6
791 6
792 4
793 4
794 4
795 3
796 5
797 5
798 3
799 5
800 6
801 4
802 5
803 4
804 3
805 4
806 7
807 4
808 6
809 3
810 4
811 3
812 5
813 5
814 3
815 4
816 3
817 4
818 5
819 5
820 3
821 5
822 4
823 3
824 3
825 4
826 4
827 5
828 4
829 5
830 6
831 5
832 5
833 5
834 3
835 5
836 5
837 6
838 3
839 5
840 6
841 6
842 4
843 3
844 3
845 5
846 4
847 4
848 4
849 5
850 6
851 3
852 6
853 6
854 6
855 6
856 6
857 3
858 4
859 5
860 5
861 6
862 5
863 3
864 4
865 5
866 4
867 6
868 5
869 5
870 5
871 6
872 6
873 3
874 6
875 6
876 4
877 3
878 2
879 4
880 4
881 3
882 6
883 5
884 4
885 4
886 3
887 6
888 5
889 3
890 3
891 2
892 6
893 6
894 5
895 4
896 4
897 6
898 3
899 4
900 5
901 6
902 5
903 6
904 4
905 5
906 5
907 2
908 4
909 3
910 3
911 4
912 5
913 6
914 4
915 3
916 3
917 4
918 3
919 6
920 5
921 6
922 1
923 5
924 3
925 7
926 5
927 3
928 5
929 4
930 3
931 5
932 4
933 6
934 5
935 2
936 3
937 4
938 5
939 4
940 4
941 5
942 6
943 2
944 5
945 6
946 6
947 3
948 4
949 5
950 5
951 4
952 5
953 4
954 7
955 4
956 6
957 3
958 5
959 2
960 4
961 5
962 4
963 4
964 5
965 3
966 5
967 5
968 4
969 2
970 4
971 4
972 6
973 3
974 5
975 4
976 6
977 4
978 6
979 4
980 4
981 5
982 1
983 5
984 4
985 6
986 5
987 4
988 3
989 5
990 5
991 5
992 5
993 5
994 6
995 4
996 4
997 5
998 3
999 5
1000 3
1001 4
