0 0
1 0
2 0
3 0
4 0
5 0
6 0
7 0
8 0
9 0
10 0
11 0
12 0
13 0
14 0
15 0
16 0
17 0
18 0
19 0
20 0
21 0
22 0
23 0
24 0
25 1
26 0
27 0
28 0
29 0
30 0
31 0
32 0
33 0
34 0
35 0
36 0
37 0
38 0
39 0
40 0
41 0
42 0
43 0
44 0
45 1
46 0
47 0
48 0
49 0
50 0
51 1
52 1
53 1
54 0
55 0
56 0
57 0
58 0
59 0
60 0
61 0
62 0
63 1
64 0
65 1
66 0
67 0
68 0
69 0
70 0
71 0
72 0
73 0
74 1
75 1
76 0
77 1
78 1
79 0
80 0
81 1
82 1
83 3
84 1
85 2
86 1
87 1
88 1
89 1
90 1
91 1
92 0
93 1
94 0
95 1
96 1
97 1
98 1
99 0
100 0
101 0
102 1
103 1
104 0
105 0
106 0
107 1
108 1
109 1
110 0
111 1
112 0
113 1
114 1
115 1
116 1
117 1
118 0
119 0
120 0
121 1
122 1
123 3
124 1
125 0
126 0
127 1
128 1
129 1
130 1
131 1
132 1
133 1
134 0
135 1
136 1
137 1
138 1
139 1
140 0
141 0
142 0
143 1
144 1
145 0
146 0
147 2
148 0
149 1
150 1
151 1
152 1
153 1
154 0
155 1
156 0
157 1
158 1
159 1
160 1
161 1
162 1
163 1
164 1
165 1
166 2
167 1
168 1
169 0
170 1
171 1
172 2
173 1
174 0
175 0
176 1
177 1
178 2
179 1
180 1
181 0
182 1
183 1
184 0
185 1
186 1
187 1
188 1
189 1
190 1
191 1
192 1
193 0
194 1
195 2
196 0
197 1
198 1
199 0
200 1
201 0
202 1
203 0
204 1
205 1
206 1
207 1
208 0
209 1
210 0
211 1
212 1
213 0
214 1
215 0
216 0
217 1
218 1
219 1
220 0
221 1
222 1
223 1
224 1
225 1
226 1
227 1
228 1
229 1
230 1
231 1
232 0
233 1
234 1
235 1
236 1
237 0
238 0
239 2
240 1
241 0
242 2
243 1
244 0
245 0
246 1
247 0
248 1
249 2
250 1
251 2
252 1
253 0
254 0
255 1
256 0
257 1
258 1
259 1
260 0
261 1
262 1
263 1
264 1
265 1
266 1
267 0
268 0
269 0
270 1
271 1
272 1
273 1
274 0
275 1
276 0
277 1
278 1
279 1
280 1
281 1
282 0
283 1
284 1
285 0
286 1
287 1
288 1
289 0
290 0
291 0
292 0
293 0
294 0
295 0
296 0
297 0
298 0
299 1
300 0
301 0
302 1
303 0
304 0
305 1
306 0
307 0
308 0
309 1
310 0
311 1
312 1
313 1
314 1
315 1
316 0
317 2
318 1
319 0
320 1
321 1
322 0
323 1
324 1
325 1
326 1
327 1
328 1
329 1
330 0
331 0
332 0
333 0
334 0
335 0
336 0
337 0
338 0
339 0
340 0
341 0
342 0
343 0
344 1
345 1
346 1
347 0
348 0
349 1
350 0
351 1
352 0
353 1
354 1
355 1
356 1
357 0
358 1
359 1
360 1
361 0
362 1
363 0
364 0
365 1
366 1
367 1
368 2
369 0
370 1
371 1
372 1
373 1
374 0
375 1
376 1
377 1
378 1
379 0
380 0
381 1
382 0
383 2
384 3
385 1
386 1
387 1
388 1
389 1
390 1
391 1
392 1
393 1
394 1
395 1
396 3
397 0
398 1
399 1
400 0
401 1
402 1
403 1
404 1
405 1
406 1
407 1
408 1
409 1
410 1
411 1
412 0
413 1
414 1
415 1
416 0
417 1
418 0
419 1
420 2
421 1
422 1
423 1
424 1
425 1
426 1
427 1
428 1
429 1
430 1
431 1
432 1
433 0
434 1
435 0
436 1
437 0
438 1
439 0
440 1
441 1
442 0
443 1
444 1
445 1
446 1
447 1
448 1
449 1
450 0
451 1
452 1
453 1
454 1
455 0
456 1
457 1
458 1
459 1
460 2
461 2
462 2
463 1
464 2
465 1
466 1
467 1
468 2
469 1
470 0
471 1
472 1
473 1
474 1
475 1
476 0
477 1
478 2
479 0
480 1
481 0
482 0
483 2
484 1
485 1
486 2
487 2
488 1
489 1
490 2
491 2
492 1
493 1
494 1
495 1
496 2
497 1
498 1
499 1
500 2
501 0
502 1
503 1
504 1
505 1
506 1
507 0
508 0
509 0
510 1
511 1
512 1
513 2
514 1
515 1
516 0
517 1
518 0
519 1
520 0
521 1
522 1
523 1
524 1
525 0
526 0
527 1
528 1
529 1
530 1
531 1
532 1
533 1
534 1
535 1
536 0
537 1
538 0
539 1
540 1
541 1
542 1
543 1
544 1
545 1
546 1
547 0
548 1
549 1
550 1
551 1
552 2
553 1
554 1
555 1
556 1
557 0
558 1
559 1
560 1
561 3
562 1
563 2
564 2
565 1
566 1
567 0
568 1
569 1
570 2
571 2
572 0
573 2
574 3
575 1
576 0
577 2
578 1
579 1
580 0
581 1
582 0
583 0
584 1
585 0
586 1
587 1
588 1
589 0
590 0
591 1
592 0
593 1
594 0
595 1
596 1
597 2
598 1
599 0
600 1
601 1
602 1
603 1
604 2
605 2
606 0
607 0
608 0
609 0
610 2
611 0
612 1
613 2
614 1
615 0
616 0
617 0
618 0
619 1
620 2
621 0
622 0
623 0
624 0
625 0
626 0
627 1
628 2
629 0
630 0
631 0
632 2
633 1
634 1
635 2
636 2
637 2
638 1
639 1
640 2
641 1
642 2
643 2
644 2
645 0
646 4
647 1
648 3
649 2
650 0
651 1
652 0
653 0
654 0
655 0
656 2
657 1
658 3
659 1
660 2
661 0
662 0
663 0
664 1
665 2
666 1
667 2
668 3
669 1
670 3
671 1
672 2
673 2
674 1
675 1
676 1
677 1
678 1
679 1
680 2
681 3
682 1
683 0
684 1
685 1
686 1
687 1
688 1
689 0
690 1
691 0
692 2
693 1
694 1
695 1
696 1
697 1
698 1
699 1
700 1
701 0
702 1
703 1
704 2
705 1
706 3
707 1
708 2
709 2
710 0
711 1
712 0
713 2
714 2
715 1
716 2
717 2
718 2
719 3
720 1
721 0
722 3
723 0
724 0
725 2
726 1
727 1
728 2
729 1
730 3
731 2
732 2
733 2
734 3
735 3
736 4
737 3
738 2
739 2
740 2
741 2
742 1
743 2
744 1
745 2
746 1
747 0
748 1
749 2
750 1
751 2
752 3
753 2
754 2
755 1
756 2
757 2
758 2
759 2
760 1
761 1
762 2
763 4
764 3
765 3
766 2
767 3
768 2
769 2
770 1
771 1
772 1
773 2
774 3
775 1
776 2
777 2
778 2
779 1
780 1
781 3
782 3
783 3
784 3
785 1
786 2
787 1
788 1
789 2
790 1
791 2
792 0
793 2
794 2
795 1
796 2
797 2
798 2
799 2
800 3
801 2
802 2
803 1
804 2
805 1
806 3
807 3
808 2
809 3
810 3
811 1
812 2
813 3
814 1
815 2
816 2
817 3
818 3
819 3
820 2
821 2
822 2
823 1
824 2
825 0
826 3
827 2
828 3
829 2
830 0
831 2
832 3
833 2
834 1
835 2
836 2
837 4
838 4
839 3
840 2
841 3
842 3
843 3
844 2
845 4
846 1
847 1
848 2
849 2
850 4
851 3
852 2
853 2
854 2
855 4
856 2
857 4
858 3
859 2
860 3
861 3
862 2
863 3
864 2
865 2
866 3
867 1
868 3
869 3
870 2
871 3
872 2
873 1
874 4
875 1
876 3
877 2
878 4
879 4
880 4
881 4
882 2
883 3
884 3
885 3
886 2
887 3
888 3
889 3
890 2
891 2
892 2
893 3
894 2
895 1
896 2
897 1
898 2
899 3
900 2
901 3
902 4
903 2
904 1
905 3
906 1
907 3
908 4
909 2
910 2
911 2
912 6
913 4
914 4
915 3
916 3
917 1
918 3
919 3
920 3
921 2
922 2
923 2
924 2
925 2
926 2
927 3
928 2
929 3
930 2
931 2
932 2
933 3
934 3
935 2
936 2
937 3
938 3
939 3
940 2
941 3
942 4
943 3
944 2
945 2
946 2
947 3
948 3
949 2
950 2
951 1
952 2
953 1
954 1
955 1
956 3
957 2
958 3
959 2
960 2
961 3
962 3
963 2
964 3
965 0
966 3
967 2
968 2
969 2
970 2
971 1
972 3
973 2
974 2
975 2
976 3
977 2
978 1
979 0
980 2
981 2
982 2
983 2
984 1
985 2
986 3
987 2
988 3
989 1
990 1
991 2
992 1
993 3
994 3
995 3
996 1
997 3
998 4
999 2
1000 1
1001 3
0 0
1 0
2 0
3 0
4 0
5 0
6 0
7 0
8 0
9 0
10 0
11 0
12 0
13 1
14 0
15 0
16 0
17 0
18 0
19 0
20 0
21 0
22 0
23 0
24 0
25 0
26 0
27 0
28 0
29 0
30 0
31 0
32 0
33 0
34 0
35 0
36 0
37 0
38 0
39 0
40 0
41 0
42 0
43 0
44 0
45 0
46 0
47 0
48 0
49 0
50 0
51 0
52 0
53 0
54 0
55 0
56 0
57 0
58 0
59 0
60 0
61 0
62 0
63 0
64 0
65 0
66 1
67 0
68 0
69 0
70 0
71 0
72 0
73 0
74 0
75 0
76 0
77 0
78 0
79 0
80 0
81 0
82 0
83 0
84 0
85 0
86 0
87 0
88 0
89 0
90 0
91 0
92 0
93 0
94 0
95 0
96 0
97 0
98 0
99 0
100 0
101 0
102 0
103 0
104 0
105 0
106 0
107 0
108 0
109 0
110 0
111 0
112 0
113 0
114 0
115 0
116 0
117 0
118 0
119 0
120 0
121 0
122 0
123 0
124 0
125 0
126 0
127 0
128 0
129 0
130 0
131 0
132 0
133 0
134 0
135 0
136 0
137 0
138 0
139 0
140 0
141 0
142 0
143 0
144 0
145 0
146 0
147 0
148 0
149 0
150 0
151 0
152 0
153 0
154 0
155 0
156 0
157 0
158 0
159 0
160 0
161 0
162 0
163 0
164 0
165 0
166 0
167 0
168 0
169 0
170 0
171 0
172 0
173 0
174 0
175 0
176 0
177 0
178 0
179 0
180 0
181 0
182 0
183 0
184 0
185 0
186 0
187 0
188 0
189 0
190 0
191 0
192 0
193 0
194 0
195 0
196 0
197 0
198 0
199 0
200 0
201 0
202 0
203 0
204 0
205 0
206 0
207 0
208 0
209 0
210 1
211 0
212 0
213 0
214 0
215 2
216 1
217 0
218 0
219 0
220 1
221 1
222 1
223 0
224 1
225 0
226 0
227 1
228 1
229 1
230 0
231 1
232 0
233 1
234 2
235 1
236 1
237 0
238 0
239 1
240 1
241 1
242 1
243 0
244 1
245 1
246 0
247 0
248 1
249 1
250 1
251 0
252 0
253 0
254 0
255 0
256 0
257 0
258 0
259 0
260 0
261 0
262 0
263 2
264 0
265 2
266 1
267 0
268 0
269 2
270 1
271 2
272 0
273 1
274 2
275 2
276 2
277 1
278 1
279 2
280 0
281 1
282 0
283 1
284 0
285 0
286 0
287 1
288 0
289 1
290 0
291 0
292 0
293 1
294 0
295 1
296 0
297 1
298 0
299 1
300 0
301 2
302 1
303 0
304 1
305 0
306 1
307 0
308 0
309 0
310 1
311 0
312 0
313 0
314 0
315 0
316 1
317 1
318 1
319 1
320 0
321 0
322 2
323 2
324 2
325 1
326 1
327 1
328 1
329 1
330 1
331 2
332 2
333 1
334 0
335 2
336 2
337 2
338 1
339 0
340 0
341 1
342 1
343 1
344 0
345 1
346 0
347 1
348 2
349 2
350 1
351 0
352 1
353 1
354 1
355 0
356 1
357 1
358 0
359 1
360 0
361 0
362 1
363 2
364 1
365 1
366 2
367 2
368 1
369 2
370 2
371 1
372 1
373 1
374 0
375 1
376 1
377 0
378 1
379 0
380 1
381 1
382 1
383 4
384 2
385 1
386 2
387 2
388 2
389 2
390 1
391 2
392 2
393 0
394 2
395 2
396 2
397 1
398 1
399 1
400 0
401 1
402 1
403 1
404 1
405 4
406 3
407 2
408 3
409 2
410 1
411 0
412 2
413 1
414 3
415 1
416 1
417 2
418 1
419 1
420 1
421 0
422 2
423 2
424 3
425 2
426 3
427 3
428 2
429 1
430 2
431 1
432 2
433 2
434 2
435 1
436 3
437 0
438 2
439 1
440 2
441 3
442 2
443 2
444 3
445 2
446 2
447 1
448 2
449 3
450 2
451 2
452 3
453 3
454 2
455 1
456 3
457 2
458 2
459 0
460 2
461 2
462 2
463 1
464 2
465 1
466 2
467 2
468 1
469 2
470 2
471 1
472 1
473 1
474 3
475 1
476 3
477 3
478 1
479 2
480 3
481 2
482 3
483 2
484 3
485 3
486 2
487 2
488 2
489 1
490 5
491 1
492 2
493 1
494 3
495 2
496 1
497 2
498 1
499 2
500 1
501 1
502 2
503 2
504 3
505 3
506 4
507 2
508 2
509 2
510 1
511 4
512 1
513 2
514 2
515 2
516 2
517 2
518 3
519 1
520 1
521 3
522 2
523 2
524 2
525 2
526 4
527 2
528 1
529 4
530 3
531 2
532 1
533 1
534 3
535 1
536 1
537 2
538 0
539 2
540 3
541 2
542 1
543 3
544 3
545 1
546 2
547 4
548 1
549 4
550 3
551 3
552 0
553 3
554 2
555 2
556 2
557 2
558 3
559 4
560 1
561 6
562 3
563 2
564 2
565 1
566 2
567 3
568 0
569 2
570 1
571 1
572 2
573 2
574 1
575 2
576 1
577 0
578 2
579 1
580 2
581 3
582 2
583 2
584 2
585 2
586 2
587 3
588 2
589 4
590 1
591 1
592 1
593 3
594 1
595 2
596 2
597 2
598 3
599 2
600 2
601 3
602 2
603 3
604 3
605 2
606 2
607 1
608 2
609 1
610 1
611 1
612 2
613 2
614 2
615 1
616 3
617 2
618 1
619 1
620 1
621 1
622 1
623 1
624 1
625 0
626 2
627 2
628 2
629 3
630 3
631 1
632 1
633 2
634 2
635 3
636 1
637 2
638 2
639 1
640 2
641 2
642 3
643 4
644 2
645 4
646 2
647 4
648 4
649 2
650 3
651 2
652 4
653 3
654 2
655 2
656 3
657 0
658 3
659 1
660 2
661 4
662 4
663 3
664 4
665 4
666 2
667 2
668 3
669 4
670 2
671 1
672 2
673 3
674 3
675 2
676 2
677 3
678 4
679 2
680 2
681 3
682 4
683 3
684 3
685 4
686 3
687 4
688 3
689 3
690 2
691 2
692 3
693 3
694 1
695 5
696 3
697 2
698 3
699 2
700 2
701 1
702 3
703 2
704 3
705 3
706 3
707 2
708 2
709 2
710 3
711 2
712 3
713 2
714 3
715 1
716 2
717 2
718 3
719 3
720 1
721 3
722 2
723 0
724 3
725 2
726 3
727 1
728 2
729 3
730 2
731 2
732 3
733 2
734 1
735 2
736 2
737 3
738 0
739 3
740 1
741 3
742 2
743 3
744 3
745 3
746 3
747 1
748 1
749 1
750 2
751 2
752 2
753 3
754 2
755 1
756 2
757 3
758 1
759 1
760 2
761 1
762 3
763 3
764 3
765 4
766 2
767 3
768 3
769 3
770 4
771 2
772 4
773 2
774 4
775 4
776 1
777 4
778 3
779 1
780 4
781 3
782 4
783 2
784 4
785 2
786 3
787 3
788 3
789 4
790 2
791 3
792 3
793 2
794 4
795 3
796 3
797 3
798 2
799 3
800 3
801 2
802 2
803 2
804 3
805 1
806 2
807 4
808 2
809 3
810 2
811 4
812 3
813 4
814 5
815 3
816 4
817 2
818 4
819 4
820 3
821 3
822 3
823 3
824 4
825 3
826 3
827 3
828 3
829 3
830 4
831 3
832 2
833 3
834 3
835 1
836 3
837 2
838 5
839 2
840 3
841 4
842 3
843 4
844 4
845 2
846 3
847 4
848 3
849 5
850 4
851 3
852 4
853 3
854 3
855 2
856 5
857 2
858 4
859 3
860 3
861 3
862 4
863 3
864 3
865 4
866 3
867 3
868 4
869 2
870 4
871 4
872 2
873 3
874 1
875 3
876 4
877 2
878 3
879 3
880 3
881 1
882 1
883 2
884 0
885 3
886 3
887 3
888 3
889 3
890 2
891 3
892 4
893 4
894 3
895 3
896 3
897 2
898 1
899 2
900 1
901 1
902 1
903 2
904 3
905 3
906 1
907 2
908 3
909 2
910 3
911 3
912 3
913 1
914 2
915 4
916 4
917 2
918 1
919 2
920 1
921 4
922 4
923 4
924 3
925 2
926 3
927 2
928 3
929 3
930 2
931 1
932 1
933 1
934 1
935 2
936 4
937 4
938 2
939 3
940 1
941 1
942 2
943 3
944 3
945 2
946 3
947 4
948 4
949 3
950 4
951 4
952 3
953 2
954 4
955 4
956 4
957 3
958 1
959 4
960 4
961 4
962 2
963 2
964 4
965 3
966 3
967 4
968 4
969 3
970 4
971 4
972 3
973 4
974 3
975 4
976 4
977 3
978 3
979 2
980 2
981 3
982 1
983 3
984 2
985 5
986 3
987 4
988 4
989 2
990 4
991 4
992 4
993 3
994 5
995 4
996 3
997 3
998 2
999 2
1000 4
1001 4
0 0
1 3
2 2
3 1
4 3
5 4
6 2
7 2
8 2
9 3
10 2
11 3
12 1
13 2
14 1
15 2
16 1
17 3
18 1
19 2
20 2
21 3
22 2
23 1
24 2
25 1
26 0
27 2
28 1
29 2
30 1
31 4
32 1
33 1
34 2
35 1
36 1
37 2
38 1
39 1
40 2
41 3
42 2
43 2
44 3
45 2
46 2
47 2
48 3
49 2
50 2
51 1
52 2
53 2
54 3
55 2
56 3
57 2
58 2
59 2
60 3
61 3
62 2
63 2
64 3
65 2
66 2
67 2
68 2
69 2
70 1
71 4
72 4
73 0
74 3
75 2
76 2
77 3
78 3
79 3
80 3
81 3
82 4
83 3
84 3
85 4
86 2
87 2
88 3
89 2
90 1
91 2
92 2
93 2
94 4
95 2
96 3
97 3
98 4
99 2
100 2
101 1
102 2
103 3
104 2
105 2
106 2
107 4
108 2
109 3
110 4
111 4
112 0
113 1
114 2
115 4
116 3
117 3
118 2
119 3
120 5
121 3
122 4
123 3
124 2
125 3
126 2
127 3
128 3
129 2
130 2
131 3
132 2
133 1
134 3
135 3
136 3
137 3
138 3
139 1
140 1
141 2
142 4
143 3
144 3
145 2
146 1
147 1
148 2
149 3
150 3
151 2
152 4
153 2
154 2
155 2
156 2
157 4
158 3
159 4
160 1
161 3
162 2
163 3
164 4
165 3
166 3
167 3
168 3
169 4
170 4
171 3
172 2
173 3
174 3
175 4
176 5
177 4
178 2
179 2
180 3
181 3
182 3
183 4
184 2
185 3
186 2
187 3
188 1
189 3
190 2
191 1
192 2
193 2
194 1
195 2
196 2
197 2
198 2
199 1
200 1
201 2
202 3
203 3
204 3
205 1
206 3
207 1
208 2
209 2
210 2
211 0
212 1
213 0
214 3
215 1
216 3
217 2
218 1
219 1
220 2
221 1
222 1
223 0
224 3
225 1
226 1
227 2
228 2
229 2
230 1
231 1
232 2
233 2
234 3
235 1
236 2
237 0
238 1
239 2
240 3
241 3
242 3
243 2
244 2
245 2
246 3
247 1
248 3
249 3
250 3
251 3
252 3
253 3
254 4
255 4
256 3
257 3
258 1
259 2
260 3
261 3
262 3
263 2
264 3
265 2
266 2
267 2
268 0
269 1
270 1
271 3
272 0
273 1
274 3
275 3
276 3
277 2
278 3
279 3
280 2
281 4
282 3
283 3
284 4
285 2
286 2
287 1
288 3
289 3
290 2
291 2
292 1
293 3
294 4
295 2
296 2
297 2
298 1
299 2
300 3
301 2
302 3
303 2
304 4
305 2
306 2
307 3
308 2
309 3
310 4
311 3
312 2
313 4
314 3
315 2
316 2
317 3
318 2
319 3
320 3
321 3
322 2
323 1
324 2
325 3
326 1
327 3
328 2
329 3
330 3
331 3
332 1
333 2
334 3
335 3
336 2
337 2
338 3
339 1
340 3
341 3
342 3
343 2
344 1
345 2
346 3
347 1
348 3
349 2
350 1
351 2
352 1
353 2
354 3
355 3
356 1
357 3
358 2
359 1
360 2
361 2
362 0
363 2
364 2
365 4
366 2
367 2
368 1
369 1
370 1
371 2
372 3
373 1
374 2
375 1
376 2
377 2
378 2
379 1
380 2
381 3
382 1
383 2
384 0
385 5
386 1
387 1
388 3
389 3
390 3
391 1
392 2
393 3
394 2
395 3
396 4
397 2
398 3
399 2
400 2
401 2
402 2
403 1
404 4
405 1
406 4
407 0
408 3
409 1
410 3
411 1
412 2
413 2
414 2
415 2
416 1
417 1
418 2
419 2
420 2
421 2
422 3
423 2
424 1
425 3
426 3
427 3
428 3
429 4
430 3
431 2
432 4
433 3
434 2
435 1
436 2
437 1
438 3
439 3
440 1
441 1
442 3
443 2
444 2
445 1
446 3
447 2
448 2
449 3
450 3
451 3
452 2
453 2
454 2
455 3
456 3
457 2
458 3
459 2
460 2
461 1
462 2
463 3
464 2
465 3
466 4
467 2
468 3
469 3
470 3
471 4
472 3
473 3
474 5
475 2
476 2
477 4
478 4
479 4
480 3
481 3
482 2
483 3
484 3
485 3
486 3
487 3
488 4
489 4
490 4
491 4
492 1
493 3
494 3
495 3
496 3
497 4
498 2
499 3
500 3
501 5
502 2
503 3
504 3
505 3
506 3
507 3
508 3
509 2
510 3
511 1
512 3
513 3
514 3
515 3
516 2
517 3
518 2
519 3
520 2
521 3
522 1
523 2
524 2
525 3
526 2
527 2
528 3
529 2
530 1
531 3
532 3
533 2
534 3
535 3
536 2
537 2
538 3
539 3
540 1
541 2
542 1
543 3
544 3
545 2
546 3
547 3
548 3
549 3
550 2
551 3
552 2
553 2
554 2
555 1
556 0
557 3
558 2
559 3
560 3
561 1
562 2
563 2
564 2
565 2
566 3
567 2
568 2
569 3
570 3
571 3
572 2
573 3
574 2
575 2
576 1
577 2
578 2
579 3
580 3
581 2
582 2
583 2
584 3
585 3
586 2
587 2
588 3
589 3
590 3
591 3
592 3
593 3
594 2
595 3
596 2
597 3
598 1
599 2
600 3
601 0
602 3
603 3
604 2
605 2
606 2
607 2
608 1
609 2
610 3
611 2
612 3
613 1
614 3
615 2
616 3
617 2
618 1
619 2
620 1
621 2
622 3
623 3
624 3
625 3
626 3
627 2
628 3
629 1
630 3
631 2
632 1
633 2
634 3
635 3
636 2
637 3
638 2
639 3
640 3
641 3
642 2
643 3
644 2
645 2
646 3
647 3
648 3
649 2
650 2
651 2
652 3
653 2
654 3
655 3
656 2
657 3
658 3
659 2
660 3
661 3
662 2
663 3
664 2
665 3
666 3
667 2
668 3
669 2
670 3
671 1
672 2
673 2
674 3
675 1
676 3
677 4
678 4
679 2
680 3
681 2
682 3
683 2
684 3
685 2
686 4
687 3
688 4
689 2
690 2
691 2
692 3
693 5
694 2
695 4
696 3
697 2
698 4
699 3
700 5
701 2
702 3
703 1
704 2
705 4
706 4
707 3
708 3
709 2
710 2
711 4
712 3
713 2
714 2
715 2
716 5
717 4
718 3
719 2
720 3
721 2
722 2
723 4
724 4
725 3
726 3
727 3
728 3
729 3
730 3
731 3
732 2
733 3
734 2
735 3
736 2
737 2
738 4
739 3
740 2
741 3
742 4
743 2
744 3
745 3
746 3
747 2
748 3
749 4
750 1
751 2
752 3
753 2
754 3
755 2
756 2
757 3
758 3
759 3
760 3
761 2
762 3
763 3
764 2
765 3
766 3
767 2
768 3
769 1
770 1
771 2
772 3
773 2
774 2
775 3
776 2
777 4
778 2
779 2
780 2
781 1
782 3
783 2
784 4
785 3
786 2
787 2
788 3
789 3
790 1
791 3
792 2
793 1
794 2
795 2
796 1
797 2
798 1
799 2
800 2
801 4
802 2
803 2
804 2
805 3
806 2
807 3
808 1
809 2
810 3
811 3
812 3
813 1
814 3
815 3
816 2
817 1
818 2
819 2
820 3
821 2
822 3
823 1
824 3
825 3
826 4
827 2
828 2
829 1
830 2
831 3
832 4
833 2
834 3
835 3
836 3
837 3
838 2
839 3
840 1
841 4
842 1
843 1
844 2
845 2
846 3
847 3
848 3
849 3
850 3
851 3
852 2
853 2
854 3
855 3
856 3
857 1
858 1
859 2
860 2
861 2
862 2
863 1
864 3
865 2
866 4
867 3
868 2
869 3
870 3
871 4
872 2
873 3
874 3
875 3
876 4
877 4
878 4
879 4
880 3
881 2
882 2
883 3
884 3
885 1
886 2
887 3
888 2
889 2
890 1
891 2
892 2
893 2
894 3
895 2
896 2
897 3
898 5
899 2
900 2
901 4
902 3
903 3
904 4
905 2
906 2
907 3
908 3
909 4
910 3
911 4
912 2
913 3
914 3
915 1
916 3
917 4
918 4
919 3
920 2
921 3
922 3
923 3
924 4
925 4
926 3
927 4
928 2
929 3
930 4
931 2
932 5
933 3
934 3
935 4
936 3
937 2
938 4
939 4
940 2
941 2
942 4
943 3
944 4
945 2
946 3
947 4
948 4
949 2
950 4
951 4
952 3
953 3
954 4
955 5
956 3
957 4
958 3
959 4
960 3
961 2
962 4
963 2
964 3
965 4
966 1
967 3
968 3
969 3
970 2
971 3
972 3
973 3
974 2
975 2
976 4
977 4
978 4
979 3
980 4
981 3
982 2
983 4
984 2
985 5
986 2
987 5
988 5
989 3
990 4
991 4
992 2
993 6
994 4
995 4
996 3
997 4
998 4
999 4
1000 4
1001 4
0 0
1 0
2 1
3 0
4 0
5 0
6 0
7 2
8 0
9 1
10 1
11 1
12 1
13 1
14 0
15 0
16 2
17 1
18 3
19 1
20 2
21 0
22 1
23 2
24 0
25 1
26 2
27 0
28 1
29 2
30 2
31 2
32 1
33 2
34 0
35 0
36 1
37 1
38 0
39 0
40 2
41 0
42 1
43 1
44 1
45 1
46 0
47 1
48 1
49 2
50 0
51 0
52 1
53 0
54 1
55 1
56 1
57 0
58 1
59 0
60 0
61 1
62 0
63 0
64 1
65 1
66 2
67 1
68 2
69 1
70 1
71 1
72 3
73 1
74 1
75 2
76 1
77 1
78 1
79 1
80 0
81 1
82 0
83 0
84 1
85 0
86 1
87 1
88 1
89 1
90 2
91 1
92 0
93 1
94 1
95 0
96 1
97 1
98 1
99 0
100 1
101 1
102 0
103 1
104 1
105 1
106 1
107 1
108 2
109 1
110 2
111 3
112 1
113 1
114 1
115 2
116 1
117 2
118 2
119 1
120 1
121 2
122 2
123 1
124 1
125 2
126 1
127 0
128 0
129 1
130 1
131 1
132 1
133 1
134 1
135 0
136 0
137 1
138 1
139 0
140 1
141 1
142 0
143 1
144 0
145 1
146 3
147 2
148 0
149 2
150 2
151 1
152 1
153 1
154 1
155 1
156 1
157 2
158 1
159 2
160 2
161 1
162 1
163 1
164 1
165 1
166 1
167 3
168 3
169 2
170 2
171 1
172 1
173 2
174 0
175 2
176 2
177 1
178 1
179 1
180 2
181 2
182 2
183 1
184 2
185 2
186 1
187 4
188 2
189 2
190 2
191 2
192 4
193 3
194 3
195 3
196 3
197 3
198 2
199 2
200 1
201 3
202 2
203 2
204 3
205 2
206 2
207 3
208 3
209 3
210 3
211 2
212 2
213 2
214 2
215 2
216 0
217 2
218 0
219 2
220 2
221 2
222 2
223 2
224 1
225 1
226 1
227 1
228 2
229 2
230 2
231 3
232 2
233 1
234 3
235 1
236 2
237 3
238 3
239 3
240 3
241 2
242 3
243 0
244 2
245 3
246 4
247 0
248 1
249 2
250 2
251 2
252 3
253 1
254 4
255 3
256 4
257 2
258 3
259 2
260 2
261 1
262 2
263 0
264 2
265 3
266 3
267 3
268 2
269 2
270 2
271 2
272 1
273 2
274 2
275 4
276 2
277 1
278 4
279 2
280 2
281 3
282 2
283 1
284 3
285 4
286 1
287 3
288 2
289 3
290 3
291 2
292 5
293 2
294 2
295 2
296 5
297 3
298 1
299 4
300 1
301 3
302 1
303 3
304 2
305 4
306 1
307 4
308 1
309 1
310 1
311 1
312 1
313 3
314 1
315 2
316 3
317 2
318 3
319 3
320 2
321 2
322 2
323 3
324 1
325 1
326 2
327 3
328 3
329 3
330 2
331 3
332 4
333 1
334 2
335 4
336 6
337 4
338 2
339 2
340 2
341 2
342 2
343 3
344 4
345 3
346 1
347 1
348 2
349 2
350 3
351 3
352 2
353 3
354 2
355 2
356 4
357 2
358 3
359 3
360 3
361 3
362 3
363 1
364 4
365 2
366 4
367 2
368 4
369 2
370 3
371 5
372 2
373 3
374 4
375 1
376 3
377 4
378 4
379 4
380 4
381 3
382 4
383 1
384 3
385 4
386 4
387 4
388 4
389 6
390 3
391 3
392 4
393 3
394 5
395 5
396 3
397 5
398 2
399 4
400 3
401 2
402 3
403 3
404 3
405 4
406 4
407 3
408 3
409 2
410 3
411 3
412 6
413 4
414 2
415 5
416 3
417 2
418 3
419 3
420 3
421 3
422 2
423 5
424 2
425 5
426 3
427 4
428 4
429 4
430 2
431 3
432 5
433 2
434 3
435 3
436 3
437 3
438 2
439 3
440 4
441 3
442 4
443 4
444 4
445 4
446 3
447 4
448 5
449 3
450 4
451 2
452 3
453 5
454 4
455 4
456 4
457 3
458 5
459 5
460 4
461 3
462 4
463 3
464 3
465 2
466 5
467 3
468 2
469 2
470 4
471 4
472 2
473 3
474 3
475 4
476 5
477 5
478 4
479 5
480 4
481 4
482 2
483 5
484 3
485 5
486 2
487 4
488 4
489 2
490 4
491 4
492 2
493 6
494 3
495 3
496 2
497 5
498 3
499 4
500 2
501 4
502 4
503 3
504 6
505 3
506 5
507 7
508 3
509 6
510 4
511 5
512 5
513 7
514 4
515 4
516 7
517 4
518 3
519 3
520 5
521 5
522 6
523 4
524 6
525 3
526 1
527 3
528 4
529 5
530 4
531 3
532 3
533 4
534 2
535 4
536 5
537 5
538 3
539 3
540 5
541 2
542 5
543 2
544 5
545 5
546 5
547 4
548 3
549 6
550 4
551 7
552 5
553 2
554 5
555 4
556 6
557 5
558 3
559 5
560 7
561 4
562 4
563 3
564 1
565 3
566 4
567 2
568 6
569 6
570 5
571 6
572 2
573 1
574 3
575 4
576 5
577 5
578 4
579 3
580 2
581 3
582 3
583 4
584 4
585 4
586 3
587 3
588 4
589 3
590 4
591 5
592 4
593 5
594 4
595 4
596 5
597 2
598 2
599 4
600 3
601 6
602 6
603 5
604 4
605 5
606 5
607 6
608 3
609 7
610 6
611 3
612 6
613 6
614 3
615 7
616 5
617 4
618 6
619 5
620 5
621 6
622 5
623 7
624 5
625 7
626 5
627 5
628 4
629 4
630 4
631 5
632 6
633 8
634 6
635 8
636 5
637 5
638 6
639 7
640 5
641 6
642 4
643 6
644 5
645 3
646 7
647 6
648 4
649 5
650 5
651 7
652 3
653 5
654 5
655 4
656 4
657 4
658 7
659 6
660 5
661 5
662 5
663 4
664 4
665 5
666 3
667 1
668 4
669 4
670 3
671 4
672 5
673 6
674 6
675 4
676 4
677 6
678 5
679 4
680 5
681 6
682 4
683 4
684 5
685 3
686 3
687 5
688 3
689 5
690 4
691 5
692 4
693 8
694 4
695 3
696 6
697 4
698 6
699 3
700 4
701 4
702 4
703 5
704 6
705 5
706 4
707 5
708 7
709 4
710 5
711 3
712 3
713 6
714 6
715 5
716 5
717 7
718 5
719 4
720 4
721 6
722 6
723 4
724 4
725 2
726 2
727 6
728 4
729 7
730 4
731 3
732 4
733 6
734 5
735 2
736 3
737 5
738 4
739 5
740 6
741 5
742 4
743 3
744 6
745 3
746 4
747 4
748 2
749 4
750 3
751 3
752 2
753 4
754 4
755 4
756 3
757 4
758 3
759 2
760 3
761 2
762 0
763 3
764 5
765 2
766 5
767 2
768 5
769 3
770 2
771 4
772 5
773 4
774 4
775 3
776 3
777 3
778 5
779 4
780 5
781 4
782 2
783 4
784 3
785 3
786 3
787 4
788 4
789 4
790 4
791 6
792 2
793 2
794 1
795 3
796 5
797 3
798 2
799 3
800 2
801 4
802 4
803 4
804 3
805 3
806 7
807 5
808 3
809 3
810 2
811 2
812 4
813 3
814 4
815 3
816 4
817 2
818 4
819 3
820 3
821 3
822 2
823 3
824 5
825 2
826 4
827 3
828 4
829 4
830 2
831 4
832 2
833 1
834 5
835 4
836 2
837 2
838 5
839 2
840 3
841 4
842 2
843 4
844 2
845 1
846 2
847 1
848 4
849 3
850 1
851 2
852 2
853 2
854 1
855 2
856 3
857 2
858 4
859 2
860 4
861 1
862 1
863 4
864 3
865 1
866 2
867 4
868 4
869 1
870 4
871 3
872 3
873 3
874 3
875 1
876 3
877 2
878 3
879 1
880 3
881 3
882 3
883 3
884 4
885 4
886 3
887 4
888 3
889 5
890 4
891 3
892 2
893 4
894 3
895 1
896 2
897 3
898 4
899 2
900 3
901 2
902 4
903 4
904 3
905 4
906 4
907 4
908 2
909 2
910 3
911 4
912 1
913 3
914 1
915 1
916 1
917 1
918 3
919 4
920 2
921 4
922 2
923 3
924 3
925 3
926 3
927 3
928 3
929 2
930 1
931 3
932 2
933 1
934 4
935 3
936 3
937 4
938 1
939 2
940 2
941 3
942 3
943 1
944 2
945 3
946 4
947 3
948 3
949 1
950 4
951 2
952 4
953 1
954 4
955 2
956 4
957 4
958 3
959 5
960 2
961 4
962 3
963 3
964 0
965 2
966 1
967 2
968 2
969 5
970 3
971 3
972 3
973 2
974 2
975 2
976 1
977 1
978 3
979 3
980 3
981 3
982 4
983 2
984 4
985 4
986 4
987 1
988 3
989 3
990 4
991 2
992 2
993 2
994 3
995 6
996 3
997 5
998 1
999 2
1000 1
1001 3
0 1
1 3
2 3
3 2
4 4
5 5
6 6
7 4
8 3
9 3
10 3
11 1
12 2
13 1
14 5
15 4
16 5
17 6
18 3
19 7
20 5
21 4
22 7
23 6
24 7
25 5
26 4
27 5
28 7
29 6
30 7
31 3
32 5
33 8
34 4
35 5
36 4
37 3
38 3
39 7
40 4
41 5
42 4
43 5
44 4
45 5
46 5
47 4
48 4
49 4
50 2
51 3
52 3
53 6
54 6
55 2
56 6
57 5
58 3
59 4
60 6
61 3
62 1
63 4
64 3
65 3
66 2
67 4
68 4
69 5
70 5
71 3
72 4
73 2
74 3
75 7
76 2
77 3
78 5
79 4
80 4
81 4
82 4
83 6
84 3
85 4
86 4
87 4
88 3
89 5
90 4
91 5
92 3
93 4
94 5
95 2
96 5
97 3
98 3
99 4
100 3
101 4
102 5
103 4
104 1
105 4
106 3
107 4
108 2
109 3
110 5
111 3
112 2
113 4
114 3
115 4
116 4
117 3
118 2
119 3
120 3
121 5
122 3
123 2
124 5
125 4
126 3
127 6
128 2
129 5
130 3
131 4
132 4
133 2
134 5
135 5
136 6
137 2
138 5
139 5
140 2
141 3
142 5
143 4
144 4
145 4
146 4
147 3
148 3
149 4
150 3
151 3
152 3
153 1
154 2
155 3
156 4
157 4
158 4
159 4
160 2
161 5
162 3
163 3
164 4
165 1
166 5
167 4
168 3
169 3
170 4
171 2
172 2
173 5
174 3
175 3
176 2
177 5
178 5
179 5
180 5
181 4
182 4
183 3
184 4
185 1
186 5
187 5
188 3
189 6
190 3
191 2
192 4
193 3
194 4
195 3
196 2
197 3
198 2
199 3
200 3
201 4
202 5
203 3
204 6
205 4
206 5
207 4
208 4
209 4
210 5
211 4
212 3
213 4
214 2
215 5
216 2
217 4
218 4
219 6
220 4
221 4
222 4
223 3
224 3
225 4
226 4
227 4
228 2
229 4
230 5
231 2
232 3
233 2
234 5
235 4
236 2
237 3
238 5
239 5
240 3
241 2
242 4
243 4
244 5
245 4
246 4
247 4
248 4
249 5
250 4
251 3
252 4
253 1
254 2
255 4
256 2
257 4
258 4
259 5
260 4
261 2
262 3
263 5
264 2
265 3
266 5
267 3
268 3
269 3
270 4
271 4
272 3
273 4
274 3
275 4
276 2
277 4
278 3
279 4
280 4
281 3
282 5
283 4
284 5
285 4
286 5
287 3
288 6
289 4
290 6
291 3
292 4
293 5
294 3
295 3
296 4
297 6
298 7
299 2
300 5
301 3
302 3
303 4
304 4
305 3
306 3
307 6
308 5
309 5
310 6
311 2
312 6
313 7
314 4
315 3
316 3
317 3
318 4
319 3
320 2
321 2
322 6
323 5
324 3
325 5
326 2
327 3
328 8
329 5
330 4
331 4
332 4
333 6
334 4
335 3
336 2
337 3
338 5
339 4
340 3
341 5
342 6
343 4
344 7
345 4
346 5
347 5
348 4
349 3
350 6
351 5
352 3
353 1
354 5
355 5
356 5
357 6
358 5
359 5
360 3
361 6
362 5
363 3
364 1
365 3
366 3
367 2
368 4
369 2
370 2
371 2
372 5
373 1
374 3
375 3
376 3
377 2
378 5
379 5
380 6
381 6
382 3
383 2
384 3
385 4
386 5
387 2
388 3
389 2
390 6
391 3
392 4
393 3
394 5
395 2
396 3
397 3
398 3
399 3
400 5
401 3
402 4
403 4
404 5
405 4
406 1
407 3
408 4
409 4
410 4
411 1
412 2
413 3
414 3
415 4
416 5
417 4
418 5
419 4
420 4
421 3
422 6
423 3
424 4
425 2
426 2
427 1
428 6
429 5
430 2
431 3
432 3
433 4
434 5
435 5
436 4
437 4
438 6
439 3
440 6
441 4
442 4
443 2
444 4
445 2
446 4
447 3
448 2
449 4
450 4
451 5
452 5
453 3
454 5
455 3
456 4
457 1
458 3
459 3
460 3
461 4
462 3
463 6
464 4
465 5
466 3
467 4
468 4
469 3
470 5
471 3
472 6
473 1
474 2
475 3
476 2
477 4
478 6
479 3
480 3
481 5
482 3
483 5
484 5
485 3
486 5
487 4
488 5
489 4
490 5
491 4
492 3
493 2
494 3
495 4
496 4
497 4
498 4
499 4
500 4
501 3
502 2
503 5
504 4
505 4
506 2
507 3
508 3
509 4
510 4
511 2
512 3
513 3
514 3
515 3
516 4
517 3
518 3
519 5
520 4
521 5
522 1
523 5
524 4
525 2
526 0
527 4
528 2
529 2
530 4
531 5
532 4
533 2
534 3
535 3
536 3
537 4
538 2
539 4
540 2
541 3
542 4
543 4
544 3
545 4
546 5
547 3
548 5
549 4
550 4
551 2
552 4
553 3
554 3
555 3
556 4
557 2
558 4
559 3
560 3
561 3
562 1
563 4
564 5
565 4
566 4
567 5
568 4
569 1
570 4
571 5
572 2
573 3
574 5
575 5
576 5
577 5
578 4
579 4
580 5
581 4
582 2
583 6
584 2
585 2
586 1
587 1
588 5
589 4
590 4
591 3
592 4
593 5
594 3
595 4
596 5
597 4
598 3
599 2
600 4
601 6
602 6
603 5
604 5
605 3
606 3
607 6
608 4
609 5
610 5
611 6
612 4
613 5
614 6
615 3
616 2
617 3
618 4
619 4
620 1
621 4
622 5
623 5
624 4
625 4
626 6
627 3
628 5
629 3
630 5
631 5
632 4
633 6
634 6
635 5
636 5
637 4
638 6
639 5
640 4
641 3
642 4
643 4
644 5
645 4
646 3
647 4
648 5
649 4
650 7
651 5
652 6
653 6
654 5
655 6
656 3
657 2
658 5
659 4
660 3
661 4
662 4
663 4
664 4
665 3
666 3
667 7
668 5
669 5
670 3
671 5
672 3
673 5
674 5
675 4
676 5
677 3
678 6
679 5
680 4
681 4
682 5
683 4
684 5
685 4
686 4
687 6
688 6
689 6
690 6
691 6
692 4
693 5
694 5
695 3
696 4
697 7
698 5
699 4
700 3
701 4
702 4
703 6
704 2
705 5
706 6
707 4
708 6
709 5
710 4
711 4
712 2
713 3
714 3
715 2
716 2
717 3
718 5
719 4
720 3
721 2
722 2
723 3
724 2
725 4
726 2
727 5
728 3
729 2
730 3
731 5
732 5
733 3
734 3
735 2
736 3
737 4
738 1
739 3
740 4
741 4
742 4
743 2
744 2
745 3
746 4
747 4
748 3
749 5
750 4
751 4
752 4
753 3
754 4
755 3
756 2
757 5
758 3
759 3
760 4
761 3
762 3
763 5
764 2
765 4
766 2
767 5
768 2
769 2
770 4
771 3
772 3
773 5
774 3
775 4
776 4
777 6
778 3
779 3
780 4
781 5
782 1
783 2
784 4
785 4
786 5
787 5
788 5
789 5
790 3
791 4
792 4
793 4
794 4
795 4
796 3
797 5
798 6
799 3
800 3
801 7
802 4
803 6
804 3
805 4
806 3
807 3
808 4
809 4
810 5
811 4
812 6
813 5
814 5
815 4
816 1
817 6
818 3
819 4
820 3
821 4
822 5
823 4
824 5
825 4
826 3
827 4
828 5
829 3
830 4
831 6
832 4
833 5
834 6
835 5
836 3
837 4
838 4
839 4
840 3
841 3
842 3
843 4
844 3
845 3
846 3
847 7
848 2
849 3
850 4
851 5
852 5
853 5
854 6
855 3
856 5
857 3
858 3
859 3
860 3
861 7
862 4
863 4
864 5
865 5
866 6
867 6
868 5
869 5
870 4
871 4
872 5
873 2
874 5
875 5
876 4
877 4
878 6
879 5
880 3
881 6
882 4
883 5
884 4
885 2
886 4
887 6
888 5
889 5
890 5
891 5
892 5
893 4
894 2
895 3
896 5
897 2
898 3
899 3
900 3
901 3
902 3
903 4
904 3
905 2
906 1
907 2
908 3
909 3
910 2
911 5
912 3
913 3
914 3
915 5
916 1
917 4
918 2
919 5
920 4
921 3
922 5
923 3
924 6
925 5
926 4
927 3
928 5
929 5
930 6
931 6
932 5
933 4
934 5
935 6
936 5
937 4
938 7
939 3
940 5
941 0
942 2
943 5
944 4
945 4
946 4
947 3
948 3
949 2
950 2
951 3
952 3
953 4
954 5
955 5
956 4
957 4
958 5
959 5
960 4
961 5
962 6
963 4
964 3
965 5
966 1
967 3
968 3
969 6
970 3
971 3
972 3
973 4
974 3
975 3
976 3
977 5
978 3
979 2
980 3
981 4
982 4
983 2
984 4
985 5
986 2
987 3
988 3
989 5
990 4
991 5
992 6
993 5
994 2
995 2
996 4
997 2
998 4
999 2
1000 2
1001 4
0 0
1 0
2 0
3 1
4 3
5 1
6 1
7 2
8 3
9 2
10 2
11 2
12 3
13 3
14 1
15 1
16 1
17 2
18 1
19 1
20 0
21 0
22 1
23 3
24 2
25 1
26 1
27 0
28 2
29 1
30 1
31 1
32 0
33 2
34 0
35 2
36 1
37 0
38 1
39 1
40 1
41 0
42 1
43 1
44 1
45 0
46 1
47 2
48 2
49 1
50 1
51 1
52 1
53 0
54 1
55 1
56 2
57 2
58 1
59 1
60 1
61 1
62 1
63 1
64 1
65 1
66 2
67 2
68 3
69 2
70 2
71 1
72 2
73 1
74 2
75 1
76 2
77 3
78 1
79 1
80 2
81 2
82 1
83 1
84 0
85 1
86 1
87 0
88 1
89 1
90 1
91 1
92 2
93 2
94 2
95 2
96 3
97 2
98 1
99 0
100 0
101 1
102 1
103 1
104 2
105 2
106 1
107 1
108 1
109 0
110 1
111 1
112 0
113 1
114 1
115 1
116 1
117 0
118 1
119 1
120 1
121 0
122 1
123 1
124 2
125 1
126 1
127 1
128 0
129 1
130 1
131 1
132 2
133 1
134 1
135 1
136 1
137 2
138 1
139 1
140 1
141 1
142 1
143 1
144 1
145 1
146 1
147 1
148 1
149 1
150 0
151 0
152 1
153 1
154 1
155 1
156 1
157 1
158 0
159 1
160 0
161 0
162 1
163 1
164 1
165 1
166 1
167 1
168 1
169 1
170 1
171 1
172 3
173 1
174 3
175 1
176 1
177 1
178 1
179 1
180 1
181 2
182 1
183 3
184 2
185 1
186 1
187 2
188 2
189 0
190 2
191 1
192 1
193 2
194 2
195 2
196 0
197 3
198 1
199 2
200 2
201 2
202 2
203 3
204 2
205 2
206 2
207 1
208 2
209 2
210 2
211 2
212 1
213 2
214 1
215 2
216 2
217 3
218 3
219 2
220 1
221 2
222 2
223 1
224 2
225 3
226 2
227 3
228 1
229 1
230 2
231 1
232 2
233 1
234 1
235 1
236 2
237 0
238 1
239 1
240 1
241 2
242 2
243 1
244 3
245 1
246 2
247 0
248 3
249 3
250 1
251 1
252 1
253 3
254 2
255 2
256 1
257 2
258 2
259 2
260 1
261 1
262 1
263 4
264 3
265 1
266 1
267 1
268 3
269 2
270 0
271 2
272 2
273 3
274 3
275 3
276 2
277 2
278 4
279 2
280 3
281 2
282 4
283 3
284 2
285 1
286 4
287 5
288 2
289 1
290 2
291 3
292 5
293 4
294 2
295 5
296 5
297 1
298 3
299 3
300 4
301 2
302 3
303 5
304 3
305 4
306 4
307 4
308 3
309 4
310 2
311 2
312 3
313 3
314 1
315 3
316 0
317 4
318 1
319 1
320 3
321 2
322 2
323 2
324 2
325 2
326 1
327 1
328 3
329 2
330 2
331 4
332 4
333 3
334 3
335 1
336 2
337 1
338 1
339 2
340 2
341 3
342 3
343 3
344 1
345 1
346 3
347 1
348 3
349 3
350 3
351 1
352 3
353 3
354 4
355 3
356 4
357 3
358 1
359 5
360 4
361 1
362 2
363 4
364 1
365 2
366 3
367 4
368 2
369 2
370 3
371 3
372 2
373 3
374 2
375 3
376 2
377 2
378 3
379 3
380 3
381 4
382 2
383 3
384 1
385 2
386 2
387 1
388 3
389 1
390 3
391 3
392 2
393 4
394 2
395 2
396 3
397 2
398 3
399 3
400 4
401 2
402 3
403 4
404 4
405 3
406 1
407 3
408 4
409 2
410 3
411 4
412 4
413 4
414 5
415 4
416 2
417 4
418 5
419 4
420 4
421 4
422 3
423 3
424 2
425 2
426 2
427 2
428 2
429 4
430 4
431 2
432 4
433 5
434 4
435 4
436 3
437 4
438 4
439 4
440 3
441 3
442 2
443 4
444 5
445 3
446 5
447 3
448 3
449 5
450 3
451 3
452 4
453 4
454 3
455 2
456 2
457 5
458 3
459 5
460 4
461 4
462 3
463 5
464 3
465 2
466 0
467 1
468 1
469 3
470 3
471 3
472 2
473 3
474 5
475 3
476 3
477 6
478 4
479 4
480 4
481 4
482 2
483 5
484 4
485 4
486 4
487 1
488 3
489 2
490 2
491 2
492 1
493 0
494 3
495 4
496 3
497 2
498 5
499 2
500 3
501 3
502 4
503 3
504 5
505 3
506 3
507 2
508 4
509 5
510 3
511 2
512 2
513 5
514 4
515 1
516 2
517 3
518 4
519 4
520 1
521 1
522 3
523 3
524 4
525 3
526 4
527 2
528 3
529 5
530 1
531 3
532 4
533 2
534 2
535 3
536 3
537 2
538 3
539 4
540 2
541 5
542 2
543 4
544 2
545 3
546 2
547 1
548 5
549 3
550 1
551 2
552 4
553 4
554 4
555 3
556 4
557 4
558 4
559 3
560 3
561 2
562 4
563 2
564 4
565 4
566 4
567 4
568 4
569 3
570 2
571 5
572 2
573 5
574 3
575 6
576 1
577 3
578 4
579 4
580 3
581 3
582 2
583 3
584 4
585 5
586 3
587 4
588 4
589 5
590 2
591 3
592 3
593 2
594 3
595 3
596 4
597 3
598 3
599 6
600 6
601 3
602 4
603 2
604 3
605 5
606 3
607 2
608 3
609 3
610 4
611 3
612 3
613 3
614 2
615 4
616 3
617 3
618 3
619 4
620 2
621 4
622 1
623 5
624 2
625 3
626 3
627 2
628 2
629 3
630 2
631 3
632 5
633 2
634 3
635 3
636 3
637 3
638 4
639 4
640 3
641 2
642 4
643 4
644 1
645 1
646 5
647 2
648 4
649 2
650 3
651 3
652 2
653 4
654 4
655 3
656 4
657 3
658 3
659 1
660 3
661 2
662 2
663 4
664 4
665 3
666 5
667 4
668 3
669 3
670 3
671 3
672 4
673 3
674 5
675 2
676 3
677 4
678 4
679 3
680 3
681 2
682 2
683 5
684 3
685 2
686 2
687 3
688 2
689 2
690 3
691 4
692 2
693 3
694 5
695 3
696 3
697 4
698 5
699 3
700 3
701 1
702 6
703 3
704 5
705 5
706 5
707 5
708 3
709 4
710 4
711 3
712 4
713 5
714 2
715 3
716 6
717 3
718 5
719 5
720 4
721 2
722 6
723 4
724 5
725 4
726 6
727 3
728 2
729 3
730 3
731 6
732 3
733 4
734 4
735 3
736 2
737 4
738 5
739 5
740 3
741 3
742 3
743 3
744 5
745 6
746 4
747 3
748 3
749 5
750 7
751 5
752 4
753 4
754 5
755 3
756 3
757 4
758 4
759 2
760 5
761 3
762 6
763 4
764 3
765 5
766 3
767 3
768 4
769 3
770 3
771 2
772 5
773 3
774 6
775 4
776 7
777 3
778 7
779 2
780 3
781 4
782 5
783 3
784 3
785 2
786 5
787 3
788 1
789 2
790 3
791 2
792 2
793 1
794 2
795 4
796 1
797 1
798 3
799 2
800 2
801 3
802 3
803 3
804 2
805 1
806 4
807 5
808 4
809 2
810 3
811 4
812 3
813 2
814 2
815 2
816 2
817 4
818 5
819 3
820 1
821 4
822 4
823 3
824 5
825 5
826 5
827 5
828 3
829 6
830 3
831 5
832 3
833 4
834 3
835 2
836 5
837 4
838 3
839 4
840 6
841 4
842 2
843 2
844 5
845 4
846 4
847 4
848 3
849 4
850 4
851 5
852 3
853 3
854 4
855 3
856 3
857 6
858 4
859 5
860 5
861 4
862 3
863 4
864 4
865 3
866 4
867 4
868 3
869 3
870 4
871 5
872 3
873 6
874 4
875 4
876 3
877 3
878 3
879 2
880 4
881 3
882 3
883 4
884 4
885 3
886 2
887 1
888 4
889 4
890 5
891 3
892 2
893 3
894 3
895 4
896 3
897 3
898 3
899 3
900 3
901 4
902 3
903 4
904 4
905 3
906 4
907 6
908 2
909 3
910 2
911 2
912 2
913 2
914 4
915 3
916 3
917 1
918 2
919 3
920 2
921 2
922 4
923 2
924 3
925 2
926 0
927 4
928 2
929 2
930 4
931 4
932 2
933 4
934 1
935 1
936 3
937 3
938 2
939 2
940 2
941 3
942 2
943 2
944 4
945 3
946 3
947 2
948 3
949 3
950 3
951 1
952 3
953 3
954 2
955 4
956 2
957 2
958 1
959 3
960 2
961 3
962 1
963 3
964 2
965 3
966 2
967 4
968 3
969 1
970 2
971 3
972 1
973 2
974 2
975 3
976 3
977 3
978 2
979 6
980 3
981 2
982 2
983 4
984 3
985 3
986 2
987 3
988 2
989 3
990 2
991 4
992 3
993 3
994 3
995 2
996 3
997 2
998 3
999 2
1000 3
1001 3
