0 9
1 9
2 9
3 8
4 7
5 11
6 11
7 12
8 10
9 10
10 9
11 12
12 9
13 11
14 9
15 9
16 10
17 10
18 7
19 8
20 10
21 11
22 12
23 11
24 9
25 10
26 10
27 9
28 11
29 12
30 10
31 11
32 8
33 8
34 12
35 11
36 14
37 10
38 11
39 9
40 11
41 9
42 12
43 11
44 9
45 11
46 11
47 12
48 10
49 8
50 9
51 11
52 12
53 10
54 11
55 9
56 10
57 9
58 11
59 10
60 11
61 14
62 10
63 9
64 9
65 10
66 6
67 10
68 10
69 11
70 9
71 11
72 10
73 12
74 10
75 13
76 11
77 11
78 9
79 12
80 11
81 9
82 9
83 11
84 11
85 8
86 7
87 11
88 8
89 11
90 11
91 9
92 12
93 11
94 11
95 10
96 9
97 12
98 13
99 11
100 10
101 11
102 12
103 9
104 10
105 12
106 11
107 10
108 9
109 11
110 12
111 9
112 12
113 14
114 11
115 9
116 10
117 10
118 12
119 12
120 10
121 10
122 10
123 12
124 10
125 9
126 10
127 13
128 11
129 9
130 11
131 9
132 11
133 13
134 10
135 11
136 9
137 10
138 10
139 13
140 11
141 10
142 12
143 11
144 12
145 10
146 11
147 12
148 10
149 13
150 10
151 12
152 9
153 12
154 14
155 12
156 10
157 10
158 9
159 10
160 11
161 10
162 12
163 11
164 11
165 13
166 10
167 10
168 10
169 11
170 10
171 10
172 10
173 9
174 10
175 13
176 11
177 8
178 11
179 11
180 12
181 8
182 10
183 9
184 11
185 13
186 10
187 11
188 12
189 14
190 13
191 13
192 9
193 10
194 11
195 10
196 9
197 10
198 9
199 9
200 10
201 14
202 11
203 12
204 13
205 12
206 14
207 10
208 10
209 9
210 10
211 12
212 12
213 10
214 10
215 11
216 13
217 13
218 9
219 8
220 11
221 10
222 9
223 10
224 10
225 11
226 8
227 10
228 11
229 9
230 8
231 9
232 12
233 10
234 10
235 11
236 13
237 10
238 12
239 9
240 11
241 15
242 11
243 9
244 13
245 11
246 11
247 8
248 10
249 11
250 13
251 10
252 10
253 12
254 9
255 12
256 9
257 11
258 12
259 12
260 12
261 12
262 12
263 12
264 12
265 9
266 9
267 10
268 8
269 11
270 10
271 9
272 9
273 13
274 14
275 9
276 12
277 12
278 12
279 11
280 11
281 11
282 10
283 13
284 10
285 10
286 8
287 9
288 12
289 11
290 12
291 8
292 11
293 13
294 11
295 13
296 11
297 10
298 10
299 10
300 8
301 9
302 11
303 11
304 12
305 11
306 10
307 12
308 7
309 10
310 13
311 11
312 11
313 8
314 12
315 13
316 7
317 12
318 10
319 10
320 10
321 10
322 10
323 12
324 14
325 11
326 13
327 11
328 13
329 11
330 11
331 13
332 12
333 6
334 10
335 14
336 11
337 9
338 10
339 11
340 11
341 12
342 8
343 11
344 12
345 10
346 11
347 11
348 12
349 13
350 11
351 10
352 9
353 13
354 10
355 8
356 11
357 10
358 14
359 10
360 9
361 9
362 11
363 11
364 12
365 11
366 13
367 11
368 12
369 10
370 11
371 9
372 12
373 13
374 11
375 9
376 12
377 9
378 11
379 11
380 10
381 11
382 10
383 9
384 13
385 13
386 11
387 10
388 11
389 10
390 10
391 12
392 10
393 11
394 9
395 13
396 10
397 12
398 12
399 10
400 12
401 11
402 12
403 12
404 9
405 12
406 8
407 9
408 13
409 7
410 10
411 12
412 9
413 12
414 12
415 12
416 13
417 12
418 13
419 10
420 12
421 10
422 10
423 11
424 10
425 10
426 12
427 12
428 12
429 12
430 12
431 11
432 11
433 11
434 13
435 14
436 12
437 12
438 11
439 11
440 11
441 11
442 10
443 11
444 11
445 9
446 9
447 9
448 11
449 10
450 12
451 12
452 10
453 9
454 13
455 11
456 11
457 11
458 12
459 11
460 11
461 14
462 9
463 12
464 9
465 11
466 7
467 11
468 11
469 11
470 11
471 12
472 9
473 11
474 9
475 8
476 15
477 12
478 11
479 10
480 13
481 9
482 14
483 10
484 10
485 10
486 9
487 10
488 10
489 11
490 11
491 11
492 9
493 13
494 11
495 8
496 11
497 13
498 12
499 10
500 12
501 12
502 10
503 11
504 12
505 12
506 12
507 11
508 12
509 12
510 13
511 9
512 12
513 12
514 12
515 11
516 12
517 11
518 9
519 10
520 13
521 10
522 11
523 13
524 12
525 13
526 10
527 10
528 9
529 14
530 10
531 11
532 8
533 9
534 9
535 12
536 10
537 12
538 12
539 11
540 14
541 14
542 11
543 9
544 11
545 10
546 12
547 11
548 11
549 13
550 11
551 11
552 12
553 11
554 11
555 14
556 8
557 11
558 11
559 11
560 12
561 8
562 11
563 11
564 11
565 12
566 10
567 10
568 10
569 10
570 12
571 11
572 13
573 11
574 10
575 13
576 10
577 13
578 10
579 15
580 15
581 9
582 9
583 9
584 10
585 11
586 11
587 10
588 14
589 9
590 13
591 11
592 12
593 13
594 12
595 11
596 10
597 12
598 11
599 11
600 10
601 11
602 10
603 11
604 12
605 9
606 11
607 11
608 11
609 11
610 15
611 13
612 12
613 14
614 12
615 9
616 11
617 10
618 10
619 11
620 14
621 11
622 9
623 7
624 12
625 8
626 11
627 9
628 11
629 11
630 9
631 12
632 9
633 9
634 13
635 10
636 6
637 13
638 8
639 8
640 6
641 10
642 11
643 13
644 10
645 10
646 9
647 12
648 10
649 10
650 12
651 13
652 11
653 9
654 8
655 11
656 11
657 11
658 12
659 12
660 12
661 13
662 11
663 13
664 13
665 12
666 10
667 10
668 13
669 9
670 10
671 8
672 9
673 13
674 12
675 11
676 10
677 11
678 15
679 13
680 11
681 12
682 8
683 9
684 11
685 10
686 9
687 10
688 8
689 12
690 11
691 13
692 11
693 11
694 11
695 12
696 8
697 13
698 8
699 13
700 10
701 10
702 12
703 10
704 13
705 10
706 9
707 12
708 11
709 11
710 10
711 8
712 10
713 10
714 10
715 12
716 11
717 11
718 12
719 10
720 12
721 9
722 10
723 12
724 7
725 10
726 11
727 10
728 10
729 11
730 9
731 10
732 10
733 10
734 8
735 8
736 11
737 9
738 10
739 8
740 8
741 9
742 9
743 11
744 11
745 11
746 12
747 11
748 10
749 10
750 8
751 10
752 7
753 9
754 8
755 13
756 9
757 9
758 9
759 10
760 9
761 7
762 8
763 11
764 10
765 10
766 8
767 9
768 8
769 7
770 11
771 9
772 9
773 10
774 7
775 6
776 10
777 13
778 14
779 10
780 10
781 10
782 8
783 11
784 11
785 13
786 7
787 13
788 9
789 11
790 8
791 9
792 7
793 11
794 9
795 10
796 11
797 9
798 7
799 8
800 9
801 10
802 10
803 8
804 11
805 8
806 10
807 14
808 10
809 12
810 13
811 9
812 11
813 8
814 12
815 12
816 11
817 14
818 11
819 11
820 10
821 11
822 12
823 9
824 9
825 12
826 13
827 11
828 11
829 7
830 11
831 10
832 10
833 9
834 9
835 10
836 10
837 9
838 8
839 7
840 12
841 7
842 9
843 13
844 11
845 7
846 12
847 9
848 9
849 11
850 10
851 13
852 10
853 11
854 10
855 10
856 8
857 10
858 12
859 10
860 9
861 10
862 9
863 8
864 9
865 11
866 11
867 9
868 10
869 10
870 7
871 12
872 8
873 10
874 14
875 9
876 8
877 9
878 11
879 7
880 12
881 11
882 11
883 11
884 9
885 10
886 10
887 8
888 13
889 8
890 11
891 11
892 11
893 10
894 11
895 9
896 9
897 8
898 12
899 8
900 10
901 12
902 9
903 11
904 12
905 13
906 10
907 11
908 14
909 13
910 6
911 10
912 9
913 11
914 9
915 14
916 13
917 8
918 11
919 9
920 12
921 11
922 11
923 6
924 10
925 7
926 11
927 9
928 10
929 11
930 11
931 13
932 11
933 9
934 9
935 11
936 9
937 10
938 10
939 7
940 8
941 10
942 10
943 10
944 11
945 11
946 9
947 10
948 9
949 10
950 7
951 9
952 12
953 9
954 10
955 11
956 11
957 8
958 10
959 10
960 11
961 8
962 10
963 8
964 11
965 13
966 10
967 10
968 9
969 10
970 11
971 11
972 10
973 8
974 8
975 8
976 10
977 10
978 8
979 12
980 9
981 10
982 8
983 11
984 10
985 11
986 11
987 14
988 10
989 8
990 9
991 11
992 13
993 14
994 9
995 10
996 10
997 8
998 8
999 11
1000 10
1001 13
0 12
1 12
2 10
3 10
4 12
5 12
6 8
7 8
8 7
9 9
10 12
11 9
12 8
13 10
14 10
15 9
16 11
17 10
18 10
19 9
20 10
21 9
22 11
23 8
24 10
25 10
26 6
27 9
28 7
29 7
30 10
31 10
32 10
33 10
34 10
35 8
36 12
37 8
38 9
39 7
40 9
41 9
42 8
43 10
44 8
45 9
46 11
47 10
48 9
49 9
50 9
51 13
52 9
53 10
54 10
55 9
56 8
57 12
58 10
59 8
60 11
61 12
62 10
63 14
64 10
65 12
66 10
67 9
68 11
69 13
70 9
71 12
72 11
73 9
74 9
75 10
76 9
77 8
78 10
79 11
80 11
81 10
82 10
83 8
84 9
85 9
86 7
87 9
88 12
89 11
90 8
91 11
92 10
93 12
94 11
95 10
96 9
97 12
98 10
99 9
100 11
101 7
102 9
103 9
104 9
105 12
106 13
107 8
108 9
109 8
110 11
111 9
112 9
113 8
114 11
115 9
116 10
117 10
118 9
119 10
120 9
121 12
122 11
123 10
124 9
125 10
126 10
127 10
128 8
129 11
130 10
131 9
132 10
133 13
134 9
135 10
136 10
137 9
138 8
139 12
140 10
141 10
142 12
143 8
144 12
145 9
146 10
147 10
148 11
149 9
150 11
151 13
152 11
153 8
154 12
155 11
156 10
157 12
158 11
159 10
160 13
161 11
162 10
163 9
164 10
165 9
166 12
167 10
168 10
169 10
170 11
171 10
172 10
173 9
174 11
175 10
176 9
177 11
178 10
179 11
180 9
181 12
182 7
183 12
184 10
185 11
186 12
187 8
188 9
189 10
190 9
191 8
192 10
193 13
194 11
195 11
196 12
197 9
198 11
199 11
200 12
201 10
202 10
203 10
204 9
205 10
206 12
207 11
208 9
209 11
210 10
211 11
212 12
213 12
214 11
215 9
216 11
217 10
218 10
219 12
220 12
221 10
222 12
223 10
224 11
225 12
226 12
227 11
228 14
229 13
230 8
231 13
232 9
233 10
234 13
235 10
236 12
237 12
238 11
239 10
240 11
241 12
242 10
243 12
244 10
245 13
246 14
247 12
248 11
249 7
250 12
251 13
252 14
253 12
254 12
255 13
256 12
257 9
258 10
259 15
260 13
261 13
262 13
263 12
264 12
265 12
266 11
267 11
268 11
269 9
270 10
271 9
272 10
273 11
274 12
275 11
276 10
277 13
278 11
279 12
280 7
281 8
282 10
283 12
284 9
285 12
286 9
287 12
288 14
289 12
290 11
291 15
292 11
293 6
294 11
295 10
296 12
297 10
298 9
299 10
300 8
301 11
302 8
303 9
304 12
305 8
306 12
307 7
308 11
309 13
310 9
311 14
312 10
313 10
314 12
315 12
316 11
317 8
318 10
319 11
320 9
321 11
322 10
323 8
324 8
325 10
326 13
327 9
328 12
329 10
330 9
331 12
332 11
333 11
334 9
335 9
336 10
337 12
338 12
339 11
340 12
341 11
342 11
343 13
344 11
345 12
346 11
347 12
348 9
349 10
350 12
351 10
352 10
353 10
354 10
355 12
356 11
357 10
358 7
359 8
360 14
361 11
362 11
363 11
364 13
365 11
366 8
367 11
368 10
369 12
370 10
371 11
372 11
373 12
374 12
375 12
376 10
377 10
378 9
379 10
380 7
381 11
382 10
383 11
384 11
385 9
386 9
387 11
388 10
389 12
390 10
391 11
392 10
393 11
394 8
395 13
396 12
397 10
398 11
399 12
400 12
401 12
402 13
403 11
404 9
405 10
406 9
407 13
408 11
409 12
410 11
411 12
412 8
413 11
414 12
415 11
416 14
417 12
418 13
419 11
420 12
421 12
422 11
423 9
424 10
425 11
426 10
427 8
428 9
429 11
430 12
431 10
432 9
433 10
434 10
435 8
436 8
437 10
438 7
439 13
440 11
441 7
442 11
443 8
444 9
445 12
446 9
447 9
448 10
449 9
450 10
451 10
452 7
453 10
454 9
455 11
456 9
457 9
458 12
459 11
460 10
461 11
462 10
463 12
464 9
465 11
466 11
467 9
468 8
469 9
470 8
471 12
472 10
473 12
474 10
475 12
476 9
477 13
478 9
479 9
480 10
481 9
482 10
483 9
484 6
485 12
486 13
487 12
488 10
489 9
490 7
491 9
492 8
493 11
494 8
495 9
496 8
497 6
498 8
499 7
500 9
501 10
502 10
503 9
504 10
505 10
506 10
507 9
508 12
509 10
510 11
511 6
512 11
513 8
514 8
515 6
516 8
517 9
518 10
519 6
520 9
521 10
522 8
523 11
524 11
525 10
526 10
527 11
528 8
529 11
530 13
531 5
532 11
533 7
534 7
535 10
536 11
537 9
538 9
539 8
540 7
541 9
542 10
543 11
544 11
545 8
546 7
547 8
548 7
549 10
550 11
551 8
552 9
553 7
554 7
555 8
556 5
557 9
558 10
559 8
560 9
561 10
562 9
563 9
564 8
565 7
566 10
567 13
568 8
569 9
570 8
571 10
572 7
573 12
574 10
575 7
576 8
577 8
578 10
579 9
580 9
581 9
582 7
583 7
584 7
585 9
586 10
587 9
588 10
589 7
590 7
591 7
592 7
593 10
594 9
595 7
596 7
597 7
598 9
599 9
600 9
601 9
602 10
603 9
604 12
605 13
606 12
607 9
608 8
609 7
610 12
611 9
612 8
613 11
614 11
615 10
616 11
617 8
618 7
619 8
620 9
621 9
622 11
623 9
624 7
625 8
626 10
627 11
628 9
629 9
630 9
631 10
632 12
633 10
634 9
635 9
636 11
637 9
638 11
639 8
640 12
641 8
642 8
643 9
644 9
645 7
646 13
647 8
648 9
649 8
650 8
651 9
652 9
653 8
654 7
655 11
656 10
657 9
658 9
659 9
660 9
661 9
662 9
663 8
664 6
665 12
666 9
667 12
668 7
669 10
670 8
671 7
672 9
673 7
674 6
675 10
676 9
677 7
678 10
679 9
680 8
681 9
682 7
683 8
684 6
685 14
686 8
687 10
688 12
689 10
690 11
691 9
692 6
693 9
694 10
695 11
696 11
697 9
698 7
699 9
700 10
701 9
702 8
703 9
704 9
705 8
706 13
707 11
708 9
709 8
710 10
711 7
712 8
713 7
714 7
715 9
716 11
717 8
718 10
719 10
720 9
721 8
722 10
723 11
724 9
725 10
726 8
727 12
728 14
729 9
730 10
731 8
732 7
733 9
734 11
735 9
736 8
737 12
738 8
739 9
740 10
741 9
742 10
743 8
744 7
745 9
746 9
747 10
748 11
749 12
750 10
751 11
752 9
753 9
754 9
755 9
756 9
757 11
758 9
759 11
760 8
761 9
762 8
763 10
764 8
765 11
766 10
767 10
768 14
769 12
770 9
771 11
772 10
773 7
774 10
775 10
776 8
777 11
778 10
779 10
780 12
781 13
782 8
783 8
784 9
785 8
786 10
787 11
788 10
789 10
790 8
791 8
792 8
793 8
794 9
795 9
796 10
797 11
798 11
799 11
800 12
801 11
802 12
803 15
804 11
805 8
806 9
807 10
808 7
809 14
810 9
811 11
812 11
813 13
814 12
815 12
816 10
817 11
818 9
819 9
820 7
821 12
822 9
823 8
824 6
825 7
826 10
827 12
828 9
829 11
830 11
831 9
832 11
833 10
834 11
835 10
836 10
837 9
838 10
839 8
840 8
841 12
842 9
843 9
844 8
845 9
846 7
847 8
848 8
849 11
850 7
851 10
852 8
853 11
854 9
855 11
856 11
857 12
858 9
859 13
860 8
861 9
862 10
863 9
864 12
865 9
866 11
867 10
868 11
869 10
870 8
871 9
872 8
873 8
874 11
875 9
876 12
877 10
878 9
879 9
880 9
881 9
882 8
883 11
884 10
885 8
886 7
887 12
888 8
889 8
890 10
891 11
892 12
893 8
894 8
895 8
896 8
897 11
898 7
899 10
900 11
901 11
902 12
903 7
904 8
905 10
906 11
907 9
908 9
909 10
910 10
911 9
912 8
913 9
914 8
915 7
916 14
917 11
918 11
919 13
920 10
921 13
922 8
923 9
924 12
925 11
926 12
927 12
928 9
929 12
930 11
931 9
932 11
933 8
934 11
935 12
936 8
937 12
938 10
939 9
940 11
941 8
942 7
943 10
944 8
945 9
946 11
947 12
948 11
949 9
950 10
951 11
952 9
953 9
954 8
955 8
956 11
957 11
958 8
959 10
960 9
961 10
962 11
963 8
964 10
965 9
966 10
967 9
968 11
969 12
970 10
971 11
972 12
973 9
974 12
975 9
976 10
977 13
978 10
979 8
980 9
981 8
982 8
983 13
984 11
985 12
986 10
987 11
988 11
989 11
990 10
991 8
992 12
993 11
994 12
995 11
996 10
997 12
998 9
999 11
1000 11
1001 10
0 14
1 11
2 12
3 12
4 12
5 11
6 12
7 11
8 13
9 9
10 9
11 10
12 11
13 10
14 12
15 10
16 13
17 11
18 9
19 12
20 9
21 11
22 13
23 11
24 12
25 13
26 12
27 8
28 14
29 11
30 11
31 12
32 12
33 12
34 11
35 10
36 10
37 11
38 12
39 10
40 15
41 13
42 15
43 12
44 12
45 12
46 13
47 11
48 14
49 10
50 12
51 9
52 14
53 13
54 11
55 12
56 14
57 10
58 12
59 14
60 13
61 13
62 11
63 10
64 10
65 14
66 12
67 12
68 12
69 10
70 13
71 10
72 10
73 13
74 14
75 9
76 17
77 10
78 13
79 10
80 11
81 9
82 11
83 11
84 10
85 13
86 11
87 13
88 13
89 11
90 13
91 11
92 11
93 11
94 11
95 10
96 13
97 12
98 14
99 10
100 11
101 14
102 11
103 11
104 12
105 12
106 12
107 9
108 11
109 14
110 8
111 11
112 10
113 11
114 9
115 8
116 9
117 10
118 11
119 12
120 10
121 11
122 12
123 9
124 9
125 11
126 9
127 8
128 11
129 8
130 10
131 12
132 10
133 12
134 12
135 11
136 12
137 10
138 7
139 10
140 8
141 12
142 11
143 10
144 10
145 13
146 12
147 10
148 8
149 10
150 10
151 10
152 11
153 10
154 10
155 12
156 8
157 10
158 11
159 12
160 8
161 12
162 10
163 12
164 11
165 9
166 7
167 11
168 8
169 10
170 11
171 11
172 5
173 8
174 11
175 12
176 11
177 9
178 9
179 10
180 9
181 8
182 10
183 10
184 11
185 11
186 10
187 11
188 10
189 8
190 7
191 11
192 12
193 10
194 9
195 12
196 13
197 16
198 13
199 9
200 14
201 10
202 13
203 11
204 11
205 13
206 9
207 9
208 12
209 10
210 10
211 13
212 12
213 10
214 12
215 12
216 12
217 12
218 15
219 13
220 11
221 11
222 13
223 9
224 10
225 11
226 10
227 13
228 10
229 12
230 13
231 12
232 10
233 13
234 11
235 12
236 11
237 14
238 13
239 11
240 11
241 12
242 11
243 11
244 10
245 10
246 11
247 14
248 14
249 10
250 12
251 16
252 11
253 9
254 14
255 12
256 9
257 9
258 12
259 11
260 10
261 15
262 10
263 10
264 12
265 12
266 14
267 11
268 14
269 10
270 10
271 12
272 12
273 11
274 11
275 8
276 10
277 10
278 11
279 8
280 12
281 13
282 14
283 10
284 14
285 9
286 15
287 10
288 15
289 13
290 10
291 12
292 11
293 10
294 9
295 12
296 9
297 9
298 10
299 9
300 11
301 10
302 10
303 11
304 9
305 9
306 10
307 9
308 14
309 11
310 10
311 11
312 13
313 10
314 10
315 11
316 11
317 10
318 12
319 10
320 10
321 9
322 12
323 9
324 11
325 12
326 12
327 9
328 12
329 9
330 11
331 9
332 6
333 10
334 14
335 11
336 10
337 10
338 12
339 11
340 13
341 10
342 10
343 10
344 12
345 11
346 18
347 11
348 9
349 10
350 13
351 10
352 10
353 10
354 14
355 12
356 9
357 11
358 13
359 11
360 11
361 12
362 13
363 11
364 10
365 12
366 8
367 11
368 11
369 11
370 10
371 10
372 12
373 12
374 11
375 11
376 11
377 9
378 13
379 11
380 10
381 13
382 11
383 9
384 11
385 10
386 13
387 9
388 9
389 10
390 8
391 9
392 11
393 10
394 9
395 6
396 11
397 8
398 8
399 12
400 9
401 10
402 14
403 8
404 10
405 13
406 13
407 10
408 11
409 13
410 11
411 10
412 11
413 11
414 10
415 11
416 12
417 10
418 9
419 13
420 13
421 12
422 11
423 11
424 14
425 13
426 8
427 13
428 9
429 8
430 11
431 12
432 13
433 8
434 10
435 11
436 9
437 12
438 10
439 13
440 10
441 10
442 11
443 14
444 13
445 10
446 11
447 9
448 13
449 13
450 12
451 10
452 11
453 10
454 13
455 13
456 10
457 11
458 11
459 11
460 10
461 12
462 11
463 13
464 13
465 10
466 9
467 10
468 9
469 11
470 11
471 12
472 12
473 10
474 10
475 13
476 9
477 7
478 11
479 11
480 12
481 12
482 11
483 11
484 12
485 8
486 10
487 14
488 10
489 12
490 11
491 9
492 13
493 8
494 11
495 12
496 9
497 12
498 11
499 9
500 11
501 13
502 11
503 13
504 8
505 13
506 11
507 10
508 12
509 12
510 14
511 12
512 12
513 11
514 10
515 12
516 12
517 11
518 13
519 14
520 14
521 12
522 11
523 12
524 13
525 11
526 13
527 11
528 10
529 11
530 14
531 11
532 11
533 15
534 9
535 14
536 12
537 11
538 10
539 14
540 12
541 12
542 13
543 10
544 13
545 15
546 12
547 14
548 11
549 15
550 12
551 9
552 8
553 13
554 12
555 12
556 11
557 9
558 13
559 12
560 11
561 11
562 14
563 9
564 11
565 12
566 13
567 12
568 11
569 11
570 9
571 12
572 10
573 12
574 13
575 10
576 12
577 11
578 11
579 13
580 15
581 13
582 12
583 14
584 11
585 11
586 11
587 8
588 13
589 13
590 10
591 11
592 12
593 13
594 13
595 13
596 11
597 10
598 8
599 10
600 9
601 16
602 14
603 14
604 14
605 10
606 13
607 12
608 14
609 11
610 10
611 10
612 15
613 16
614 12
615 12
616 10
617 12
618 15
619 15
620 12
621 12
622 14
623 15
624 10
625 12
626 12
627 10
628 13
629 11
630 11
631 9
632 12
633 14
634 9
635 14
636 10
637 11
638 10
639 12
640 11
641 13
642 14
643 11
644 11
645 9
646 11
647 11
648 10
649 8
650 11
651 12
652 10
653 8
654 12
655 16
656 11
657 10
658 13
659 10
660 12
661 10
662 13
663 10
664 12
665 13
666 13
667 9
668 14
669 11
670 12
671 8
672 13
673 10
674 9
675 11
676 13
677 11
678 12
679 10
680 10
681 10
682 10
683 11
684 10
685 11
686 10
687 7
688 10
689 10
690 8
691 8
692 13
693 12
694 13
695 10
696 10
697 11
698 11
699 14
700 11
701 12
702 14
703 11
704 9
705 13
706 13
707 10
708 6
709 11
710 11
711 11
712 12
713 12
714 15
715 11
716 10
717 12
718 8
719 11
720 10
721 13
722 14
723 12
724 9
725 15
726 13
727 14
728 13
729 12
730 12
731 9
732 12
733 14
734 12
735 11
736 13
737 12
738 9
739 10
740 10
741 11
742 10
743 13
744 12
745 11
746 13
747 12
748 8
749 9
750 14
751 14
752 11
753 9
754 14
755 10
756 13
757 10
758 11
759 9
760 12
761 13
762 11
763 11
764 10
765 13
766 13
767 15
768 17
769 13
770 10
771 12
772 11
773 10
774 14
775 13
776 11
777 10
778 14
779 15
780 11
781 10
782 13
783 12
784 8
785 13
786 6
787 12
788 12
789 9
790 8
791 12
792 8
793 9
794 10
795 12
796 7
797 11
798 11
799 10
800 13
801 9
802 11
803 8
804 7
805 13
806 11
807 12
808 10
809 14
810 12
811 12
812 14
813 9
814 12
815 11
816 13
817 10
818 9
819 10
820 14
821 13
822 10
823 9
824 13
825 12
826 11
827 11
828 12
829 10
830 8
831 15
832 11
833 11
834 10
835 10
836 10
837 15
838 10
839 12
840 12
841 13
842 12
843 14
844 13
845 11
846 15
847 12
848 8
849 14
850 11
851 11
852 15
853 12
854 14
855 12
856 13
857 10
858 13
859 14
860 13
861 12
862 14
863 12
864 13
865 12
866 13
867 12
868 12
869 9
870 11
871 10
872 14
873 8
874 11
875 8
876 8
877 8
878 13
879 11
880 10
881 10
882 10
883 11
884 10
885 11
886 11
887 12
888 11
889 12
890 12
891 11
892 9
893 10
894 11
895 10
896 11
897 12
898 11
899 10
900 11
901 11
902 11
903 15
904 12
905 10
906 10
907 13
908 12
909 10
910 9
911 12
912 6
913 16
914 13
915 12
916 11
917 10
918 13
919 13
920 15
921 14
922 12
923 10
924 11
925 14
926 12
927 10
928 14
929 12
930 13
931 15
932 11
933 12
934 10
935 10
936 12
937 11
938 13
939 11
940 11
941 12
942 9
943 11
944 13
945 15
946 11
947 8
948 9
949 12
950 12
951 13
952 13
953 10
954 10
955 15
956 12
957 12
958 11
959 14
960 13
961 10
962 9
963 12
964 11
965 12
966 12
967 11
968 13
969 11
970 13
971 10
972 11
973 11
974 11
975 13
976 13
977 14
978 13
979 14
980 15
981 11
982 12
983 9
984 10
985 10
986 9
987 10
988 13
989 8
990 9
991 12
992 11
993 10
994 11
995 12
996 12
997 11
998 10
999 10
1000 12
1001 13
0 9
1 9
2 11
3 9
4 10
5 9
6 12
7 12
8 11
9 13
10 13
11 13
12 10
13 12
14 10
15 10
16 12
17 16
18 12
19 15
20 13
21 12
22 13
23 12
24 11
25 10
26 9
27 10
28 13
29 11
30 9
31 13
32 14
33 11
34 11
35 12
36 14
37 11
38 8
39 9
40 10
41 12
42 11
43 11
44 10
45 10
46 9
47 13
48 12
49 9
50 11
51 11
52 14
53 9
54 10
55 10
56 10
57 12
58 12
59 10
60 10
61 13
62 12
63 12
64 12
65 10
66 9
67 13
68 12
69 10
70 9
71 11
72 9
73 10
74 9
75 11
76 10
77 9
78 13
79 12
80 11
81 12
82 12
83 10
84 10
85 12
86 13
87 9
88 7
89 11
90 11
91 11
92 12
93 9
94 11
95 11
96 13
97 11
98 9
99 11
100 13
101 11
102 11
103 10
104 12
105 11
106 11
107 9
108 13
109 12
110 9
111 10
112 15
113 13
114 11
115 12
116 11
117 14
118 8
119 10
120 10
121 9
122 10
123 9
124 12
125 11
126 9
127 11
128 10
129 9
130 10
131 10
132 10
133 12
134 8
135 7
136 11
137 8
138 10
139 10
140 11
141 10
142 10
143 10
144 9
145 12
146 7
147 12
148 8
149 10
150 9
151 13
152 8
153 12
154 12
155 13
156 7
157 9
158 10
159 11
160 12
161 6
162 10
163 11
164 10
165 12
166 9
167 10
168 12
169 13
170 13
171 12
172 12
173 13
174 12
175 10
176 9
177 9
178 8
179 10
180 10
181 11
182 9
183 9
184 10
185 10
186 10
187 9
188 10
189 9
190 9
191 9
192 10
193 10
194 13
195 13
196 12
197 12
198 8
199 11
200 13
201 10
202 12
203 10
204 10
205 8
206 10
207 11
208 12
209 9
210 11
211 10
212 11
213 10
214 9
215 13
216 10
217 8
218 7
219 11
220 12
221 12
222 10
223 10
224 13
225 11
226 9
227 12
228 11
229 14
230 10
231 11
232 10
233 11
234 8
235 12
236 10
237 11
238 11
239 12
240 11
241 12
242 10
243 9
244 9
245 8
246 13
247 10
248 10
249 8
250 12
251 11
252 13
253 8
254 12
255 11
256 11
257 12
258 9
259 10
260 10
261 10
262 12
263 11
264 9
265 9
266 12
267 9
268 10
269 12
270 10
271 10
272 11
273 11
274 9
275 7
276 9
277 7
278 11
279 10
280 10
281 12
282 14
283 11
284 10
285 13
286 9
287 10
288 13
289 13
290 9
291 11
292 7
293 12
294 9
295 11
296 12
297 11
298 10
299 11
300 11
301 11
302 13
303 10
304 12
305 11
306 11
307 13
308 10
309 13
310 9
311 12
312 11
313 9
314 10
315 12
316 11
317 12
318 12
319 12
320 7
321 7
322 12
323 9
324 11
325 10
326 10
327 10
328 9
329 11
330 12
331 11
332 10
333 10
334 10
335 9
336 14
337 13
338 11
339 10
340 7
341 12
342 11
343 9
344 13
345 10
346 10
347 11
348 9
349 9
350 10
351 10
352 9
353 9
354 11
355 8
356 12
357 12
358 12
359 8
360 9
361 11
362 13
363 13
364 11
365 13
366 9
367 11
368 11
369 11
370 9
371 9
372 11
373 11
374 11
375 11
376 12
377 10
378 13
379 9
380 10
381 11
382 10
383 8
384 8
385 8
386 9
387 7
388 9
389 10
390 8
391 13
392 10
393 9
394 7
395 9
396 9
397 11
398 7
399 11
400 10
401 8
402 10
403 12
404 9
405 11
406 8
407 9
408 11
409 10
410 10
411 12
412 10
413 9
414 10
415 9
416 10
417 9
418 9
419 11
420 9
421 10
422 9
423 10
424 9
425 11
426 10
427 7
428 9
429 9
430 11
431 9
432 11
433 12
434 10
435 10
436 9
437 9
438 11
439 11
440 11
441 10
442 8
443 8
444 7
445 9
446 7
447 9
448 9
449 10
450 11
451 12
452 9
453 10
454 9
455 10
456 12
457 9
458 9
459 9
460 6
461 8
462 9
463 11
464 12
465 9
466 11
467 12
468 8
469 8
470 6
471 12
472 11
473 8
474 6
475 10
476 9
477 11
478 10
479 8
480 9
481 7
482 12
483 9
484 11
485 11
486 9
487 5
488 7
489 8
490 12
491 9
492 11
493 9
494 8
495 8
496 11
497 9
498 9
499 13
500 10
501 9
502 9
503 7
504 7
505 12
506 10
507 12
508 9
509 9
510 5
511 10
512 11
513 8
514 6
515 8
516 7
517 5
518 8
519 10
520 9
521 12
522 11
523 8
524 10
525 9
526 8
527 6
528 7
529 9
530 12
531 6
532 9
533 10
534 8
535 11
536 8
537 6
538 6
539 7
540 8
541 8
542 9
543 6
544 11
545 8
546 10
547 8
548 6
549 8
550 10
551 8
552 8
553 6
554 6
555 13
556 6
557 6
558 7
559 11
560 8
561 8
562 9
563 7
564 7
565 11
566 8
567 6
568 9
569 9
570 8
571 8
572 11
573 8
574 7
575 8
576 11
577 7
578 10
579 9
580 8
581 7
582 10
583 8
584 11
585 6
586 7
587 7
588 7
589 8
590 7
591 7
592 7
593 5
594 5
595 4
596 7
597 8
598 8
599 7
600 10
601 6
602 8
603 10
604 10
605 8
606 8
607 8
608 9
609 10
610 9
611 10
612 4
613 11
614 8
615 8
616 8
617 8
618 8
619 7
620 4
621 7
622 7
623 10
624 8
625 6
626 7
627 8
628 10
629 8
630 8
631 5
632 8
633 8
634 11
635 8
636 7
637 6
638 7
639 9
640 8
641 7
642 5
643 9
644 7
645 8
646 5
647 6
648 8
649 9
650 5
651 8
652 7
653 7
654 9
655 8
656 8
657 8
658 6
659 10
660 9
661 7
662 7
663 6
664 10
665 8
666 8
667 9
668 12
669 10
670 7
671 9
672 5
673 7
674 9
675 7
676 7
677 5
678 8
679 7
680 7
681 9
682 8
683 9
684 10
685 10
686 9
687 11
688 11
689 12
690 11
691 9
692 9
693 11
694 10
695 10
696 11
697 10
698 8
699 11
700 11
701 8
702 7
703 9
704 10
705 9
706 10
707 13
708 10
709 11
710 8
711 10
712 11
713 11
714 8
715 12
716 10
717 11
718 10
719 10
720 10
721 9
722 8
723 10
724 11
725 10
726 10
727 9
728 8
729 11
730 10
731 8
732 9
733 8
734 10
735 10
736 9
737 8
738 10
739 7
740 7
741 10
742 7
743 7
744 7
745 7
746 8
747 6
748 6
749 8
750 7
751 11
752 11
753 9
754 9
755 9
756 7
757 8
758 7
759 9
760 5
761 8
762 10
763 4
764 8
765 10
766 9
767 9
768 6
769 9
770 8
771 10
772 8
773 9
774 10
775 9
776 10
777 8
778 8
779 11
780 6
781 5
782 6
783 9
784 8
785 9
786 11
787 5
788 6
789 9
790 9
791 9
792 5
793 7
794 9
795 6
796 6
797 6
798 11
799 9
800 6
801 11
802 5
803 9
804 7
805 9
806 7
807 7
808 8
809 11
810 6
811 9
812 9
813 10
814 8
815 10
816 8
817 5
818 8
819 8
820 11
821 10
822 9
823 9
824 7
825 5
826 8
827 7
828 9
829 10
830 8
831 8
832 9
833 11
834 9
835 6
836 7
837 7
838 10
839 8
840 8
841 9
842 10
843 4
844 6
845 5
846 9
847 9
848 8
849 8
850 5
851 6
852 7
853 10
854 9
855 9
856 8
857 9
858 8
859 8
860 8
861 7
862 8
863 10
864 8
865 9
866 10
867 11
868 9
869 7
870 10
871 8
872 9
873 9
874 6
875 10
876 10
877 8
878 11
879 9
880 8
881 9
882 7
883 9
884 9
885 11
886 8
887 7
888 8
889 9
890 6
891 7
892 7
893 9
894 10
895 10
896 10
897 11
898 9
899 8
900 9
901 7
902 7
903 7
904 6
905 8
906 8
907 5
908 7
909 7
910 6
911 6
912 8
913 9
914 6
915 11
916 10
917 8
918 9
919 10
920 9
921 9
922 9
923 10
924 11
925 6
926 9
927 6
928 11
929 7
930 10
931 8
932 7
933 10
934 8
935 9
936 9
937 9
938 10
939 9
940 8
941 9
942 6
943 10
944 8
945 12
946 5
947 10
948 9
949 8
950 10
951 10
952 8
953 12
954 9
955 8
956 12
957 8
958 8
959 10
960 15
961 10
962 10
963 8
964 12
965 10
966 7
967 10
968 8
969 11
970 11
971 10
972 10
973 9
974 10
975 11
976 10
977 11
978 9
979 11
980 11
981 11
982 8
983 8
984 9
985 9
986 10
987 9
988 10
989 8
990 6
991 8
992 8
993 10
994 6
995 6
996 10
997 9
998 8
999 8
1000 7
1001 8
0 13
1 9
2 9
3 10
4 8
5 9
6 10
7 7
8 9
9 7
10 10
11 11
12 9
13 13
14 10
15 10
16 8
17 9
18 12
19 8
20 8
21 8
22 10
23 7
24 11
25 10
26 10
27 9
28 9
29 10
30 8
31 9
32 12
33 9
34 8
35 6
36 9
37 10
38 9
39 9
40 6
41 9
42 7
43 6
44 11
45 9
46 8
47 9
48 9
49 6
50 10
51 8
52 7
53 8
54 7
55 9
56 8
57 11
58 7
59 6
60 11
61 10
62 9
63 6
64 8
65 8
66 9
67 7
68 9
69 11
70 9
71 5
72 5
73 12
74 8
75 10
76 5
77 13
78 10
79 10
80 8
81 6
82 10
83 10
84 8
85 6
86 8
87 11
88 11
89 9
90 10
91 12
92 9
93 8
94 8
95 9
96 8
97 9
98 9
99 11
100 9
101 9
102 8
103 9
104 6
105 6
106 8
107 8
108 8
109 8
110 9
111 8
112 10
113 10
114 10
115 9
116 7
117 10
118 5
119 9
120 10
121 13
122 11
123 10
124 9
125 8
126 12
127 12
128 9
129 8
130 9
131 10
132 9
133 7
134 10
135 7
136 5
137 9
138 9
139 10
140 9
141 10
142 6
143 8
144 8
145 8
146 8
147 9
148 11
149 7
150 9
151 8
152 7
153 7
154 11
155 9
156 9
157 7
158 10
159 10
160 10
161 12
162 11
163 11
164 12
165 11
166 10
167 11
168 8
169 8
170 7
171 12
172 7
173 8
174 10
175 10
176 10
177 11
178 8
179 9
180 10
181 11
182 9
183 8
184 9
185 8
186 8
187 9
188 9
189 9
190 11
191 10
192 10
193 10
194 8
195 11
196 10
197 11
198 11
199 8
200 9
201 7
202 9
203 12
204 8
205 8
206 11
207 9
208 10
209 7
210 10
211 9
212 12
213 9
214 10
215 6
216 12
217 10
218 8
219 7
220 9
221 8
222 11
223 10
224 7
225 8
226 9
227 7
228 11
229 10
230 9
231 11
232 9
233 8
234 14
235 9
236 9
237 10
238 9
239 9
240 9
241 10
242 8
243 10
244 11
245 8
246 9
247 9
248 8
249 9
250 9
251 10
252 12
253 9
254 8
255 15
256 10
257 9
258 9
259 10
260 12
261 9
262 8
263 8
264 6
265 9
266 9
267 10
268 6
269 9
270 8
271 6
272 10
273 6
274 7
275 9
276 7
277 10
278 9
279 8
280 9
281 4
282 6
283 7
284 9
285 9
286 7
287 10
288 8
289 10
290 9
291 9
292 9
293 8
294 12
295 8
296 12
297 5
298 10
299 13
300 11
301 12
302 10
303 8
304 13
305 10
306 11
307 8
308 8
309 6
310 8
311 12
312 10
313 6
314 10
315 8
316 6
317 6
318 8
319 7
320 10
321 8
322 8
323 9
324 7
325 8
326 5
327 9
328 10
329 6
330 9
331 10
332 9
333 9
334 8
335 9
336 9
337 6
338 9
339 8
340 11
341 8
342 10
343 9
344 8
345 7
346 7
347 8
348 7
349 12
350 11
351 12
352 7
353 7
354 11
355 10
356 8
357 7
358 9
359 11
360 11
361 9
362 11
363 8
364 10
365 11
366 10
367 10
368 9
369 11
370 8
371 6
372 11
373 7
374 10
375 11
376 9
377 9
378 10
379 8
380 8
381 9
382 9
383 8
384 10
385 6
386 8
387 11
388 12
389 13
390 10
391 9
392 9
393 11
394 8
395 10
396 10
397 9
398 9
399 10
400 10
401 10
402 11
403 11
404 8
405 7
406 11
407 10
408 9
409 9
410 12
411 11
412 10
413 14
414 9
415 8
416 6
417 10
418 11
419 11
420 8
421 10
422 7
423 10
424 6
425 9
426 10
427 8
428 9
429 9
430 10
431 8
432 9
433 10
434 10
435 9
436 8
437 6
438 11
439 8
440 5
441 6
442 12
443 7
444 8
445 6
446 6
447 9
448 4
449 10
450 11
451 12
452 11
453 12
454 5
455 10
456 7
457 10
458 9
459 7
460 10
461 6
462 9
463 13
464 7
465 6
466 5
467 4
468 11
469 10
470 10
471 6
472 11
473 12
474 12
475 8
476 9
477 14
478 9
479 11
480 9
481 7
482 12
483 9
484 10
485 10
486 8
487 7
488 5
489 10
490 12
491 10
492 11
493 9
494 7
495 11
496 8
497 6
498 9
499 6
500 9
501 9
502 8
503 8
504 9
505 9
506 10
507 7
508 9
509 9
510 9
511 11
512 12
513 8
514 8
515 9
516 8
517 9
518 10
519 8
520 10
521 8
522 6
523 10
524 9
525 10
526 10
527 11
528 10
529 11
530 11
531 10
532 12
533 10
534 6
535 9
536 11
537 12
538 12
539 8
540 10
541 8
542 13
543 8
544 11
545 10
546 9
547 8
548 7
549 9
550 9
551 13
552 11
553 6
554 9
555 7
556 9
557 9
558 9
559 9
560 9
561 10
562 9
563 12
564 12
565 9
566 10
567 11
568 10
569 14
570 8
571 11
572 10
573 11
574 8
575 10
576 9
577 12
578 10
579 12
580 12
581 9
582 12
583 12
584 10
585 9
586 9
587 8
588 7
589 9
590 13
591 10
592 11
593 11
594 8
595 10
596 10
597 11
598 10
599 9
600 9
601 10
602 11
603 11
604 11
605 13
606 11
607 11
608 7
609 11
610 10
611 12
612 11
613 8
614 14
615 9
616 10
617 11
618 13
619 13
620 9
621 11
622 8
623 13
624 12
625 9
626 12
627 13
628 11
629 13
630 10
631 7
632 10
633 14
634 10
635 11
636 11
637 9
638 11
639 9
640 12
641 11
642 8
643 12
644 9
645 9
646 8
647 8
648 6
649 7
650 12
651 11
652 9
653 7
654 9
655 9
656 10
657 9
658 10
659 10
660 12
661 9
662 9
663 8
664 10
665 9
666 7
667 8
668 9
669 11
670 9
671 11
672 10
673 11
674 9
675 7
676 14
677 8
678 10
679 10
680 9
681 12
682 9
683 9
684 9
685 11
686 15
687 11
688 14
689 13
690 9
691 11
692 10
693 11
694 11
695 10
696 10
697 8
698 12
699 11
700 9
701 11
702 10
703 10
704 9
705 10
706 11
707 9
708 8
709 9
710 8
711 12
712 11
713 11
714 9
715 8
716 7
717 10
718 11
719 10
720 11
721 10
722 10
723 11
724 15
725 10
726 11
727 8
728 9
729 13
730 9
731 9
732 9
733 12
734 10
735 11
736 11
737 9
738 9
739 11
740 11
741 9
742 12
743 9
744 8
745 12
746 10
747 10
748 10
749 11
750 12
751 10
752 11
753 8
754 9
755 11
756 9
757 6
758 10
759 11
760 11
761 8
762 11
763 9
764 7
765 10
766 9
767 11
768 10
769 6
770 7
771 9
772 9
773 11
774 8
775 12
776 10
777 12
778 9
779 8
780 7
781 9
782 10
783 9
784 10
785 7
786 10
787 7
788 10
789 10
790 7
791 9
792 10
793 10
794 8
795 8
796 11
797 9
798 11
799 9
800 10
801 13
802 12
803 11
804 10
805 12
806 11
807 10
808 11
809 12
810 10
811 10
812 9
813 8
814 14
815 9
816 12
817 11
818 10
819 9
820 9
821 9
822 8
823 11
824 9
825 11
826 12
827 12
828 10
829 11
830 13
831 10
832 8
833 10
834 9
835 11
836 8
837 10
838 12
839 9
840 12
841 8
842 12
843 12
844 13
845 14
846 12
847 9
848 13
849 8
850 12
851 8
852 10
853 10
854 11
855 9
856 9
857 10
858 10
859 10
860 12
861 8
862 12
863 10
864 10
865 12
866 9
867 15
868 12
869 10
870 14
871 9
872 10
873 9
874 6
875 9
876 11
877 11
878 10
879 11
880 10
881 9
882 13
883 12
884 11
885 12
886 8
887 12
888 10
889 12
890 11
891 10
892 8
893 14
894 8
895 10
896 8
897 8
898 10
899 8
900 9
901 9
902 9
903 10
904 8
905 11
906 10
907 9
908 8
909 11
910 14
911 10
912 11
913 10
914 11
915 11
916 11
917 10
918 13
919 10
920 10
921 12
922 10
923 10
924 12
925 11
926 11
927 11
928 9
929 13
930 8
931 11
932 11
933 11
934 14
935 10
936 10
937 9
938 11
939 12
940 12
941 11
942 12
943 11
944 8
945 10
946 11
947 11
948 14
949 10
950 11
951 7
952 12
953 11
954 8
955 11
956 9
957 10
958 11
959 11
960 11
961 12
962 12
963 11
964 12
965 12
966 12
967 12
968 10
969 12
970 10
971 11
972 11
973 8
974 11
975 12
976 16
977 12
978 11
979 13
980 11
981 11
982 10
983 14
984 9
985 11
986 14
987 14
988 12
989 8
990 10
991 14
992 10
993 14
994 10
995 11
996 10
997 13
998 12
999 11
1000 10
1001 11
0 12
1 12
2 8
3 12
4 9
5 13
6 9
7 9
8 10
9 12
10 10
11 12
12 13
13 12
14 9
15 12
16 10
17 14
18 12
19 12
20 12
21 11
22 11
23 10
24 11
25 10
26 10
27 11
28 9
29 11
30 13
31 13
32 9
33 10
34 11
35 10
36 11
37 10
38 14
39 12
40 13
41 11
42 8
43 10
44 10
45 11
46 11
47 13
48 11
49 8
50 11
51 11
52 12
53 11
54 13
55 11
56 8
57 12
58 13
59 11
60 10
61 15
62 11
63 9
64 12
65 8
66 10
67 10
68 13
69 10
70 10
71 11
72 13
73 9
74 9
75 11
76 9
77 12
78 7
79 11
80 13
81 10
82 10
83 11
84 9
85 11
86 10
87 7
88 8
89 10
90 9
91 8
92 11
93 11
94 12
95 12
96 8
97 10
98 9
99 8
100 10
101 10
102 12
103 9
104 11
105 9
106 12
107 9
108 14
109 11
110 8
111 7
112 12
113 10
114 11
115 12
116 10
117 9
118 10
119 11
120 11
121 12
122 12
123 9
124 10
125 12
126 7
127 10
128 13
129 9
130 9
131 10
132 12
133 12
134 9
135 11
136 9
137 12
138 8
139 14
140 12
141 12
142 9
143 10
144 10
145 10
146 13
147 8
148 10
149 11
150 10
151 11
152 11
153 8
154 7
155 7
156 11
157 12
158 12
159 10
160 11
161 13
162 10
163 10
164 11
165 10
166 11
167 12
168 10
169 10
170 12
171 9
172 13
173 11
174 9
175 8
176 10
177 10
178 7
179 14
180 8
181 12
182 10
183 10
184 9
185 10
186 10
187 11
188 12
189 11
190 9
191 9
192 10
193 10
194 9
195 13
196 12
197 8
198 8
199 9
200 11
201 10
202 12
203 11
204 8
205 8
206 11
207 10
208 8
209 11
210 10
211 9
212 8
213 12
214 9
215 9
216 8
217 9
218 10
219 11
220 12
221 9
222 10
223 13
224 12
225 11
226 14
227 12
228 12
229 12
230 11
231 10
232 12
233 8
234 8
235 12
236 9
237 8
238 13
239 12
240 11
241 10
242 11
243 13
244 13
245 13
246 9
247 12
248 11
249 12
250 12
251 12
252 10
253 11
254 9
255 11
256 10
257 11
258 10
259 8
260 10
261 7
262 9
263 10
264 7
265 9
266 9
267 12
268 9
269 10
270 11
271 9
272 9
273 9
274 9
275 9
276 9
277 9
278 8
279 9
280 11
281 8
282 9
283 11
284 9
285 11
286 5
287 11
288 13
289 10
290 7
291 9
292 9
293 10
294 10
295 10
296 11
297 9
298 11
299 11
300 9
301 10
302 9
303 9
304 13
305 10
306 6
307 10
308 10
309 12
310 7
311 10
312 7
313 10
314 13
315 9
316 10
317 12
318 10
319 10
320 10
321 12
322 9
323 9
324 14
325 11
326 11
327 12
328 14
329 12
330 10
331 14
332 13
333 12
334 10
335 9
336 15
337 10
338 9
339 10
340 10
341 9
342 13
343 9
344 12
345 12
346 11
347 13
348 11
349 10
350 11
351 11
352 13
353 10
354 13
355 13
356 9
357 12
358 10
359 9
360 9
361 12
362 11
363 11
364 12
365 10
366 12
367 10
368 9
369 13
370 11
371 11
372 9
373 10
374 10
375 7
376 15
377 11
378 9
379 11
380 10
381 12
382 9
383 12
384 9
385 12
386 7
387 11
388 7
389 9
390 9
391 11
392 11
393 9
394 14
395 12
396 12
397 10
398 9
399 11
400 13
401 8
402 7
403 11
404 9
405 10
406 8
407 7
408 9
409 7
410 10
411 8
412 10
413 8
414 11
415 11
416 9
417 12
418 8
419 8
420 11
421 10
422 7
423 9
424 8
425 8
426 9
427 6
428 10
429 11
430 9
431 9
432 7
433 7
434 7
435 6
436 11
437 11
438 10
439 9
440 10
441 11
442 11
443 10
444 9
445 11
446 10
447 9
448 10
449 9
450 9
451 10
452 10
453 11
454 10
455 8
456 11
457 10
458 9
459 10
460 10
461 8
462 11
463 10
464 10
465 9
466 10
467 9
468 11
469 10
470 9
471 11
472 10
473 9
474 12
475 8
476 11
477 11
478 11
479 10
480 11
481 11
482 13
483 12
484 11
485 9
486 11
487 11
488 14
489 14
490 12
491 11
492 10
493 12
494 11
495 11
496 12
497 14
498 9
499 10
500 13
501 16
502 10
503 12
504 14
505 12
506 9
507 11
508 12
509 13
510 11
511 13
512 13
513 9
514 10
515 8
516 10
517 10
518 14
519 12
520 12
521 10
522 12
523 14
524 9
525 11
526 10
527 10
528 10
529 9
530 10
531 12
532 10
533 11
534 13
535 10
536 9
537 9
538 14
539 12
540 11
541 16
542 11
543 9
544 12
545 10
546 10
547 11
548 12
549 13
550 14
551 13
552 8
553 6
554 13
555 10
556 11
557 13
558 11
559 12
560 13
561 10
562 10
563 12
564 11
565 11
566 10
567 10
568 12
569 8
570 9
571 10
572 11
573 12
574 13
575 10
576 11
577 9
578 12
579 10
580 10
581 12
582 10
583 12
584 13
585 11
586 12
587 12
588 10
589 9
590 12
591 11
592 11
593 11
594 11
595 12
596 12
597 10
598 10
599 9
600 11
601 10
602 12
603 11
604 13
605 11
606 10
607 10
608 11
609 8
610 8
611 10
612 11
613 13
614 11
615 10
616 9
617 9
618 11
619 9
620 8
621 10
622 8
623 14
624 10
625 12
626 12
627 12
628 12
629 9
630 12
631 11
632 10
633 11
634 11
635 11
636 11
637 10
638 12
639 11
640 13
641 10
642 10
643 11
644 8
645 9
646 10
647 12
648 12
649 13
650 11
651 13
652 10
653 10
654 9
655 10
656 9
657 10
658 9
659 9
660 11
661 10
662 11
663 10
664 11
665 10
666 7
667 12
668 8
669 12
670 13
671 11
672 12
673 12
674 12
675 9
676 10
677 11
678 9
679 11
680 11
681 13
682 10
683 12
684 12
685 11
686 10
687 11
688 14
689 12
690 10
691 10
692 11
693 10
694 10
695 8
696 8
697 12
698 11
699 9
700 11
701 11
702 13
703 14
704 10
705 11
706 10
707 10
708 11
709 11
710 12
711 14
712 10
713 9
714 11
715 10
716 12
717 11
718 12
719 9
720 9
721 7
722 10
723 11
724 12
725 7
726 10
727 10
728 8
729 8
730 9
731 13
732 8
733 11
734 11
735 12
736 10
737 12
738 10
739 13
740 7
741 14
742 10
743 12
744 8
745 8
746 8
747 10
748 13
749 8
750 10
751 10
752 11
753 9
754 8
755 12
756 8
757 10
758 13
759 9
760 11
761 11
762 11
763 9
764 10
765 12
766 11
767 11
768 9
769 9
770 11
771 9
772 8
773 11
774 12
775 11
776 8
777 11
778 10
779 8
780 10
781 11
782 9
783 8
784 10
785 10
786 8
787 10
788 8
789 13
790 11
791 10
792 14
793 12
794 9
795 12
796 9
797 13
798 11
799 13
800 11
801 12
802 13
803 13
804 13
805 11
806 12
807 10
808 12
809 12
810 8
811 13
812 11
813 11
814 10
815 9
816 10
817 8
818 14
819 14
820 10
821 11
822 10
823 10
824 9
825 8
826 11
827 7
828 11
829 9
830 13
831 14
832 11
833 12
834 11
835 9
836 10
837 14
838 14
839 12
840 11
841 12
842 14
843 13
844 16
845 12
846 12
847 10
848 11
849 7
850 13
851 12
852 13
853 13
854 11
855 12
856 12
857 11
858 11
859 10
860 9
861 12
862 9
863 11
864 15
865 8
866 9
867 11
868 9
869 8
870 9
871 10
872 10
873 13
874 11
875 14
876 10
877 12
878 9
879 9
880 10
881 12
882 15
883 12
884 15
885 16
886 10
887 10
888 10
889 8
890 10
891 12
892 11
893 7
894 11
895 4
896 11
897 12
898 8
899 11
900 9
901 11
902 8
903 12
904 8
905 10
906 10
907 9
908 11
909 10
910 11
911 10
912 11
913 9
914 13
915 9
916 10
917 10
918 12
919 8
920 11
921 15
922 10
923 11
924 6
925 12
926 14
927 11
928 10
929 9
930 11
931 13
932 10
933 11
934 13
935 10
936 11
937 10
938 8
939 10
940 11
941 10
942 12
943 13
944 11
945 11
946 11
947 9
948 11
949 8
950 13
951 14
952 12
953 12
954 7
955 13
956 11
957 11
958 10
959 10
960 14
961 12
962 11
963 12
964 10
965 13
966 13
967 9
968 11
969 12
970 10
971 12
972 10
973 9
974 11
975 12
976 11
977 13
978 12
979 10
980 11
981 8
982 9
983 12
984 7
985 11
986 8
987 12
988 13
989 13
990 11
991 13
992 11
993 10
994 9
995 10
996 11
997 10
998 11
999 7
1000 7
1001 10
