0 6
1 6
2 5
3 5
4 4
5 4
6 4
7 5
8 4
9 4
10 6
11 2
12 5
13 4
14 3
15 4
16 4
17 3
18 3
19 2
20 2
21 4
22 4
23 4
24 4
25 3
26 3
27 4
28 4
29 4
30 5
31 5
32 5
33 6
34 6
35 4
36 3
37 4
38 4
39 5
40 3
41 6
42 6
43 5
44 4
45 4
46 4
47 2
48 3
49 2
50 3
51 4
52 5
53 5
54 4
55 4
56 5
57 4
58 5
59 5
60 3
61 4
62 4
63 3
64 4
65 5
66 4
67 4
68 4
69 6
70 4
71 4
72 6
73 4
74 4
75 4
76 4
77 4
78 3
79 3
80 3
81 3
82 4
83 5
84 4
85 3
86 4
87 4
88 4
89 2
90 4
91 4
92 3
93 3
94 4
95 4
96 3
97 3
98 6
99 3
100 4
101 5
102 3
103 4
104 2
105 4
106 5
107 4
108 3
109 3
110 4
111 5
112 3
113 2
114 4
115 4
116 2
117 6
118 5
119 4
120 5
121 5
122 5
123 4
124 2
125 5
126 3
127 3
128 4
129 5
130 4
131 4
132 4
133 4
134 4
135 5
136 4
137 6
138 4
139 3
140 5
141 5
142 5
143 4
144 6
145 5
146 4
147 3
148 3
149 2
150 4
151 6
152 6
153 7
154 5
155 4
156 4
157 6
158 2
159 4
160 2
161 2
162 3
163 2
164 6
165 4
166 5
167 4
168 2
169 1
170 3
171 4
172 3
173 2
174 3
175 4
176 4
177 4
178 4
179 4
180 2
181 4
182 5
183 4
184 3
185 3
186 3
187 3
188 2
189 2
190 5
191 6
192 3
193 3
194 5
195 4
196 4
197 6
198 4
199 2
200 2
201 2
202 4
203 5
204 3
205 5
206 4
207 3
208 4
209 2
210 1
211 4
212 3
213 3
214 2
215 3
216 3
217 2
218 3
219 2
220 3
221 4
222 1
223 3
224 2
225 3
226 3
227 3
228 2
229 1
230 2
231 4
232 2
233 2
234 3
235 3
236 2
237 3
238 3
239 4
240 5
241 4
242 3
243 3
244 4
245 4
246 4
247 3
248 4
249 3
250 4
251 3
252 4
253 4
254 4
255 5
256 6
257 6
258 3
259 4
260 4
261 5
262 6
263 5
264 2
265 5
266 6
267 5
268 4
269 4
270 4
271 4
272 4
273 5
274 5
275 5
276 7
277 5
278 6
279 4
280 5
281 4
282 4
283 3
284 6
285 3
286 7
287 7
288 4
289 5
290 5
291 3
292 3
293 3
294 6
295 5
296 3
297 5
298 7
299 3
300 3
301 5
302 5
303 5
304 4
305 6
306 6
307 4
308 3
309 3
310 4
311 5
312 4
313 5
314 5
315 4
316 4
317 4
318 5
319 6
320 4
321 4
322 6
323 5
324 4
325 6
326 5
327 3
328 5
329 5
330 4
331 5
332 4
333 4
334 3
335 6
336 4
337 3
338 4
339 3
340 4
341 5
342 5
343 6
344 4
345 5
346 4
347 5
348 4
349 4
350 4
351 4
352 4
353 5
354 5
355 3
356 2
357 4
358 3
359 4
360 4
361 4
362 2
363 2
364 4
365 4
366 3
367 4
368 3
369 4
370 4
371 6
372 7
373 3
374 4
375 2
376 5
377 5
378 5
379 4
380 4
381 4
382 5
383 3
384 6
385 3
386 6
387 3
388 4
389 6
390 4
391 5
392 4
393 4
394 5
395 4
396 5
397 3
398 5
399 5
400 4
401 4
402 3
403 4
404 4
405 4
406 5
407 4
408 4
409 4
410 6
411 2
412 7
413 5
414 5
415 3
416 5
417 3
418 2
419 3
420 2
421 4
422 1
423 2
424 5
425 4
426 3
427 4
428 6
429 4
430 4
431 4
432 3
433 3
434 4
435 8
436 3
437 3
438 7
439 4
440 5
441 6
442 4
443 3
444 4
445 4
446 4
447 4
448 4
449 4
450 3
451 3
452 3
453 2
454 4
455 2
456 2
457 3
458 4
459 2
460 4
461 3
462 3
463 3
464 3
465 3
466 3
467 2
468 3
469 2
470 4
471 0
472 3
473 4
474 4
475 3
476 1
477 3
478 4
479 3
480 2
481 2
482 2
483 3
484 3
485 1
486 2
487 3
488 4
489 2
490 3
491 4
492 4
493 3
494 4
495 2
496 3
497 4
498 2
499 3
500 3
501 3
502 3
503 3
504 4
505 2
506 3
507 4
508 2
509 3
510 4
511 3
512 2
513 1
514 3
515 2
516 4
517 3
518 2
519 3
520 2
521 3
522 3
523 1
524 3
525 1
526 3
527 2
528 3
529 2
530 3
531 1
532 2
533 3
534 3
535 2
536 2
537 3
538 2
539 3
540 3
541 1
542 4
543 3
544 2
545 2
546 4
547 3
548 3
549 1
550 2
551 4
552 3
553 3
554 3
555 3
556 2
557 3
558 1
559 3
560 4
561 2
562 2
563 1
564 3
565 3
566 3
567 2
568 2
569 3
570 2
571 3
572 3
573 3
574 5
575 3
576 3
577 2
578 3
579 2
580 2
581 2
582 0
583 2
584 1
585 4
586 4
587 1
588 3
589 2
590 3
591 3
592 3
593 2
594 2
595 3
596 3
597 3
598 3
599 3
600 3
601 3
602 2
603 3
604 5
605 5
606 3
607 3
608 0
609 3
610 3
611 3
612 3
613 3
614 3
615 3
616 1
617 3
618 3
619 3
620 4
621 4
622 3
623 5
624 4
625 3
626 3
627 4
628 4
629 4
630 5
631 5
632 6
633 4
634 3
635 4
636 4
637 4
638 5
639 3
640 3
641 4
642 4
643 4
644 5
645 4
646 5
647 4
648 6
649 6
650 3
651 3
652 5
653 4
654 3
655 3
656 3
657 3
658 4
659 3
660 4
661 4
662 4
663 3
664 5
665 3
666 3
667 3
668 3
669 3
670 4
671 3
672 3
673 4
674 4
675 3
676 4
677 4
678 3
679 5
680 3
681 3
682 3
683 3
684 3
685 5
686 5
687 4
688 2
689 5
690 4
691 4
692 3
693 4
694 4
695 4
696 5
697 3
698 4
699 4
700 5
701 2
702 3
703 5
704 3
705 5
706 4
707 3
708 5
709 4
710 3
711 3
712 4
713 3
714 3
715 4
716 3
717 3
718 4
719 3
720 3
721 3
722 5
723 4
724 4
725 3
726 3
727 4
728 5
729 5
730 4
731 4
732 4
733 3
734 3
735 4
736 4
737 3
738 3
739 3
740 4
741 2
742 5
743 4
744 1
745 3
746 4
747 3
748 2
749 5
750 3
751 4
752 2
753 4
754 5
755 3
756 2
757 4
758 3
759 3
760 5
761 4
762 5
763 4
764 6
765 3
766 3
767 6
768 2
769 3
770 2
771 4
772 3
773 3
774 6
775 3
776 1
777 2
778 4
779 2
780 3
781 3
782 3
783 4
784 3
785 4
786 3
787 5
788 5
789 5
790 4
791 4
792 4
793 2
794 4
795 2
796 3
797 2
798 4
799 4
800 4
801 3
802 1
803 4
804 3
805 2
806 4
807 3
808 2
809 3
810 1
811 3
812 4
813 3
814 2
815 2
816 2
817 2
818 2
819 2
820 3
821 2
822 2
823 1
824 2
825 2
826 2
827 2
828 2
829 2
830 1
831 3
832 4
833 3
834 3
835 1
836 3
837 3
838 3
839 4
840 2
841 2
842 3
843 3
844 3
845 3
846 4
847 3
848 2
849 2
850 2
851 2
852 1
853 1
854 3
855 1
856 1
857 2
858 2
859 3
860 2
861 3
862 3
863 3
864 2
865 4
866 1
867 2
868 2
869 2
870 2
871 3
872 4
873 4
874 2
875 1
876 3
877 3
878 2
879 2
880 3
881 3
882 3
883 3
884 3
885 3
886 3
887 2
888 3
889 3
890 4
891 2
892 2
893 2
894 4
895 2
896 2
897 3
898 4
899 3
900 2
901 1
902 4
903 2
904 3
905 2
906 2
907 3
908 1
909 2
910 2
911 2
912 3
913 2
914 2
915 2
916 2
917 2
918 4
919 3
920 3
921 3
922 3
923 4
924 4
925 4
926 3
927 2
928 3
929 2
930 4
931 3
932 3
933 3
934 2
935 4
936 2
937 3
938 3
939 3
940 2
941 3
942 3
943 2
944 2
945 4
946 2
947 2
948 2
949 3
950 1
951 3
952 3
953 3
954 3
955 3
956 2
957 4
958 3
959 3
960 2
961 2
962 2
963 1
964 3
965 3
966 3
967 3
968 2
969 2
970 4
971 3
972 2
973 2
974 2
975 3
976 2
977 3
978 3
979 3
980 2
981 3
982 2
983 2
984 2
985 4
986 3
987 4
988 2
989 4
990 3
991 3
992 3
993 4
994 3
995 4
996 2
997 4
998 2
999 2
1000 4
1001 2
0 8
1 8
2 5
3 5
4 4
5 6
6 2
7 6
8 6
9 6
10 6
11 5
12 5
13 4
14 6
15 5
16 3
17 3
18 3
19 4
20 5
21 4
22 5
23 3
24 4
25 5
26 2
27 5
28 6
29 6
30 8
31 6
32 4
33 5
34 6
35 6
36 6
37 5
38 5
39 4
40 7
41 6
42 5
43 7
44 5
45 5
46 4
47 5
48 4
49 5
50 5
51 7
52 5
53 7
54 5
55 5
56 4
57 5
58 6
59 8
60 4
61 7
62 7
63 7
64 4
65 3
66 5
67 6
68 4
69 7
70 6
71 4
72 8
73 8
74 5
75 5
76 4
77 7
78 6
79 6
80 5
81 7
82 6
83 3
84 3
85 6
86 6
87 6
88 7
89 5
90 5
91 6
92 3
93 6
94 5
95 7
96 6
97 4
98 6
99 4
100 5
101 6
102 6
103 5
104 7
105 5
106 4
107 6
108 5
109 6
110 7
111 5
112 5
113 5
114 8
115 6
116 5
117 5
118 7
119 5
120 6
121 5
122 4
123 6
124 4
125 7
126 6
127 6
128 6
129 7
130 4
131 5
132 7
133 6
134 4
135 6
136 9
137 7
138 5
139 5
140 6
141 5
142 6
143 6
144 7
145 6
146 4
147 4
148 5
149 5
150 6
151 7
152 6
153 7
154 7
155 6
156 9
157 6
158 7
159 7
160 6
161 6
162 7
163 6
164 6
165 6
166 5
167 6
168 7
169 6
170 5
171 7
172 7
173 6
174 5
175 7
176 6
177 6
178 7
179 6
180 7
181 5
182 5
183 5
184 4
185 5
186 8
187 6
188 4
189 7
190 5
191 6
192 5
193 6
194 5
195 6
196 2
197 7
198 6
199 6
200 3
201 6
202 7
203 6
204 4
205 6
206 7
207 5
208 7
209 3
210 5
211 5
212 5
213 6
214 8
215 4
216 5
217 5
218 4
219 6
220 6
221 6
222 4
223 6
224 7
225 7
226 6
227 4
228 7
229 7
230 4
231 5
232 4
233 4
234 3
235 4
236 2
237 5
238 5
239 5
240 5
241 5
242 3
243 6
244 4
245 6
246 5
247 6
248 6
249 4
250 4
251 5
252 4
253 5
254 6
255 3
256 3
257 5
258 4
259 4
260 3
261 2
262 5
263 5
264 3
265 4
266 3
267 3
268 3
269 6
270 6
271 6
272 3
273 4
274 6
275 3
276 5
277 5
278 5
279 4
280 3
281 6
282 5
283 4
284 6
285 6
286 7
287 6
288 4
289 5
290 5
291 3
292 5
293 5
294 4
295 6
296 5
297 4
298 3
299 5
300 5
301 6
302 7
303 6
304 6
305 5
306 6
307 5
308 4
309 5
310 5
311 5
312 5
313 2
314 4
315 6
316 3
317 3
318 6
319 5
320 4
321 6
322 4
323 5
324 5
325 4
326 4
327 6
328 4
329 4
330 4
331 6
332 4
333 3
334 2
335 2
336 7
337 5
338 1
339 6
340 4
341 3
342 4
343 5
344 3
345 3
346 5
347 4
348 4
349 3
350 3
351 6
352 4
353 3
354 3
355 5
356 6
357 5
358 5
359 5
360 5
361 5
362 3
363 4
364 6
365 3
366 2
367 4
368 5
369 5
370 4
371 5
372 5
373 4
374 5
375 7
376 6
377 4
378 5
379 4
380 4
381 4
382 5
383 6
384 6
385 4
386 5
387 5
388 7
389 4
390 2
391 5
392 6
393 5
394 4
395 5
396 5
397 4
398 3
399 5
400 6
401 6
402 2
403 5
404 5
405 4
406 5
407 4
408 4
409 6
410 4
411 5
412 4
413 5
414 7
415 5
416 5
417 1
418 5
419 4
420 7
421 5
422 5
423 5
424 4
425 5
426 4
427 4
428 4
429 5
430 4
431 4
432 5
433 5
434 6
435 4
436 6
437 5
438 5
439 5
440 6
441 4
442 4
443 7
444 5
445 4
446 3
447 6
448 5
449 5
450 5
451 4
452 3
453 5
454 5
455 8
456 5
457 4
458 4
459 6
460 6
461 4
462 6
463 5
464 7
465 3
466 5
467 5
468 4
469 4
470 6
471 4
472 6
473 4
474 5
475 5
476 6
477 4
478 4
479 3
480 3
481 2
482 3
483 6
484 5
485 3
486 5
487 4
488 5
489 5
490 3
491 5
492 2
493 3
494 4
495 6
496 6
497 5
498 3
499 7
500 4
501 5
502 6
503 4
504 4
505 5
506 4
507 4
508 4
509 4
510 5
511 5
512 4
513 4
514 6
515 3
516 5
517 5
518 4
519 4
520 6
521 7
522 4
523 8
524 4
525 6
526 4
527 5
528 5
529 3
530 5
531 4
532 5
533 7
534 4
535 6
536 4
537 4
538 5
539 5
540 6
541 6
542 3
543 4
544 3
545 5
546 5
547 5
548 2
549 3
550 4
551 4
552 4
553 5
554 5
555 4
556 5
557 4
558 4
559 4
560 5
561 4
562 5
563 5
564 4
565 5
566 4
567 5
568 5
569 4
570 6
571 5
572 5
573 5
574 6
575 6
576 5
577 5
578 3
579 5
580 4
581 6
582 5
583 5
584 6
585 7
586 5
587 4
588 6
589 4
590 5
591 3
592 3
593 5
594 4
595 8
596 4
597 5
598 5
599 3
600 6
601 6
602 7
603 6
604 3
605 6
606 4
607 5
608 6
609 4
610 6
611 6
612 5
613 6
614 6
615 5
616 6
617 6
618 7
619 3
620 4
621 5
622 6
623 5
624 3
625 7
626 3
627 5
628 3
629 5
630 5
631 6
632 4
633 5
634 4
635 4
636 4
637 5
638 6
639 6
640 5
641 7
642 6
643 5
644 5
645 5
646 5
647 4
648 4
649 4
650 4
651 4
652 5
653 5
654 6
655 4
656 4
657 6
658 4
659 4
660 4
661 5
662 5
663 6
664 7
665 6
666 4
667 4
668 5
669 4
670 3
671 5
672 5
673 5
674 4
675 5
676 6
677 5
678 6
679 7
680 8
681 4
682 5
683 4
684 1
685 6
686 7
687 5
688 5
689 4
690 3
691 5
692 6
693 5
694 6
695 7
696 5
697 6
698 5
699 4
700 5
701 4
702 5
703 4
704 7
705 5
706 4
707 5
708 6
709 3
710 4
711 5
712 5
713 5
714 6
715 6
716 5
717 5
718 5
719 5
720 5
721 5
722 4
723 4
724 5
725 5
726 3
727 6
728 4
729 6
730 5
731 4
732 5
733 5
734 4
735 6
736 4
737 5
738 5
739 4
740 5
741 6
742 7
743 4
744 4
745 4
746 5
747 5
748 6
749 5
750 5
751 5
752 5
753 5
754 4
755 5
756 6
757 5
758 3
759 6
760 6
761 4
762 3
763 4
764 3
765 3
766 4
767 4
768 7
769 6
770 6
771 5
772 5
773 5
774 5
775 7
776 6
777 6
778 6
779 5
780 3
781 6
782 4
783 4
784 6
785 5
786 4
787 6
788 6
789 3
790 6
791 6
792 4
793 6
794 5
795 5
796 4
797 4
798 3
799 3
800 5
801 4
802 4
803 5
804 6
805 4
806 4
807 4
808 5
809 5
810 2
811 5
812 5
813 4
814 3
815 4
816 5
817 5
818 7
819 5
820 4
821 6
822 5
823 5
824 3
825 3
826 5
827 4
828 4
829 4
830 5
831 4
832 5
833 4
834 5
835 5
836 4
837 5
838 4
839 4
840 5
841 4
842 3
843 7
844 4
845 3
846 2
847 3
848 5
849 3
850 3
851 4
852 4
853 4
854 2
855 4
856 4
857 4
858 4
859 4
860 2
861 5
862 4
863 3
864 4
865 5
866 4
867 4
868 3
869 5
870 5
871 3
872 5
873 4
874 4
875 5
876 4
877 4
878 3
879 4
880 4
881 4
882 5
883 4
884 2
885 5
886 4
887 2
888 4
889 3
890 4
891 5
892 5
893 5
894 4
895 4
896 4
897 3
898 5
899 4
900 3
901 5
902 3
903 4
904 3
905 4
906 3
907 4
908 4
909 5
910 4
911 4
912 4
913 5
914 5
915 4
916 4
917 3
918 3
919 5
920 4
921 5
922 3
923 4
924 3
925 4
926 4
927 4
928 5
929 3
930 6
931 5
932 5
933 4
934 6
935 4
936 5
937 5
938 4
939 3
940 5
941 3
942 4
943 3
944 4
945 6
946 4
947 4
948 4
949 3
950 3
951 3
952 4
953 5
954 3
955 4
956 3
957 5
958 6
959 4
960 5
961 5
962 4
963 4
964 4
965 2
966 3
967 4
968 4
969 5
970 4
971 2
972 4
973 4
974 5
975 4
976 3
977 5
978 4
979 4
980 4
981 5
982 5
983 4
984 5
985 5
986 4
987 4
988 4
989 4
990 4
991 4
992 4
993 4
994 4
995 4
996 4
997 4
998 4
999 5
1000 4
1001 3
0 4
1 1
2 2
3 2
4 1
5 1
6 2
7 2
8 2
9 2
10 3
11 0
12 3
13 1
14 2
15 2
16 2
17 1
18 2
19 2
20 2
21 2
22 2
23 1
24 2
25 4
26 3
27 2
28 3
29 2
30 3
31 2
32 3
33 3
34 2
35 2
36 3
37 3
38 2
39 1
40 3
41 1
42 3
43 3
44 2
45 2
46 2
47 3
48 3
49 1
50 3
51 4
52 2
53 2
54 1
55 3
56 2
57 3
58 3
59 2
60 2
61 2
62 2
63 3
64 2
65 2
66 2
67 3
68 1
69 2
70 3
71 3
72 3
73 3
74 2
75 2
76 3
77 2
78 2
79 3
80 2
81 2
82 2
83 3
84 3
85 2
86 2
87 2
88 4
89 3
90 0
91 3
92 4
93 3
94 2
95 2
96 3
97 1
98 4
99 3
100 1
101 2
102 2
103 1
104 3
105 3
106 1
107 1
108 2
109 2
110 2
111 3
112 1
113 2
114 0
115 2
116 4
117 1
118 2
119 0
120 2
121 2
122 1
123 3
124 4
125 3
126 3
127 3
128 2
129 2
130 3
131 2
132 3
133 2
134 1
135 2
136 3
137 2
138 5
139 2
140 3
141 3
142 3
143 3
144 5
145 4
146 3
147 2
148 1
149 3
150 3
151 2
152 3
153 4
154 1
155 1
156 2
157 4
158 1
159 4
160 2
161 4
162 3
163 3
164 2
165 1
166 1
167 2
168 2
169 1
170 3
171 2
172 1
173 4
174 3
175 4
176 3
177 2
178 3
179 2
180 3
181 3
182 1
183 2
184 3
185 3
186 2
187 2
188 2
189 1
190 1
191 2
192 3
193 4
194 1
195 4
196 2
197 3
198 1
199 1
200 3
201 3
202 2
203 2
204 1
205 2
206 3
207 1
208 2
209 2
210 3
211 4
212 2
213 3
214 4
215 2
216 4
217 2
218 2
219 2
220 2
221 2
222 3
223 3
224 2
225 3
226 2
227 2
228 1
229 2
230 1
231 1
232 2
233 2
234 1
235 3
236 2
237 3
238 2
239 1
240 3
241 2
242 1
243 2
244 2
245 1
246 2
247 2
248 2
249 1
250 0
251 3
252 2
253 3
254 3
255 2
256 2
257 2
258 2
259 3
260 2
261 4
262 1
263 3
264 3
265 3
266 2
267 1
268 0
269 1
270 3
271 2
272 1
273 2
274 2
275 2
276 4
277 3
278 1
279 3
280 1
281 4
282 1
283 2
284 2
285 2
286 4
287 2
288 1
289 2
290 2
291 2
292 3
293 2
294 3
295 2
296 3
297 1
298 2
299 3
300 4
301 3
302 1
303 2
304 1
305 1
306 2
307 3
308 4
309 2
310 1
311 1
312 1
313 2
314 2
315 3
316 3
317 3
318 3
319 3
320 3
321 2
322 1
323 2
324 1
325 2
326 3
327 4
328 4
329 3
330 2
331 3
332 3
333 3
334 2
335 2
336 3
337 3
338 2
339 3
340 1
341 2
342 2
343 4
344 2
345 2
346 3
347 2
348 3
349 2
350 2
351 2
352 2
353 2
354 2
355 3
356 2
357 2
358 2
359 2
360 4
361 2
362 2
363 2
364 3
365 3
366 2
367 2
368 1
369 2
370 2
371 3
372 2
373 2
374 2
375 2
376 2
377 2
378 2
379 4
380 3
381 4
382 1
383 3
384 3
385 2
386 2
387 1
388 2
389 4
390 4
391 2
392 3
393 3
394 1
395 3
396 1
397 3
398 2
399 2
400 3
401 3
402 2
403 2
404 2
405 3
406 1
407 3
408 2
409 3
410 3
411 3
412 2
413 4
414 3
415 2
416 2
417 3
418 1
419 3
420 3
421 4
422 0
423 3
424 2
425 3
426 3
427 4
428 2
429 2
430 3
431 2
432 2
433 3
434 3
435 3
436 2
437 3
438 2
439 3
440 3
441 3
442 3
443 2
444 2
445 2
446 1
447 3
448 2
449 2
450 2
451 1
452 2
453 1
454 3
455 2
456 1
457 2
458 1
459 2
460 3
461 2
462 2
463 2
464 2
465 2
466 2
467 3
468 2
469 3
470 3
471 1
472 3
473 2
474 2
475 3
476 2
477 2
478 2
479 2
480 2
481 2
482 1
483 2
484 2
485 2
486 2
487 2
488 2
489 2
490 3
491 3
492 3
493 2
494 2
495 3
496 2
497 3
498 3
499 2
500 2
501 2
502 2
503 3
504 3
505 3
506 3
507 2
508 3
509 3
510 1
511 2
512 2
513 3
514 1
515 3
516 2
517 2
518 2
519 3
520 1
521 2
522 3
523 3
524 3
525 1
526 1
527 1
528 1
529 2
530 2
531 2
532 2
533 2
534 1
535 3
536 2
537 1
538 2
539 1
540 2
541 1
542 2
543 1
544 1
545 2
546 3
547 4
548 2
549 2
550 4
551 2
552 1
553 1
554 2
555 0
556 2
557 1
558 1
559 1
560 1
561 1
562 1
563 2
564 1
565 1
566 2
567 2
568 2
569 1
570 1
571 1
572 2
573 2
574 1
575 2
576 1
577 1
578 0
579 1
580 0
581 1
582 1
583 2
584 2
585 1
586 1
587 2
588 1
589 1
590 1
591 1
592 1
593 1
594 0
595 2
596 1
597 1
598 2
599 2
600 2
601 1
602 1
603 1
604 1
605 2
606 1
607 0
608 2
609 1
610 1
611 1
612 1
613 1
614 0
615 2
616 2
617 2
618 2
619 1
620 1
621 1
622 1
623 1
624 1
625 2
626 1
627 1
628 2
629 2
630 3
631 3
632 2
633 2
634 2
635 4
636 4
637 2
638 0
639 2
640 1
641 0
642 1
643 2
644 2
645 1
646 1
647 2
648 1
649 3
650 2
651 2
652 2
653 4
654 3
655 3
656 3
657 3
658 1
659 3
660 2
661 4
662 1
663 2
664 1
665 1
666 1
667 2
668 1
669 2
670 1
671 2
672 1
673 2
674 2
675 1
676 3
677 2
678 2
679 1
680 1
681 0
682 0
683 1
684 1
685 1
686 1
687 1
688 1
689 1
690 3
691 2
692 1
693 2
694 1
695 1
696 2
697 0
698 0
699 2
700 1
701 1
702 1
703 1
704 1
705 0
706 1
707 1
708 3
709 1
710 3
711 2
712 1
713 2
714 1
715 1
716 2
717 1
718 2
719 1
720 3
721 0
722 2
723 1
724 1
725 1
726 2
727 3
728 1
729 1
730 2
731 1
732 2
733 2
734 0
735 1
736 1
737 0
738 0
739 1
740 0
741 0
742 1
743 2
744 1
745 1
746 1
747 1
748 1
749 0
750 2
751 1
752 3
753 1
754 2
755 1
756 2
757 1
758 1
759 2
760 2
761 1
762 1
763 1
764 2
765 1
766 1
767 0
768 2
769 2
770 1
771 3
772 1
773 1
774 0
775 2
776 2
777 1
778 1
779 1
780 0
781 1
782 1
783 3
784 2
785 2
786 2
787 2
788 2
789 1
790 1
791 1
792 2
793 2
794 2
795 1
796 2
797 2
798 1
799 2
800 1
801 1
802 1
803 1
804 2
805 1
806 1
807 1
808 2
809 1
810 2
811 1
812 2
813 2
814 2
815 1
816 0
817 2
818 1
819 0
820 2
821 2
822 2
823 1
824 1
825 2
826 1
827 0
828 2
829 0
830 2
831 2
832 2
833 1
834 1
835 2
836 3
837 1
838 2
839 3
840 1
841 1
842 3
843 2
844 2
845 2
846 2
847 1
848 1
849 1
850 2
851 2
852 1
853 3
854 2
855 1
856 2
857 2
858 1
859 2
860 1
861 2
862 1
863 2
864 1
865 1
866 2
867 1
868 1
869 1
870 2
871 2
872 2
873 2
874 1
875 1
876 1
877 2
878 2
879 2
880 0
881 1
882 1
883 1
884 2
885 2
886 2
887 2
888 3
889 1
890 2
891 1
892 2
893 0
894 0
895 1
896 2
897 3
898 2
899 2
900 2
901 1
902 1
903 1
904 1
905 1
906 1
907 2
908 2
909 2
910 2
911 2
912 1
913 3
914 2
915 3
916 3
917 3
918 3
919 2
920 3
921 1
922 1
923 3
924 2
925 2
926 2
927 1
928 2
929 2
930 2
931 2
932 2
933 1
934 2
935 1
936 1
937 1
938 2
939 2
940 0
941 2
942 2
943 2
944 1
945 3
946 3
947 2
948 3
949 1
950 2
951 1
952 3
953 1
954 3
955 1
956 1
957 1
958 3
959 3
960 2
961 0
962 1
963 3
964 1
965 1
966 2
967 1
968 0
969 1
970 2
971 0
972 1
973 3
974 2
975 2
976 2
977 2
978 1
979 1
980 1
981 2
982 3
983 3
984 2
985 3
986 3
987 2
988 3
989 2
990 2
991 1
992 1
993 3
994 1
995 2
996 1
997 1
998 1
999 2
1000 2
1001 1
0 0
1 0
2 0
3 0
4 0
5 0
6 0
7 0
8 0
9 0
10 0
11 0
12 0
13 0
14 0
15 0
16 0
17 0
18 0
19 0
20 0
21 0
22 0
23 0
24 0
25 0
26 0
27 0
28 0
29 0
30 0
31 0
32 0
33 0
34 0
35 0
36 0
37 0
38 0
39 0
40 0
41 0
42 0
43 0
44 0
45 0
46 0
47 0
48 0
49 0
50 0
51 0
52 0
53 0
54 0
55 0
56 0
57 0
58 0
59 0
60 0
61 0
62 0
63 0
64 0
65 0
66 0
67 0
68 0
69 0
70 0
71 0
72 0
73 0
74 0
75 0
76 1
77 0
78 0
79 0
80 0
81 0
82 0
83 0
84 0
85 0
86 0
87 0
88 0
89 0
90 0
91 0
92 0
93 0
94 0
95 0
96 0
97 0
98 0
99 0
100 0
101 0
102 0
103 0
104 0
105 0
106 0
107 0
108 0
109 0
110 0
111 0
112 0
113 0
114 0
115 0
116 0
117 0
118 0
119 0
120 0
121 0
122 0
123 0
124 0
125 0
126 0
127 0
128 0
129 0
130 0
131 0
132 0
133 0
134 0
135 0
136 0
137 0
138 0
139 0
140 0
141 0
142 0
143 0
144 0
145 0
146 0
147 0
148 0
149 0
150 0
151 0
152 0
153 0
154 0
155 0
156 0
157 0
158 0
159 0
160 0
161 0
162 0
163 0
164 0
165 0
166 0
167 0
168 0
169 0
170 0
171 0
172 0
173 0
174 0
175 0
176 0
177 0
178 0
179 0
180 0
181 0
182 0
183 0
184 0
185 0
186 0
187 0
188 0
189 0
190 0
191 0
192 0
193 0
194 0
195 0
196 0
197 0
198 0
199 0
200 0
201 0
202 0
203 0
204 0
205 0
206 0
207 0
208 0
209 0
210 0
211 0
212 0
213 0
214 0
215 0
216 0
217 0
218 0
219 0
220 0
221 0
222 0
223 1
224 0
225 0
226 1
227 1
228 1
229 1
230 1
231 0
232 1
233 0
234 0
235 0
236 0
237 0
238 0
239 0
240 0
241 0
242 0
243 0
244 0
245 0
246 0
247 1
248 0
249 0
250 0
251 0
252 1
253 0
254 0
255 0
256 0
257 0
258 0
259 0
260 0
261 0
262 0
263 0
264 0
265 0
266 0
267 0
268 0
269 0
270 0
271 0
272 0
273 0
274 0
275 0
276 0
277 0
278 0
279 0
280 0
281 0
282 0
283 0
284 0
285 0
286 1
287 1
288 0
289 0
290 0
291 0
292 0
293 0
294 0
295 0
296 0
297 0
298 0
299 0
300 0
301 0
302 0
303 0
304 0
305 0
306 0
307 0
308 0
309 0
310 0
311 0
312 0
313 0
314 0
315 0
316 0
317 0
318 0
319 0
320 0
321 0
322 0
323 0
324 0
325 0
326 0
327 0
328 0
329 0
330 1
331 0
332 0
333 0
334 0
335 0
336 0
337 0
338 0
339 0
340 0
341 0
342 0
343 0
344 0
345 0
346 0
347 0
348 0
349 0
350 0
351 0
352 0
353 0
354 0
355 0
356 0
357 0
358 0
359 0
360 0
361 0
362 0
363 0
364 0
365 0
366 0
367 0
368 0
369 0
370 0
371 0
372 0
373 0
374 0
375 0
376 0
377 0
378 0
379 0
380 0
381 0
382 0
383 0
384 0
385 0
386 0
387 0
388 0
389 0
390 0
391 0
392 0
393 0
394 0
395 0
396 0
397 0
398 0
399 0
400 0
401 0
402 0
403 0
404 0
405 0
406 0
407 0
408 0
409 0
410 0
411 0
412 0
413 0
414 0
415 0
416 0
417 0
418 0
419 0
420 0
421 0
422 0
423 0
424 0
425 0
426 0
427 0
428 0
429 0
430 0
431 0
432 0
433 0
434 0
435 0
436 0
437 0
438 0
439 0
440 0
441 0
442 0
443 0
444 0
445 0
446 0
447 0
448 0
449 0
450 0
451 0
452 0
453 0
454 0
455 0
456 0
457 0
458 0
459 0
460 0
461 0
462 0
463 0
464 0
465 0
466 0
467 0
468 0
469 0
470 0
471 0
472 0
473 0
474 0
475 0
476 0
477 0
478 0
479 0
480 0
481 0
482 0
483 0
484 0
485 0
486 0
487 0
488 0
489 0
490 0
491 0
492 0
493 0
494 0
495 0
496 0
497 0
498 0
499 0
500 0
501 0
502 0
503 0
504 0
505 0
506 0
507 0
508 0
509 0
510 0
511 0
512 0
513 0
514 0
515 0
516 0
517 0
518 0
519 0
520 0
521 0
522 0
523 0
524 0
525 0
526 0
527 0
528 0
529 0
530 0
531 0
532 0
533 0
534 0
535 0
536 0
537 0
538 0
539 0
540 0
541 0
542 0
543 0
544 0
545 0
546 0
547 0
548 0
549 0
550 0
551 0
552 0
553 0
554 0
555 0
556 0
557 0
558 0
559 0
560 0
561 0
562 0
563 0
564 0
565 0
566 0
567 0
568 0
569 0
570 0
571 0
572 0
573 0
574 0
575 0
576 0
577 0
578 0
579 0
580 0
581 0
582 0
583 0
584 0
585 0
586 0
587 0
588 0
589 0
590 0
591 0
592 0
593 0
594 0
595 0
596 0
597 0
598 0
599 0
600 0
601 0
602 0
603 0
604 0
605 0
606 0
607 0
608 0
609 0
610 0
611 0
612 0
613 0
614 0
615 0
616 0
617 0
618 0
619 0
620 0
621 0
622 0
623 0
624 0
625 0
626 0
627 0
628 0
629 0
630 0
631 0
632 0
633 0
634 0
635 0
636 0
637 0
638 0
639 0
640 0
641 0
642 0
643 0
644 0
645 0
646 0
647 0
648 0
649 0
650 0
651 0
652 0
653 0
654 0
655 0
656 0
657 0
658 0
659 0
660 0
661 0
662 0
663 0
664 0
665 0
666 0
667 0
668 0
669 0
670 0
671 0
672 0
673 0
674 0
675 0
676 0
677 0
678 0
679 0
680 0
681 0
682 0
683 0
684 0
685 0
686 0
687 0
688 0
689 0
690 0
691 0
692 0
693 0
694 0
695 0
696 0
697 0
698 0
699 0
700 0
701 0
702 0
703 0
704 0
705 0
706 0
707 0
708 0
709 0
710 0
711 0
712 0
713 0
714 0
715 0
716 0
717 0
718 0
719 0
720 0
721 0
722 0
723 0
724 0
725 0
726 0
727 0
728 0
729 0
730 0
731 0
732 0
733 0
734 0
735 0
736 0
737 0
738 0
739 0
740 0
741 0
742 0
743 0
744 0
745 0
746 0
747 0
748 0
749 0
750 0
751 0
752 0
753 0
754 0
755 0
756 0
757 0
758 0
759 0
760 0
761 0
762 0
763 0
764 0
765 0
766 0
767 0
768 0
769 0
770 0
771 0
772 0
773 0
774 0
775 0
776 0
777 0
778 0
779 0
780 0
781 0
782 0
783 0
784 0
785 0
786 0
787 0
788 0
789 0
790 0
791 0
792 0
793 0
794 0
795 0
796 0
797 0
798 0
799 0
800 0
801 0
802 0
803 0
804 0
805 0
806 0
807 0
808 0
809 0
810 0
811 0
812 0
813 0
814 0
815 0
816 0
817 0
818 0
819 0
820 0
821 0
822 0
823 0
824 0
825 0
826 0
827 0
828 0
829 0
830 0
831 0
832 0
833 0
834 0
835 0
836 0
837 0
838 0
839 0
840 0
841 0
842 0
843 0
844 0
845 0
846 0
847 0
848 0
849 0
850 0
851 0
852 0
853 0
854 0
855 0
856 0
857 0
858 0
859 0
860 0
861 0
862 0
863 0
864 0
865 0
866 0
867 0
868 0
869 0
870 0
871 0
872 0
873 0
874 0
875 0
876 0
877 0
878 0
879 0
880 0
881 0
882 0
883 0
884 0
885 0
886 0
887 0
888 0
889 0
890 0
891 0
892 0
893 0
894 0
895 0
896 0
897 0
898 0
899 0
900 0
901 0
902 0
903 0
904 0
905 0
906 0
907 0
908 0
909 0
910 0
911 0
912 0
913 0
914 0
915 0
916 0
917 0
918 0
919 0
920 0
921 0
922 0
923 0
924 0
925 0
926 0
927 0
928 0
929 0
930 0
931 0
932 0
933 0
934 0
935 0
936 0
937 0
938 0
939 0
940 0
941 0
942 0
943 0
944 0
945 0
946 0
947 0
948 0
949 0
950 0
951 0
952 0
953 0
954 0
955 0
956 0
957 0
958 0
959 0
960 0
961 0
962 0
963 0
964 0
965 0
966 0
967 0
968 0
969 0
970 0
971 0
972 0
973 0
974 0
975 0
976 0
977 0
978 0
979 0
980 0
981 0
982 0
983 0
984 0
985 0
986 0
987 0
988 0
989 0
990 0
991 0
992 0
993 0
994 0
995 0
996 0
997 0
998 0
999 0
1000 0
1001 0
0 0
1 0
2 0
3 0
4 0
5 0
6 0
7 0
8 0
9 0
10 0
11 0
12 0
13 0
14 0
15 0
16 0
17 0
18 0
19 0
20 0
21 0
22 0
23 0
24 0
25 0
26 0
27 0
28 0
29 0
30 0
31 0
32 0
33 0
34 0
35 0
36 0
37 0
38 0
39 0
40 0
41 0
42 0
43 0
44 0
45 0
46 0
47 0
48 0
49 0
50 0
51 0
52 0
53 0
54 0
55 0
56 0
57 0
58 0
59 0
60 0
61 0
62 0
63 0
64 0
65 0
66 0
67 0
68 0
69 0
70 0
71 0
72 0
73 0
74 0
75 0
76 0
77 0
78 0
79 0
80 0
81 0
82 0
83 0
84 0
85 0
86 0
87 0
88 0
89 0
90 0
91 0
92 0
93 0
94 0
95 0
96 0
97 0
98 0
99 0
100 0
101 0
102 0
103 0
104 0
105 0
106 0
107 0
108 0
109 0
110 0
111 0
112 0
113 0
114 0
115 0
116 0
117 0
118 0
119 0
120 0
121 0
122 0
123 0
124 0
125 0
126 0
127 0
128 0
129 0
130 0
131 0
132 0
133 0
134 0
135 0
136 0
137 0
138 0
139 0
140 0
141 0
142 0
143 0
144 0
145 0
146 0
147 0
148 0
149 0
150 0
151 0
152 0
153 0
154 0
155 0
156 0
157 0
158 0
159 0
160 0
161 0
162 0
163 0
164 0
165 0
166 0
167 0
168 0
169 0
170 0
171 0
172 0
173 0
174 0
175 0
176 0
177 0
178 0
179 0
180 0
181 0
182 0
183 0
184 0
185 0
186 0
187 0
188 0
189 0
190 0
191 0
192 0
193 0
194 0
195 0
196 0
197 0
198 0
199 0
200 0
201 0
202 0
203 0
204 0
205 0
206 0
207 0
208 0
209 0
210 0
211 0
212 0
213 0
214 0
215 0
216 0
217 0
218 0
219 0
220 0
221 0
222 0
223 0
224 0
225 0
226 0
227 0
228 0
229 0
230 0
231 0
232 0
233 0
234 0
235 0
236 0
237 0
238 0
239 0
240 0
241 0
242 0
243 0
244 0
245 0
246 0
247 0
248 0
249 0
250 0
251 0
252 0
253 0
254 0
255 0
256 0
257 0
258 0
259 0
260 0
261 0
262 0
263 0
264 0
265 0
266 0
267 0
268 0
269 0
270 0
271 0
272 0
273 0
274 0
275 0
276 0
277 0
278 0
279 0
280 0
281 0
282 0
283 0
284 0
285 0
286 0
287 0
288 0
289 0
290 0
291 0
292 0
293 0
294 0
295 0
296 0
297 0
298 0
299 0
300 0
301 0
302 0
303 0
304 0
305 0
306 0
307 0
308 0
309 0
310 0
311 0
312 0
313 0
314 0
315 0
316 0
317 0
318 0
319 0
320 0
321 0
322 0
323 0
324 0
325 0
326 0
327 0
328 0
329 0
330 0
331 0
332 0
333 0
334 0
335 0
336 0
337 0
338 0
339 0
340 0
341 0
342 0
343 0
344 0
345 0
346 0
347 0
348 0
349 0
350 0
351 0
352 0
353 0
354 0
355 0
356 0
357 0
358 0
359 0
360 0
361 0
362 0
363 0
364 0
365 0
366 0
367 0
368 0
369 0
370 0
371 0
372 0
373 0
374 0
375 0
376 0
377 0
378 0
379 0
380 0
381 0
382 0
383 0
384 0
385 0
386 0
387 0
388 0
389 0
390 0
391 0
392 0
393 0
394 0
395 0
396 0
397 0
398 0
399 0
400 0
401 0
402 0
403 0
404 0
405 0
406 0
407 0
408 0
409 0
410 0
411 0
412 0
413 0
414 0
415 0
416 0
417 0
418 0
419 0
420 0
421 0
422 0
423 0
424 0
425 0
426 0
427 0
428 0
429 0
430 0
431 0
432 0
433 0
434 0
435 0
436 0
437 0
438 0
439 0
440 0
441 0
442 0
443 0
444 0
445 0
446 0
447 0
448 0
449 0
450 0
451 0
452 0
453 0
454 0
455 0
456 0
457 0
458 0
459 0
460 0
461 0
462 0
463 0
464 0
465 0
466 0
467 0
468 0
469 0
470 0
471 0
472 0
473 0
474 0
475 0
476 0
477 0
478 0
479 0
480 0
481 0
482 0
483 0
484 0
485 0
486 0
487 0
488 0
489 0
490 0
491 0
492 0
493 0
494 0
495 0
496 0
497 0
498 0
499 0
500 0
501 0
502 0
503 0
504 0
505 0
506 0
507 0
508 0
509 0
510 0
511 0
512 0
513 0
514 0
515 0
516 0
517 0
518 0
519 0
520 0
521 0
522 0
523 0
524 0
525 0
526 0
527 0
528 0
529 0
530 0
531 0
532 0
533 0
534 0
535 0
536 0
537 0
538 0
539 0
540 0
541 0
542 0
543 0
544 0
545 0
546 0
547 0
548 0
549 0
550 0
551 0
552 0
553 0
554 0
555 0
556 0
557 0
558 0
559 0
560 0
561 0
562 0
563 0
564 0
565 0
566 0
567 0
568 0
569 0
570 0
571 0
572 0
573 0
574 0
575 0
576 0
577 0
578 0
579 0
580 0
581 0
582 0
583 0
584 0
585 0
586 0
587 0
588 0
589 0
590 0
591 0
592 0
593 0
594 0
595 0
596 0
597 0
598 0
599 0
600 0
601 0
602 0
603 0
604 0
605 0
606 0
607 0
608 0
609 0
610 0
611 0
612 0
613 0
614 0
615 0
616 0
617 0
618 0
619 0
620 0
621 0
622 0
623 0
624 0
625 0
626 0
627 0
628 0
629 0
630 0
631 0
632 0
633 0
634 0
635 0
636 0
637 0
638 0
639 0
640 0
641 0
642 0
643 0
644 0
645 0
646 0
647 0
648 0
649 0
650 0
651 0
652 0
653 0
654 0
655 0
656 0
657 0
658 0
659 0
660 0
661 0
662 0
663 0
664 0
665 0
666 0
667 0
668 0
669 0
670 0
671 0
672 0
673 0
674 0
675 0
676 0
677 0
678 0
679 0
680 0
681 0
682 0
683 0
684 0
685 0
686 0
687 0
688 0
689 0
690 0
691 0
692 0
693 0
694 0
695 0
696 0
697 0
698 0
699 0
700 0
701 0
702 0
703 0
704 0
705 0
706 0
707 0
708 0
709 0
710 0
711 0
712 0
713 0
714 0
715 0
716 0
717 0
718 0
719 0
720 0
721 0
722 0
723 0
724 0
725 0
726 0
727 0
728 0
729 0
730 0
731 0
732 0
733 0
734 0
735 0
736 0
737 0
738 0
739 0
740 0
741 0
742 0
743 0
744 0
745 0
746 0
747 0
748 0
749 0
750 0
751 0
752 0
753 0
754 0
755 0
756 0
757 0
758 0
759 0
760 0
761 0
762 0
763 0
764 0
765 0
766 0
767 0
768 0
769 0
770 0
771 0
772 0
773 0
774 0
775 0
776 0
777 0
778 0
779 0
780 0
781 0
782 0
783 0
784 0
785 0
786 0
787 0
788 0
789 0
790 0
791 0
792 0
793 0
794 0
795 0
796 0
797 0
798 0
799 0
800 0
801 0
802 0
803 0
804 0
805 0
806 0
807 0
808 0
809 0
810 0
811 0
812 0
813 0
814 0
815 0
816 0
817 0
818 0
819 0
820 0
821 0
822 0
823 0
824 0
825 0
826 0
827 0
828 0
829 0
830 0
831 0
832 0
833 0
834 0
835 0
836 0
837 0
838 0
839 0
840 0
841 0
842 0
843 0
844 0
845 0
846 0
847 0
848 0
849 0
850 0
851 0
852 0
853 0
854 0
855 0
856 0
857 0
858 0
859 0
860 0
861 0
862 0
863 0
864 0
865 0
866 0
867 0
868 0
869 0
870 0
871 0
872 0
873 0
874 0
875 0
876 0
877 0
878 0
879 0
880 0
881 0
882 0
883 0
884 0
885 0
886 0
887 0
888 0
889 0
890 0
891 0
892 0
893 0
894 0
895 0
896 0
897 0
898 0
899 0
900 0
901 0
902 0
903 0
904 0
905 0
906 0
907 0
908 0
909 0
910 0
911 0
912 0
913 0
914 0
915 0
916 0
917 0
918 0
919 0
920 0
921 0
922 0
923 0
924 0
925 0
926 0
927 0
928 0
929 0
930 0
931 0
932 0
933 0
934 0
935 0
936 0
937 0
938 0
939 0
940 0
941 0
942 0
943 0
944 0
945 0
946 0
947 0
948 0
949 0
950 0
951 0
952 0
953 0
954 0
955 0
956 0
957 0
958 0
959 0
960 0
961 0
962 0
963 0
964 0
965 0
966 0
967 0
968 0
969 0
970 0
971 0
972 0
973 0
974 0
975 0
976 0
977 0
978 0
979 0
980 0
981 0
982 0
983 0
984 0
985 0
986 0
987 0
988 0
989 0
990 0
991 0
992 0
993 0
994 0
995 0
996 0
997 0
998 0
999 0
1000 0
1001 0
0 0
1 0
2 0
3 0
4 0
5 0
6 0
7 0
8 0
9 0
10 0
11 0
12 0
13 0
14 0
15 0
16 0
17 0
18 0
19 0
20 0
21 0
22 0
23 0
24 0
25 0
26 0
27 0
28 0
29 0
30 0
31 0
32 0
33 0
34 0
35 0
36 1
37 0
38 1
39 2
40 1
41 1
42 1
43 1
44 1
45 1
46 1
47 1
48 1
49 0
50 0
51 0
52 1
53 0
54 0
55 0
56 0
57 0
58 0
59 0
60 1
61 0
62 0
63 0
64 0
65 0
66 0
67 0
68 0
69 0
70 0
71 0
72 0
73 0
74 0
75 0
76 0
77 0
78 0
79 0
80 0
81 0
82 0
83 0
84 0
85 0
86 0
87 0
88 0
89 0
90 0
91 0
92 0
93 0
94 0
95 0
96 0
97 0
98 0
99 0
100 0
101 0
102 0
103 0
104 0
105 0
106 0
107 0
108 0
109 0
110 0
111 0
112 0
113 0
114 0
115 0
116 0
117 0
118 0
119 0
120 0
121 0
122 0
123 0
124 0
125 0
126 0
127 0
128 0
129 0
130 0
131 0
132 0
133 0
134 0
135 0
136 0
137 0
138 0
139 0
140 0
141 0
142 0
143 0
144 0
145 0
146 0
147 0
148 0
149 0
150 0
151 0
152 0
153 0
154 0
155 0
156 0
157 0
158 0
159 0
160 0
161 0
162 0
163 0
164 0
165 0
166 0
167 0
168 0
169 0
170 0
171 0
172 0
173 0
174 0
175 0
176 0
177 0
178 0
179 0
180 0
181 0
182 0
183 0
184 0
185 0
186 0
187 0
188 0
189 0
190 0
191 0
192 0
193 0
194 0
195 0
196 0
197 0
198 0
199 0
200 0
201 0
202 0
203 0
204 0
205 0
206 0
207 0
208 0
209 0
210 0
211 0
212 0
213 0
214 0
215 0
216 0
217 0
218 0
219 0
220 0
221 0
222 0
223 0
224 0
225 0
226 0
227 0
228 0
229 0
230 0
231 0
232 0
233 0
234 0
235 0
236 0
237 0
238 0
239 0
240 0
241 0
242 0
243 0
244 0
245 0
246 0
247 0
248 0
249 0
250 0
251 0
252 0
253 0
254 0
255 0
256 0
257 0
258 0
259 0
260 0
261 0
262 0
263 0
264 0
265 0
266 0
267 0
268 0
269 0
270 0
271 0
272 0
273 0
274 0
275 0
276 0
277 0
278 0
279 0
280 0
281 0
282 0
283 0
284 0
285 0
286 0
287 0
288 0
289 0
290 0
291 0
292 0
293 0
294 0
295 0
296 0
297 0
298 0
299 0
300 0
301 0
302 0
303 0
304 0
305 0
306 0
307 0
308 0
309 0
310 0
311 0
312 0
313 0
314 0
315 0
316 0
317 0
318 0
319 0
320 0
321 0
322 0
323 0
324 0
325 0
326 0
327 0
328 0
329 0
330 0
331 0
332 0
333 0
334 0
335 0
336 0
337 0
338 0
339 0
340 0
341 0
342 0
343 0
344 0
345 0
346 0
347 0
348 0
349 0
350 0
351 0
352 0
353 0
354 0
355 0
356 0
357 0
358 0
359 0
360 0
361 0
362 1
363 0
364 0
365 0
366 0
367 0
368 0
369 0
370 0
371 0
372 0
373 0
374 0
375 0
376 0
377 0
378 0
379 0
380 0
381 0
382 0
383 0
384 0
385 0
386 0
387 0
388 0
389 0
390 0
391 0
392 0
393 0
394 0
395 0
396 0
397 0
398 0
399 0
400 0
401 0
402 0
403 0
404 0
405 0
406 0
407 0
408 0
409 0
410 0
411 0
412 0
413 0
414 0
415 0
416 0
417 0
418 0
419 0
420 0
421 0
422 0
423 0
424 0
425 0
426 0
427 0
428 0
429 0
430 0
431 0
432 0
433 0
434 0
435 0
436 0
437 0
438 0
439 0
440 0
441 0
442 0
443 0
444 0
445 0
446 0
447 0
448 0
449 0
450 0
451 0
452 0
453 0
454 0
455 0
456 0
457 0
458 0
459 0
460 0
461 0
462 0
463 0
464 0
465 0
466 0
467 0
468 0
469 0
470 0
471 0
472 0
473 0
474 0
475 0
476 0
477 0
478 0
479 0
480 0
481 0
482 0
483 0
484 0
485 0
486 0
487 0
488 0
489 0
490 0
491 0
492 0
493 0
494 0
495 0
496 0
497 0
498 0
499 0
500 0
501 0
502 0
503 0
504 0
505 0
506 0
507 0
508 0
509 0
510 0
511 0
512 0
513 0
514 0
515 0
516 0
517 0
518 0
519 0
520 0
521 0
522 0
523 0
524 0
525 0
526 0
527 0
528 0
529 0
530 0
531 0
532 0
533 0
534 0
535 0
536 0
537 0
538 0
539 0
540 0
541 0
542 0
543 0
544 0
545 0
546 0
547 0
548 0
549 0
550 0
551 0
552 0
553 0
554 0
555 0
556 0
557 0
558 0
559 0
560 0
561 0
562 0
563 0
564 0
565 0
566 0
567 0
568 0
569 0
570 0
571 0
572 0
573 0
574 0
575 0
576 0
577 0
578 0
579 0
580 0
581 0
582 0
583 0
584 0
585 0
586 0
587 0
588 0
589 0
590 0
591 0
592 0
593 0
594 0
595 0
596 0
597 0
598 0
599 0
600 0
601 0
602 0
603 0
604 0
605 0
606 0
607 0
608 0
609 0
610 0
611 0
612 0
613 0
614 0
615 0
616 0
617 0
618 0
619 0
620 0
621 0
622 0
623 0
624 0
625 0
626 0
627 0
628 0
629 0
630 0
631 0
632 0
633 0
634 0
635 0
636 0
637 0
638 0
639 0
640 0
641 0
642 0
643 0
644 0
645 0
646 0
647 0
648 0
649 0
650 0
651 0
652 0
653 0
654 0
655 0
656 0
657 0
658 0
659 0
660 0
661 0
662 0
663 0
664 0
665 0
666 0
667 0
668 0
669 0
670 0
671 0
672 0
673 0
674 0
675 0
676 0
677 0
678 0
679 0
680 0
681 0
682 0
683 0
684 0
685 0
686 0
687 0
688 0
689 0
690 0
691 0
692 0
693 0
694 0
695 0
696 0
697 0
698 0
699 0
700 0
701 0
702 0
703 0
704 0
705 0
706 0
707 0
708 0
709 0
710 0
711 0
712 0
713 0
714 0
715 0
716 0
717 0
718 0
719 0
720 0
721 0
722 0
723 0
724 0
725 0
726 0
727 0
728 0
729 0
730 0
731 0
732 0
733 0
734 0
735 0
736 0
737 0
738 0
739 0
740 0
741 0
742 0
743 0
744 0
745 0
746 0
747 0
748 0
749 0
750 0
751 0
752 0
753 0
754 0
755 0
756 0
757 0
758 0
759 0
760 0
761 0
762 0
763 0
764 0
765 0
766 0
767 0
768 0
769 0
770 0
771 0
772 0
773 0
774 0
775 0
776 0
777 0
778 0
779 0
780 0
781 0
782 0
783 0
784 0
785 0
786 0
787 0
788 0
789 0
790 0
791 0
792 0
793 0
794 0
795 0
796 0
797 0
798 0
799 0
800 0
801 0
802 0
803 0
804 0
805 0
806 0
807 0
808 0
809 0
810 0
811 0
812 0
813 0
814 0
815 0
816 0
817 0
818 0
819 0
820 0
821 0
822 0
823 0
824 0
825 0
826 0
827 0
828 0
829 0
830 0
831 0
832 0
833 0
834 0
835 0
836 0
837 0
838 0
839 0
840 0
841 0
842 0
843 0
844 0
845 0
846 0
847 0
848 0
849 0
850 0
851 0
852 0
853 0
854 0
855 0
856 0
857 0
858 0
859 0
860 0
861 0
862 0
863 0
864 0
865 0
866 0
867 0
868 0
869 0
870 0
871 0
872 0
873 0
874 0
875 0
876 0
877 0
878 0
879 0
880 0
881 0
882 0
883 1
884 0
885 0
886 0
887 0
888 0
889 0
890 0
891 0
892 0
893 0
894 0
895 0
896 0
897 0
898 0
899 0
900 0
901 0
902 0
903 0
904 0
905 0
906 0
907 0
908 0
909 0
910 0
911 0
912 0
913 0
914 0
915 0
916 0
917 0
918 0
919 0
920 0
921 0
922 0
923 0
924 0
925 0
926 0
927 0
928 0
929 0
930 0
931 0
932 0
933 0
934 0
935 0
936 0
937 0
938 0
939 0
940 0
941 0
942 0
943 0
944 0
945 0
946 0
947 0
948 0
949 0
950 0
951 0
952 0
953 0
954 0
955 0
956 0
957 0
958 0
959 0
960 0
961 0
962 0
963 0
964 0
965 0
966 0
967 0
968 0
969 0
970 0
971 0
972 0
973 0
974 0
975 0
976 0
977 0
978 0
979 0
980 0
981 0
982 0
983 0
984 0
985 0
986 0
987 0
988 0
989 0
990 0
991 0
992 0
993 0
994 0
995 0
996 0
997 0
998 0
999 0
1000 0
1001 0
