0 4
1 4
2 3
3 3
4 2
5 1
6 1
7 1
8 2
9 1
10 2
11 1
12 3
13 1
14 2
15 3
16 2
17 3
18 3
19 3
20 2
21 4
22 2
23 3
24 3
25 3
26 4
27 3
28 3
29 3
30 3
31 2
32 2
33 1
34 2
35 2
36 2
37 2
38 3
39 2
40 1
41 1
42 2
43 1
44 2
45 2
46 1
47 2
48 1
49 3
50 2
51 2
52 1
53 1
54 2
55 3
56 2
57 2
58 1
59 1
60 1
61 1
62 2
63 2
64 1
65 2
66 3
67 1
68 1
69 2
70 3
71 2
72 0
73 1
74 3
75 3
76 2
77 1
78 3
79 3
80 2
81 1
82 1
83 2
84 2
85 2
86 3
87 1
88 3
89 3
90 0
91 3
92 3
93 2
94 2
95 4
96 1
97 2
98 2
99 2
100 2
101 2
102 2
103 2
104 3
105 3
106 2
107 2
108 4
109 3
110 3
111 3
112 3
113 3
114 2
115 1
116 1
117 2
118 2
119 2
120 4
121 3
122 2
123 2
124 3
125 4
126 3
127 4
128 3
129 4
130 3
131 3
132 1
133 2
134 4
135 1
136 2
137 1
138 1
139 1
140 1
141 2
142 3
143 2
144 2
145 0
146 2
147 2
148 1
149 1
150 3
151 3
152 3
153 1
154 3
155 1
156 2
157 3
158 1
159 1
160 2
161 1
162 3
163 3
164 3
165 2
166 3
167 2
168 1
169 2
170 0
171 3
172 1
173 0
174 1
175 2
176 3
177 2
178 1
179 2
180 2
181 1
182 2
183 1
184 1
185 1
186 1
187 3
188 3
189 1
190 3
191 2
192 1
193 3
194 2
195 2
196 3
197 1
198 2
199 3
200 1
201 3
202 2
203 1
204 4
205 3
206 1
207 1
208 0
209 1
210 1
211 2
212 2
213 3
214 4
215 3
216 4
217 5
218 2
219 3
220 3
221 0
222 3
223 1
224 0
225 2
226 5
227 2
228 3
229 3
230 3
231 3
232 3
233 1
234 2
235 1
236 2
237 3
238 0
239 2
240 3
241 4
242 2
243 0
244 3
245 2
246 3
247 3
248 1
249 1
250 0
251 1
252 2
253 2
254 1
255 3
256 1
257 1
258 1
259 1
260 2
261 1
262 2
263 1
264 1
265 2
266 2
267 2
268 2
269 2
270 3
271 4
272 3
273 2
274 4
275 3
276 1
277 5
278 1
279 3
280 1
281 2
282 4
283 0
284 3
285 2
286 1
287 1
288 2
289 1
290 2
291 4
292 3
293 2
294 3
295 2
296 5
297 3
298 3
299 2
300 5
301 3
302 3
303 4
304 5
305 3
306 3
307 1
308 2
309 3
310 3
311 3
312 3
313 2
314 3
315 3
316 0
317 2
318 2
319 2
320 2
321 2
322 3
323 4
324 2
325 3
326 2
327 2
328 3
329 3
330 2
331 2
332 2
333 1
334 4
335 0
336 2
337 2
338 1
339 3
340 2
341 1
342 1
343 1
344 1
345 1
346 2
347 1
348 1
349 2
350 1
351 1
352 0
353 2
354 0
355 1
356 2
357 1
358 2
359 1
360 1
361 2
362 2
363 3
364 3
365 1
366 2
367 4
368 1
369 4
370 2
371 2
372 3
373 0
374 1
375 2
376 2
377 2
378 4
379 2
380 1
381 2
382 0
383 2
384 2
385 2
386 1
387 3
388 0
389 2
390 2
391 1
392 1
393 1
394 0
395 2
396 1
397 2
398 3
399 1
400 1
401 1
402 4
403 0
404 2
405 3
406 2
407 3
408 2
409 3
410 1
411 2
412 3
413 1
414 2
415 3
416 3
417 2
418 2
419 3
420 2
421 1
422 2
423 3
424 4
425 2
426 2
427 3
428 3
429 2
430 3
431 0
432 2
433 2
434 3
435 3
436 3
437 0
438 2
439 2
440 4
441 1
442 3
443 2
444 1
445 1
446 2
447 3
448 2
449 1
450 2
451 3
452 5
453 1
454 2
455 3
456 2
457 4
458 3
459 2
460 2
461 3
462 4
463 3
464 3
465 2
466 1
467 4
468 3
469 3
470 2
471 1
472 2
473 3
474 2
475 0
476 2
477 1
478 1
479 2
480 2
481 2
482 3
483 3
484 2
485 1
486 2
487 1
488 2
489 3
490 1
491 1
492 2
493 2
494 2
495 2
496 3
497 5
498 3
499 1
500 2
501 3
502 2
503 1
504 1
505 2
506 2
507 3
508 2
509 3
510 3
511 3
512 2
513 2
514 3
515 2
516 2
517 2
518 2
519 3
520 3
521 1
522 2
523 3
524 2
525 1
526 1
527 1
528 1
529 2
530 3
531 4
532 1
533 3
534 2
535 1
536 4
537 3
538 1
539 3
540 1
541 2
542 2
543 2
544 2
545 2
546 2
547 3
548 3
549 1
550 2
551 2
552 5
553 3
554 1
555 1
556 1
557 2
558 1
559 1
560 1
561 1
562 1
563 0
564 0
565 3
566 2
567 4
568 3
569 2
570 2
571 3
572 1
573 2
574 2
575 0
576 2
577 3
578 3
579 1
580 2
581 2
582 2
583 2
584 2
585 0
586 0
587 3
588 2
589 1
590 2
591 3
592 3
593 2
594 2
595 4
596 2
597 3
598 3
599 2
600 4
601 2
602 1
603 2
604 1
605 2
606 1
607 1
608 2
609 3
610 2
611 1
612 2
613 3
614 1
615 2
616 1
617 2
618 3
619 2
620 2
621 0
622 3
623 2
624 3
625 2
626 2
627 3
628 2
629 3
630 2
631 2
632 3
633 2
634 2
635 2
636 4
637 2
638 3
639 3
640 3
641 2
642 4
643 3
644 3
645 2
646 1
647 2
648 2
649 2
650 3
651 1
652 2
653 2
654 3
655 2
656 1
657 3
658 2
659 4
660 3
661 2
662 0
663 3
664 3
665 3
666 2
667 4
668 3
669 3
670 2
671 3
672 2
673 3
674 4
675 4
676 1
677 2
678 4
679 4
680 3
681 2
682 2
683 1
684 2
685 2
686 1
687 0
688 1
689 4
690 1
691 2
692 4
693 1
694 3
695 2
696 2
697 2
698 2
699 2
700 3
701 2
702 1
703 3
704 1
705 2
706 2
707 2
708 2
709 1
710 3
711 4
712 1
713 2
714 1
715 1
716 2
717 2
718 2
719 3
720 2
721 1
722 2
723 1
724 3
725 1
726 2
727 1
728 2
729 2
730 2
731 3
732 3
733 0
734 2
735 3
736 4
737 4
738 1
739 2
740 3
741 3
742 1
743 2
744 3
745 2
746 1
747 1
748 4
749 4
750 3
751 0
752 0
753 3
754 1
755 1
756 2
757 1
758 2
759 3
760 3
761 2
762 2
763 4
764 2
765 2
766 3
767 3
768 0
769 2
770 5
771 3
772 1
773 3
774 4
775 2
776 4
777 4
778 4
779 3
780 1
781 1
782 2
783 3
784 2
785 3
786 5
787 3
788 2
789 3
790 4
791 3
792 3
793 3
794 3
795 2
796 3
797 4
798 3
799 5
800 3
801 2
802 3
803 3
804 1
805 2
806 2
807 2
808 3
809 4
810 4
811 5
812 2
813 3
814 3
815 3
816 3
817 2
818 4
819 4
820 3
821 3
822 3
823 3
824 2
825 2
826 2
827 3
828 2
829 2
830 3
831 3
832 3
833 2
834 3
835 1
836 1
837 0
838 2
839 3
840 2
841 1
842 2
843 3
844 3
845 2
846 2
847 2
848 3
849 2
850 3
851 2
852 2
853 1
854 2
855 1
856 2
857 2
858 1
859 2
860 2
861 1
862 3
863 3
864 3
865 3
866 4
867 4
868 3
869 4
870 2
871 3
872 2
873 4
874 4
875 6
876 4
877 2
878 3
879 5
880 3
881 3
882 2
883 3
884 3
885 3
886 2
887 3
888 3
889 2
890 3
891 5
892 3
893 4
894 3
895 3
896 2
897 2
898 3
899 1
900 4
901 3
902 2
903 2
904 2
905 1
906 2
907 1
908 2
909 2
910 1
911 2
912 1
913 1
914 1
915 2
916 3
917 2
918 2
919 3
920 1
921 3
922 3
923 2
924 1
925 1
926 3
927 4
928 3
929 3
930 1
931 5
932 1
933 2
934 3
935 2
936 3
937 2
938 2
939 3
940 3
941 2
942 2
943 3
944 3
945 1
946 4
947 2
948 1
949 2
950 3
951 2
952 3
953 3
954 5
955 1
956 4
957 2
958 1
959 0
960 3
961 2
962 4
963 2
964 2
965 4
966 2
967 3
968 2
969 2
970 2
971 4
972 2
973 3
974 4
975 1
976 0
977 3
978 2
979 4
980 3
981 3
982 2
983 3
984 1
985 0
986 2
987 1
988 3
989 2
990 3
991 3
992 3
993 1
994 2
995 2
996 3
997 3
998 1
999 3
1000 3
1001 1
0 2
1 2
2 3
3 1
4 2
5 3
6 3
7 4
8 2
9 1
10 1
11 4
12 3
13 2
14 2
15 1
16 1
17 2
18 2
19 1
20 1
21 0
22 1
23 2
24 1
25 3
26 1
27 1
28 4
29 2
30 2
31 3
32 0
33 2
34 5
35 2
36 2
37 4
38 1
39 4
40 3
41 3
42 3
43 3
44 2
45 2
46 5
47 4
48 2
49 4
50 5
51 2
52 3
53 1
54 2
55 1
56 2
57 2
58 2
59 3
60 1
61 4
62 3
63 3
64 3
65 3
66 3
67 4
68 2
69 3
70 2
71 4
72 2
73 3
74 2
75 4
76 3
77 4
78 1
79 4
80 4
81 3
82 3
83 3
84 3
85 2
86 2
87 3
88 4
89 3
90 2
91 2
92 2
93 2
94 5
95 4
96 4
97 5
98 2
99 3
100 3
101 4
102 4
103 2
104 2
105 2
106 2
107 2
108 1
109 4
110 4
111 2
112 2
113 4
114 5
115 3
116 4
117 2
118 2
119 3
120 2
121 2
122 4
123 3
124 2
125 3
126 3
127 4
128 4
129 2
130 3
131 4
132 3
133 2
134 4
135 5
136 3
137 6
138 4
139 5
140 3
141 5
142 5
143 4
144 2
145 5
146 5
147 5
148 5
149 5
150 5
151 4
152 4
153 3
154 2
155 5
156 5
157 4
158 5
159 1
160 3
161 4
162 2
163 3
164 2
165 3
166 2
167 1
168 2
169 1
170 4
171 2
172 3
173 2
174 1
175 4
176 2
177 4
178 3
179 4
180 3
181 4
182 2
183 1
184 3
185 1
186 2
187 1
188 3
189 2
190 0
191 2
192 2
193 3
194 3
195 5
196 3
197 2
198 0
199 2
200 2
201 3
202 3
203 3
204 1
205 5
206 1
207 1
208 2
209 1
210 3
211 1
212 0
213 4
214 2
215 2
216 2
217 4
218 2
219 2
220 2
221 3
222 1
223 2
224 2
225 4
226 0
227 1
228 2
229 2
230 3
231 1
232 2
233 1
234 3
235 5
236 3
237 4
238 4
239 5
240 3
241 3
242 2
243 1
244 3
245 3
246 3
247 7
248 3
249 3
250 2
251 3
252 4
253 3
254 3
255 3
256 2
257 4
258 3
259 3
260 4
261 2
262 3
263 1
264 2
265 1
266 3
267 2
268 2
269 1
270 2
271 4
272 4
273 2
274 3
275 3
276 2
277 2
278 4
279 2
280 2
281 2
282 3
283 6
284 2
285 3
286 3
287 4
288 3
289 1
290 2
291 1
292 3
293 2
294 3
295 1
296 1
297 2
298 2
299 1
300 3
301 1
302 2
303 4
304 1
305 1
306 4
307 1
308 3
309 2
310 0
311 4
312 5
313 1
314 5
315 3
316 2
317 3
318 2
319 2
320 3
321 3
322 3
323 4
324 3
325 1
326 1
327 2
328 1
329 3
330 2
331 3
332 2
333 3
334 2
335 1
336 0
337 2
338 2
339 2
340 1
341 2
342 0
343 1
344 2
345 1
346 1
347 1
348 0
349 3
350 1
351 2
352 2
353 2
354 2
355 1
356 3
357 1
358 1
359 1
360 2
361 2
362 2
363 1
364 1
365 1
366 2
367 2
368 2
369 1
370 0
371 2
372 0
373 1
374 2
375 0
376 2
377 1
378 2
379 0
380 1
381 0
382 1
383 0
384 1
385 2
386 3
387 2
388 1
389 0
390 1
391 1
392 1
393 4
394 2
395 3
396 2
397 3
398 1
399 1
400 2
401 2
402 0
403 4
404 1
405 2
406 1
407 1
408 3
409 2
410 2
411 1
412 1
413 2
414 1
415 2
416 2
417 2
418 2
419 1
420 1
421 1
422 2
423 3
424 1
425 3
426 2
427 1
428 1
429 3
430 1
431 2
432 1
433 2
434 1
435 1
436 2
437 1
438 1
439 1
440 2
441 2
442 4
443 3
444 1
445 3
446 2
447 3
448 2
449 2
450 3
451 2
452 1
453 3
454 1
455 1
456 0
457 1
458 2
459 2
460 1
461 1
462 1
463 2
464 1
465 2
466 0
467 2
468 3
469 3
470 2
471 0
472 4
473 0
474 0
475 0
476 1
477 3
478 1
479 2
480 2
481 3
482 1
483 1
484 1
485 3
486 2
487 2
488 3
489 3
490 3
491 2
492 4
493 3
494 3
495 2
496 1
497 1
498 3
499 2
500 2
501 1
502 0
503 2
504 1
505 1
506 2
507 1
508 1
509 1
510 2
511 0
512 0
513 2
514 2
515 3
516 3
517 2
518 2
519 2
520 3
521 2
522 4
523 2
524 1
525 2
526 2
527 3
528 4
529 3
530 4
531 2
532 2
533 3
534 3
535 2
536 2
537 2
538 3
539 2
540 1
541 2
542 2
543 1
544 1
545 1
546 2
547 3
548 1
549 2
550 2
551 2
552 1
553 2
554 2
555 1
556 4
557 3
558 2
559 4
560 3
561 3
562 4
563 4
564 2
565 4
566 2
567 2
568 3
569 3
570 4
571 2
572 2
573 1
574 2
575 2
576 2
577 2
578 2
579 2
580 1
581 1
582 4
583 2
584 2
585 2
586 2
587 2
588 2
589 3
590 3
591 1
592 2
593 1
594 2
595 3
596 2
597 2
598 3
599 3
600 2
601 0
602 1
603 1
604 2
605 2
606 3
607 1
608 2
609 1
610 2
611 4
612 4
613 2
614 3
615 2
616 3
617 4
618 2
619 1
620 3
621 6
622 6
623 3
624 5
625 6
626 4
627 4
628 6
629 4
630 4
631 4
632 2
633 4
634 4
635 2
636 4
637 3
638 5
639 3
640 4
641 3
642 5
643 4
644 4
645 3
646 3
647 3
648 2
649 2
650 3
651 3
652 2
653 2
654 1
655 2
656 3
657 3
658 3
659 3
660 3
661 2
662 2
663 3
664 2
665 3
666 2
667 2
668 3
669 3
670 3
671 3
672 3
673 5
674 2
675 3
676 3
677 3
678 2
679 3
680 3
681 3
682 2
683 3
684 2
685 2
686 3
687 3
688 3
689 3
690 4
691 4
692 3
693 4
694 4
695 4
696 4
697 3
698 2
699 4
700 3
701 3
702 3
703 3
704 2
705 4
706 1
707 3
708 4
709 1
710 4
711 5
712 2
713 2
714 4
715 1
716 3
717 3
718 1
719 3
720 2
721 3
722 2
723 3
724 2
725 3
726 3
727 1
728 2
729 2
730 3
731 2
732 2
733 3
734 4
735 3
736 3
737 2
738 2
739 2
740 3
741 1
742 4
743 3
744 3
745 2
746 3
747 3
748 2
749 3
750 2
751 3
752 2
753 2
754 3
755 2
756 3
757 1
758 3
759 2
760 3
761 3
762 3
763 3
764 4
765 4
766 5
767 4
768 3
769 3
770 3
771 1
772 2
773 2
774 1
775 2
776 1
777 2
778 3
779 1
780 2
781 2
782 2
783 2
784 2
785 2
786 3
787 2
788 2
789 2
790 3
791 2
792 1
793 2
794 2
795 2
796 3
797 3
798 2
799 2
800 1
801 2
802 2
803 3
804 2
805 1
806 2
807 2
808 2
809 2
810 2
811 2
812 3
813 3
814 2
815 3
816 2
817 2
818 2
819 2
820 2
821 2
822 2
823 3
824 2
825 2
826 3
827 1
828 2
829 2
830 3
831 3
832 3
833 3
834 3
835 3
836 2
837 2
838 3
839 2
840 2
841 1
842 3
843 2
844 1
845 2
846 2
847 3
848 3
849 2
850 2
851 3
852 4
853 2
854 1
855 2
856 3
857 3
858 1
859 2
860 1
861 2
862 3
863 4
864 3
865 2
866 3
867 3
868 2
869 3
870 1
871 3
872 4
873 3
874 4
875 3
876 3
877 3
878 3
879 2
880 3
881 2
882 2
883 1
884 2
885 3
886 2
887 3
888 2
889 3
890 2
891 3
892 3
893 3
894 3
895 1
896 2
897 3
898 2
899 2
900 2
901 3
902 3
903 4
904 0
905 2
906 3
907 2
908 2
909 3
910 3
911 3
912 2
913 3
914 2
915 2
916 3
917 2
918 3
919 3
920 3
921 2
922 2
923 2
924 2
925 2
926 2
927 2
928 3
929 2
930 4
931 2
932 2
933 2
934 1
935 2
936 1
937 1
938 1
939 3
940 2
941 4
942 2
943 3
944 3
945 3
946 2
947 4
948 2
949 3
950 3
951 3
952 1
953 3
954 2
955 3
956 1
957 3
958 2
959 2
960 1
961 2
962 3
963 2
964 3
965 3
966 2
967 3
968 2
969 3
970 2
971 1
972 1
973 3
974 3
975 2
976 2
977 3
978 2
979 2
980 3
981 3
982 3
983 1
984 3
985 3
986 1
987 3
988 3
989 3
990 2
991 3
992 4
993 2
994 3
995 3
996 3
997 3
998 4
999 3
1000 3
1001 4
0 3
1 1
2 1
3 1
4 3
5 2
6 2
7 1
8 3
9 1
10 2
11 1
12 1
13 0
14 1
15 2
16 2
17 2
18 1
19 2
20 0
21 1
22 2
23 1
24 1
25 1
26 1
27 1
28 2
29 1
30 2
31 1
32 2
33 2
34 1
35 2
36 0
37 1
38 1
39 2
40 0
41 1
42 1
43 1
44 1
45 2
46 2
47 2
48 0
49 1
50 2
51 4
52 1
53 1
54 2
55 1
56 2
57 2
58 2
59 3
60 0
61 2
62 0
63 1
64 1
65 3
66 3
67 2
68 2
69 2
70 1
71 1
72 1
73 1
74 2
75 2
76 1
77 2
78 2
79 3
80 2
81 2
82 1
83 2
84 2
85 1
86 1
87 1
88 1
89 2
90 1
91 1
92 1
93 0
94 1
95 1
96 1
97 1
98 2
99 1
100 1
101 0
102 1
103 1
104 0
105 1
106 1
107 0
108 0
109 1
110 3
111 1
112 1
113 1
114 2
115 1
116 1
117 0
118 1
119 2
120 1
121 1
122 1
123 2
124 1
125 2
126 2
127 1
128 4
129 0
130 3
131 2
132 2
133 2
134 1
135 2
136 0
137 2
138 1
139 0
140 0
141 0
142 1
143 2
144 1
145 0
146 1
147 1
148 1
149 1
150 1
151 0
152 0
153 2
154 1
155 1
156 1
157 1
158 1
159 2
160 0
161 1
162 1
163 1
164 1
165 0
166 1
167 1
168 1
169 1
170 1
171 1
172 1
173 1
174 1
175 2
176 1
177 2
178 2
179 3
180 2
181 1
182 3
183 2
184 2
185 0
186 0
187 4
188 2
189 1
190 3
191 3
192 1
193 2
194 1
195 2
196 2
197 0
198 1
199 2
200 1
201 2
202 2
203 2
204 1
205 1
206 2
207 2
208 2
209 2
210 3
211 1
212 4
213 2
214 3
215 2
216 3
217 2
218 1
219 1
220 1
221 1
222 2
223 2
224 2
225 2
226 0
227 1
228 3
229 2
230 1
231 0
232 2
233 2
234 3
235 1
236 1
237 2
238 3
239 4
240 2
241 3
242 4
243 3
244 3
245 1
246 4
247 1
248 2
249 2
250 2
251 2
252 2
253 1
254 1
255 0
256 2
257 2
258 1
259 1
260 2
261 1
262 1
263 1
264 3
265 1
266 1
267 2
268 2
269 2
270 0
271 1
272 0
273 0
274 0
275 2
276 0
277 1
278 2
279 3
280 1
281 1
282 1
283 0
284 1
285 3
286 3
287 3
288 1
289 2
290 0
291 1
292 1
293 2
294 2
295 2
296 3
297 1
298 2
299 1
300 1
301 2
302 1
303 2
304 1
305 1
306 0
307 1
308 0
309 2
310 1
311 1
312 0
313 1
314 2
315 3
316 3
317 0
318 1
319 2
320 1
321 1
322 3
323 4
324 3
325 4
326 2
327 2
328 3
329 0
330 2
331 1
332 1
333 2
334 2
335 4
336 4
337 3
338 3
339 2
340 2
341 1
342 1
343 2
344 0
345 1
346 2
347 1
348 3
349 1
350 2
351 0
352 2
353 1
354 3
355 2
356 1
357 2
358 1
359 1
360 2
361 2
362 0
363 2
364 1
365 0
366 1
367 0
368 0
369 1
370 0
371 2
372 1
373 1
374 0
375 1
376 1
377 1
378 1
379 0
380 1
381 1
382 1
383 1
384 2
385 1
386 1
387 1
388 2
389 2
390 1
391 1
392 0
393 1
394 1
395 1
396 1
397 2
398 1
399 2
400 2
401 1
402 1
403 1
404 1
405 0
406 0
407 1
408 1
409 1
410 1
411 1
412 1
413 1
414 1
415 0
416 1
417 1
418 2
419 0
420 1
421 1
422 1
423 1
424 1
425 2
426 1
427 1
428 2
429 2
430 2
431 2
432 1
433 1
434 1
435 0
436 1
437 0
438 1
439 0
440 0
441 3
442 1
443 1
444 1
445 0
446 1
447 1
448 0
449 0
450 0
451 0
452 1
453 0
454 0
455 1
456 0
457 1
458 1
459 0
460 1
461 0
462 0
463 0
464 1
465 0
466 0
467 1
468 1
469 0
470 0
471 0
472 1
473 0
474 0
475 0
476 0
477 0
478 0
479 0
480 0
481 0
482 0
483 0
484 0
485 1
486 1
487 0
488 0
489 0
490 0
491 0
492 0
493 0
494 0
495 0
496 1
497 0
498 1
499 1
500 0
501 1
502 0
503 1
504 0
505 0
506 1
507 0
508 1
509 0
510 0
511 0
512 0
513 0
514 1
515 1
516 0
517 0
518 0
519 1
520 2
521 0
522 0
523 1
524 0
525 0
526 0
527 0
528 0
529 1
530 1
531 1
532 0
533 2
534 0
535 1
536 0
537 0
538 2
539 0
540 1
541 1
542 0
543 1
544 2
545 0
546 1
547 1
548 1
549 1
550 0
551 1
552 2
553 1
554 0
555 1
556 1
557 0
558 1
559 1
560 0
561 1
562 1
563 1
564 1
565 0
566 1
567 0
568 0
569 2
570 0
571 2
572 0
573 0
574 1
575 0
576 1
577 1
578 0
579 1
580 1
581 1
582 0
583 1
584 0
585 1
586 0
587 1
588 1
589 0
590 1
591 0
592 0
593 0
594 1
595 1
596 1
597 2
598 1
599 0
600 1
601 0
602 0
603 0
604 0
605 1
606 1
607 0
608 0
609 0
610 0
611 0
612 0
613 1
614 0
615 0
616 0
617 0
618 0
619 0
620 0
621 0
622 0
623 0
624 1
625 0
626 0
627 1
628 0
629 1
630 1
631 1
632 1
633 0
634 2
635 1
636 0
637 0
638 0
639 0
640 1
641 0
642 1
643 0
644 0
645 0
646 0
647 0
648 0
649 0
650 1
651 0
652 0
653 1
654 1
655 0
656 1
657 0
658 1
659 0
660 1
661 0
662 1
663 1
664 1
665 1
666 1
667 1
668 0
669 1
670 0
671 0
672 1
673 1
674 1
675 0
676 1
677 0
678 0
679 1
680 1
681 1
682 2
683 0
684 2
685 1
686 2
687 0
688 0
689 0
690 0
691 0
692 0
693 0
694 0
695 0
696 0
697 1
698 1
699 0
700 1
701 0
702 0
703 0
704 0
705 0
706 2
707 1
708 1
709 1
710 0
711 0
712 0
713 1
714 0
715 1
716 1
717 0
718 1
719 0
720 0
721 1
722 0
723 0
724 0
725 0
726 0
727 0
728 0
729 0
730 0
731 0
732 0
733 0
734 0
735 0
736 0
737 0
738 0
739 0
740 0
741 0
742 0
743 0
744 0
745 0
746 0
747 2
748 2
749 1
750 0
751 0
752 0
753 0
754 0
755 0
756 0
757 0
758 0
759 0
760 1
761 0
762 0
763 0
764 0
765 0
766 0
767 0
768 0
769 0
770 0
771 0
772 0
773 0
774 0
775 0
776 0
777 1
778 0
779 1
780 0
781 0
782 0
783 0
784 0
785 0
786 0
787 0
788 0
789 1
790 0
791 2
792 1
793 1
794 0
795 0
796 0
797 0
798 0
799 1
800 1
801 0
802 1
803 0
804 0
805 0
806 1
807 1
808 1
809 1
810 0
811 0
812 0
813 1
814 1
815 1
816 0
817 1
818 0
819 0
820 0
821 0
822 0
823 0
824 0
825 0
826 1
827 1
828 0
829 1
830 1
831 0
832 0
833 1
834 1
835 0
836 1
837 1
838 0
839 0
840 0
841 0
842 0
843 0
844 0
845 0
846 0
847 1
848 0
849 1
850 0
851 0
852 0
853 0
854 1
855 0
856 1
857 0
858 0
859 0
860 1
861 0
862 0
863 0
864 0
865 1
866 2
867 0
868 1
869 0
870 0
871 1
872 1
873 0
874 1
875 1
876 0
877 1
878 0
879 0
880 1
881 0
882 0
883 1
884 2
885 1
886 1
887 0
888 1
889 1
890 0
891 0
892 1
893 1
894 1
895 1
896 0
897 0
898 1
899 0
900 1
901 0
902 0
903 0
904 1
905 1
906 0
907 1
908 0
909 2
910 1
911 0
912 1
913 1
914 1
915 0
916 0
917 0
918 1
919 1
920 1
921 0
922 0
923 1
924 1
925 1
926 1
927 0
928 0
929 0
930 1
931 1
932 0
933 0
934 1
935 0
936 0
937 0
938 0
939 2
940 0
941 0
942 0
943 1
944 1
945 0
946 0
947 0
948 0
949 1
950 1
951 0
952 0
953 1
954 0
955 1
956 0
957 1
958 1
959 0
960 0
961 1
962 0
963 0
964 0
965 0
966 0
967 0
968 1
969 0
970 1
971 0
972 0
973 0
974 0
975 0
976 0
977 0
978 1
979 0
980 0
981 0
982 1
983 0
984 1
985 0
986 1
987 0
988 0
989 0
990 0
991 0
992 1
993 1
994 0
995 2
996 0
997 0
998 0
999 0
1000 0
1001 0
0 2
1 2
2 2
3 2
4 1
5 2
6 2
7 1
8 1
9 2
10 4
11 3
12 2
13 3
14 2
15 2
16 1
17 1
18 1
19 0
20 3
21 2
22 1
23 1
24 2
25 1
26 1
27 1
28 1
29 0
30 1
31 0
32 4
33 1
34 2
35 1
36 0
37 1
38 1
39 2
40 1
41 1
42 1
43 0
44 1
45 1
46 2
47 2
48 2
49 2
50 1
51 2
52 1
53 2
54 2
55 1
56 2
57 2
58 1
59 1
60 0
61 0
62 1
63 0
64 0
65 1
66 0
67 1
68 2
69 1
70 1
71 2
72 0
73 4
74 2
75 1
76 0
77 2
78 3
79 4
80 3
81 3
82 1
83 2
84 1
85 2
86 2
87 3
88 0
89 0
90 0
91 1
92 0
93 1
94 1
95 1
96 0
97 1
98 1
99 0
100 0
101 0
102 0
103 0
104 1
105 0
106 1
107 1
108 0
109 0
110 1
111 2
112 1
113 0
114 1
115 0
116 1
117 1
118 1
119 1
120 2
121 2
122 1
123 0
124 1
125 1
126 1
127 1
128 2
129 1
130 1
131 0
132 0
133 1
134 2
135 2
136 1
137 1
138 0
139 2
140 1
141 3
142 1
143 0
144 1
145 3
146 1
147 3
148 3
149 2
150 2
151 2
152 2
153 0
154 1
155 1
156 0
157 0
158 2
159 2
160 0
161 0
162 0
163 0
164 1
165 0
166 0
167 0
168 0
169 0
170 0
171 0
172 0
173 1
174 1
175 1
176 1
177 2
178 2
179 2
180 2
181 3
182 2
183 1
184 0
185 0
186 1
187 1
188 2
189 0
190 0
191 1
192 2
193 1
194 1
195 2
196 2
197 2
198 2
199 1
200 2
201 1
202 1
203 0
204 1
205 1
206 1
207 1
208 1
209 3
210 1
211 2
212 2
213 1
214 1
215 1
216 0
217 1
218 2
219 0
220 1
221 1
222 0
223 2
224 0
225 1
226 1
227 0
228 0
229 0
230 0
231 0
232 0
233 0
234 0
235 0
236 1
237 0
238 1
239 2
240 0
241 1
242 0
243 1
244 1
245 0
246 1
247 0
248 1
249 0
250 0
251 1
252 1
253 1
254 1
255 1
256 1
257 0
258 0
259 0
260 0
261 0
262 0
263 0
264 0
265 1
266 0
267 0
268 0
269 0
270 1
271 0
272 0
273 1
274 0
275 0
276 0
277 0
278 1
279 0
280 0
281 0
282 0
283 0
284 0
285 0
286 0
287 0
288 1
289 0
290 0
291 0
292 0
293 0
294 0
295 1
296 0
297 0
298 0
299 0
300 0
301 0
302 0
303 0
304 0
305 0
306 0
307 0
308 0
309 0
310 0
311 0
312 0
313 2
314 1
315 0
316 0
317 0
318 0
319 0
320 0
321 2
322 1
323 1
324 0
325 0
326 0
327 0
328 1
329 1
330 0
331 1
332 0
333 0
334 0
335 0
336 1
337 2
338 1
339 1
340 0
341 0
342 0
343 1
344 0
345 0
346 1
347 0
348 2
349 1
350 1
351 1
352 0
353 1
354 1
355 1
356 0
357 2
358 2
359 1
360 1
361 1
362 1
363 1
364 0
365 1
366 0
367 2
368 0
369 1
370 1
371 1
372 1
373 1
374 1
375 1
376 1
377 0
378 0
379 0
380 0
381 0
382 1
383 0
384 1
385 1
386 1
387 1
388 0
389 0
390 2
391 2
392 1
393 2
394 1
395 2
396 2
397 1
398 0
399 1
400 0
401 1
402 0
403 0
404 1
405 0
406 1
407 1
408 0
409 0
410 0
411 0
412 1
413 1
414 0
415 0
416 0
417 0
418 0
419 0
420 0
421 0
422 0
423 0
424 0
425 1
426 0
427 0
428 1
429 1
430 0
431 1
432 1
433 1
434 1
435 1
436 0
437 2
438 0
439 0
440 0
441 0
442 0
443 0
444 0
445 1
446 0
447 0
448 0
449 0
450 0
451 0
452 0
453 0
454 0
455 0
456 0
457 0
458 0
459 0
460 0
461 0
462 0
463 0
464 0
465 0
466 0
467 0
468 0
469 0
470 0
471 0
472 0
473 0
474 0
475 0
476 0
477 0
478 0
479 1
480 1
481 1
482 1
483 1
484 2
485 1
486 1
487 1
488 2
489 1
490 0
491 1
492 0
493 1
494 0
495 1
496 0
497 2
498 1
499 3
500 1
501 1
502 3
503 3
504 1
505 2
506 2
507 2
508 0
509 1
510 0
511 1
512 1
513 2
514 0
515 1
516 1
517 2
518 1
519 2
520 3
521 2
522 1
523 1
524 1
525 1
526 0
527 0
528 0
529 0
530 1
531 0
532 1
533 0
534 1
535 1
536 2
537 1
538 0
539 0
540 0
541 1
542 1
543 1
544 0
545 1
546 1
547 1
548 1
549 0
550 2
551 1
552 1
553 1
554 1
555 0
556 0
557 2
558 1
559 1
560 0
561 0
562 1
563 0
564 0
565 1
566 1
567 1
568 1
569 1
570 1
571 0
572 1
573 1
574 1
575 0
576 1
577 1
578 1
579 2
580 2
581 1
582 0
583 0
584 0
585 0
586 0
587 0
588 0
589 0
590 0
591 0
592 0
593 0
594 0
595 0
596 0
597 0
598 0
599 0
600 0
601 0
602 0
603 0
604 0
605 1
606 0
607 0
608 0
609 1
610 0
611 0
612 0
613 0
614 1
615 0
616 0
617 0
618 0
619 0
620 0
621 1
622 2
623 1
624 0
625 0
626 1
627 0
628 1
629 3
630 2
631 1
632 1
633 0
634 0
635 1
636 1
637 0
638 1
639 1
640 1
641 1
642 0
643 1
644 0
645 1
646 1
647 1
648 1
649 0
650 1
651 1
652 0
653 0
654 1
655 1
656 1
657 1
658 1
659 1
660 0
661 1
662 0
663 1
664 1
665 1
666 0
667 2
668 2
669 1
670 1
671 2
672 0
673 2
674 1
675 1
676 2
677 2
678 1
679 0
680 1
681 2
682 1
683 0
684 2
685 2
686 2
687 1
688 1
689 0
690 0
691 1
692 2
693 2
694 1
695 1
696 0
697 0
698 1
699 0
700 1
701 1
702 2
703 1
704 0
705 0
706 0
707 0
708 0
709 0
710 0
711 0
712 0
713 0
714 0
715 0
716 0
717 0
718 0
719 1
720 2
721 1
722 0
723 1
724 0
725 0
726 1
727 0
728 1
729 1
730 1
731 0
732 1
733 0
734 1
735 0
736 0
737 1
738 0
739 0
740 1
741 1
742 1
743 0
744 1
745 0
746 1
747 1
748 1
749 2
750 0
751 0
752 0
753 2
754 2
755 1
756 1
757 0
758 0
759 0
760 1
761 1
762 0
763 1
764 1
765 0
766 1
767 1
768 1
769 1
770 0
771 1
772 1
773 1
774 2
775 0
776 1
777 2
778 2
779 2
780 1
781 2
782 0
783 1
784 1
785 1
786 1
787 2
788 1
789 0
790 1
791 1
792 2
793 1
794 2
795 2
796 1
797 1
798 0
799 1
800 1
801 2
802 2
803 1
804 1
805 1
806 1
807 2
808 1
809 1
810 2
811 1
812 1
813 1
814 1
815 1
816 2
817 1
818 0
819 2
820 2
821 1
822 1
823 1
824 0
825 1
826 2
827 1
828 1
829 0
830 1
831 2
832 1
833 0
834 1
835 1
836 0
837 2
838 1
839 2
840 2
841 0
842 0
843 0
844 0
845 1
846 0
847 0
848 0
849 0
850 0
851 0
852 0
853 0
854 0
855 0
856 0
857 1
858 0
859 0
860 0
861 0
862 0
863 0
864 0
865 0
866 0
867 0
868 0
869 0
870 0
871 0
872 0
873 0
874 0
875 0
876 0
877 0
878 0
879 0
880 0
881 0
882 0
883 0
884 0
885 0
886 0
887 0
888 0
889 0
890 0
891 0
892 0
893 0
894 0
895 0
896 0
897 0
898 0
899 0
900 0
901 1
902 0
903 0
904 0
905 1
906 1
907 1
908 1
909 0
910 1
911 0
912 0
913 1
914 0
915 1
916 0
917 1
918 0
919 1
920 0
921 0
922 0
923 0
924 1
925 1
926 0
927 0
928 0
929 0
930 0
931 0
932 0
933 0
934 0
935 1
936 0
937 0
938 0
939 0
940 0
941 0
942 0
943 1
944 0
945 0
946 0
947 0
948 0
949 1
950 0
951 0
952 0
953 0
954 0
955 0
956 0
957 0
958 0
959 0
960 1
961 0
962 1
963 0
964 0
965 1
966 1
967 1
968 0
969 0
970 1
971 0
972 1
973 1
974 0
975 0
976 0
977 0
978 0
979 1
980 0
981 1
982 1
983 1
984 1
985 0
986 0
987 0
988 0
989 0
990 0
991 1
992 1
993 0
994 0
995 0
996 0
997 0
998 0
999 0
1000 0
1001 0
0 3
1 0
2 1
3 1
4 0
5 0
6 0
7 1
8 1
9 0
10 1
11 0
12 0
13 0
14 1
15 1
16 1
17 0
18 0
19 1
20 0
21 1
22 1
23 1
24 1
25 2
26 1
27 0
28 1
29 2
30 0
31 0
32 0
33 0
34 1
35 1
36 1
37 1
38 0
39 0
40 1
41 1
42 0
43 1
44 0
45 0
46 2
47 1
48 1
49 1
50 0
51 1
52 1
53 1
54 1
55 1
56 1
57 1
58 1
59 1
60 1
61 0
62 0
63 0
64 0
65 0
66 0
67 0
68 0
69 1
70 0
71 0
72 0
73 0
74 0
75 0
76 0
77 0
78 0
79 1
80 2
81 0
82 1
83 2
84 0
85 1
86 0
87 0
88 0
89 0
90 0
91 0
92 0
93 0
94 0
95 0
96 0
97 0
98 0
99 0
100 0
101 0
102 0
103 0
104 0
105 0
106 0
107 0
108 0
109 0
110 0
111 0
112 0
113 0
114 0
115 0
116 0
117 0
118 0
119 0
120 0
121 0
122 0
123 0
124 0
125 0
126 0
127 0
128 0
129 0
130 0
131 0
132 1
133 0
134 0
135 0
136 0
137 0
138 0
139 0
140 0
141 0
142 0
143 0
144 0
145 0
146 0
147 1
148 0
149 0
150 0
151 0
152 0
153 0
154 0
155 0
156 0
157 0
158 0
159 0
160 0
161 0
162 0
163 0
164 0
165 0
166 0
167 0
168 1
169 0
170 0
171 0
172 0
173 0
174 0
175 0
176 0
177 1
178 1
179 0
180 0
181 0
182 0
183 0
184 0
185 0
186 0
187 0
188 0
189 1
190 0
191 0
192 0
193 0
194 1
195 0
196 0
197 0
198 1
199 0
200 0
201 0
202 0
203 0
204 0
205 0
206 0
207 0
208 0
209 0
210 0
211 0
212 0
213 0
214 0
215 0
216 0
217 0
218 0
219 0
220 0
221 0
222 0
223 0
224 0
225 0
226 0
227 0
228 0
229 0
230 0
231 0
232 0
233 0
234 0
235 0
236 0
237 0
238 0
239 0
240 0
241 0
242 0
243 0
244 0
245 0
246 0
247 0
248 0
249 0
250 0
251 0
252 2
253 0
254 0
255 0
256 0
257 0
258 0
259 0
260 0
261 0
262 0
263 0
264 0
265 0
266 0
267 0
268 0
269 0
270 0
271 0
272 0
273 0
274 1
275 0
276 0
277 0
278 0
279 0
280 0
281 0
282 0
283 0
284 0
285 0
286 0
287 0
288 0
289 0
290 0
291 0
292 0
293 0
294 0
295 0
296 0
297 0
298 0
299 0
300 0
301 0
302 0
303 0
304 0
305 0
306 0
307 0
308 0
309 0
310 0
311 1
312 0
313 2
314 0
315 0
316 0
317 0
318 0
319 0
320 0
321 0
322 0
323 0
324 1
325 0
326 0
327 0
328 0
329 0
330 0
331 0
332 0
333 0
334 0
335 0
336 0
337 0
338 0
339 0
340 0
341 0
342 0
343 0
344 1
345 0
346 0
347 1
348 0
349 0
350 0
351 1
352 1
353 1
354 0
355 0
356 1
357 0
358 2
359 1
360 1
361 1
362 0
363 1
364 1
365 1
366 1
367 0
368 1
369 1
370 2
371 0
372 0
373 0
374 1
375 0
376 1
377 1
378 0
379 0
380 0
381 0
382 0
383 0
384 0
385 0
386 0
387 0
388 0
389 0
390 0
391 0
392 0
393 0
394 0
395 0
396 0
397 0
398 0
399 0
400 0
401 0
402 0
403 0
404 0
405 0
406 0
407 0
408 1
409 0
410 0
411 0
412 0
413 0
414 0
415 0
416 0
417 0
418 1
419 0
420 0
421 0
422 0
423 0
424 0
425 0
426 0
427 0
428 0
429 0
430 0
431 0
432 0
433 0
434 0
435 0
436 0
437 0
438 0
439 0
440 0
441 0
442 0
443 0
444 0
445 0
446 1
447 0
448 0
449 0
450 0
451 0
452 0
453 0
454 0
455 0
456 0
457 0
458 0
459 0
460 0
461 0
462 0
463 0
464 0
465 0
466 0
467 0
468 0
469 0
470 0
471 0
472 0
473 0
474 0
475 0
476 0
477 0
478 0
479 0
480 0
481 0
482 0
483 0
484 0
485 0
486 0
487 0
488 0
489 0
490 0
491 0
492 0
493 1
494 0
495 0
496 0
497 0
498 0
499 1
500 1
501 1
502 0
503 0
504 1
505 1
506 1
507 0
508 1
509 1
510 0
511 1
512 0
513 1
514 1
515 1
516 1
517 0
518 1
519 1
520 1
521 0
522 0
523 0
524 1
525 1
526 0
527 1
528 1
529 1
530 1
531 0
532 2
533 1
534 1
535 0
536 1
537 0
538 1
539 0
540 1
541 1
542 0
543 0
544 1
545 1
546 0
547 1
548 0
549 0
550 1
551 1
552 0
553 1
554 1
555 1
556 1
557 1
558 1
559 0
560 0
561 1
562 1
563 0
564 1
565 1
566 1
567 0
568 1
569 1
570 0
571 1
572 1
573 1
574 1
575 1
576 1
577 1
578 1
579 1
580 1
581 1
582 0
583 0
584 0
585 1
586 1
587 0
588 1
589 1
590 1
591 1
592 1
593 1
594 1
595 0
596 1
597 1
598 1
599 0
600 0
601 0
602 0
603 0
604 0
605 0
606 1
607 1
608 1
609 1
610 0
611 0
612 0
613 0
614 0
615 0
616 1
617 0
618 1
619 0
620 1
621 0
622 1
623 0
624 0
625 0
626 1
627 1
628 0
629 1
630 1
631 2
632 1
633 1
634 0
635 1
636 0
637 0
638 1
639 0
640 0
641 1
642 1
643 0
644 0
645 0
646 1
647 0
648 0
649 1
650 2
651 1
652 0
653 0
654 0
655 0
656 1
657 0
658 1
659 0
660 1
661 1
662 0
663 1
664 0
665 1
666 2
667 0
668 3
669 1
670 1
671 0
672 3
673 1
674 0
675 1
676 2
677 1
678 2
679 3
680 0
681 2
682 1
683 0
684 2
685 0
686 1
687 1
688 0
689 1
690 1
691 0
692 0
693 0
694 0
695 1
696 1
697 0
698 0
699 0
700 0
701 1
702 0
703 1
704 0
705 0
706 0
707 0
708 0
709 0
710 0
711 1
712 1
713 1
714 0
715 1
716 1
717 0
718 0
719 1
720 1
721 1
722 2
723 1
724 1
725 1
726 1
727 0
728 2
729 2
730 1
731 0
732 1
733 1
734 2
735 0
736 3
737 2
738 1
739 2
740 3
741 2
742 2
743 2
744 1
745 2
746 2
747 1
748 2
749 2
750 0
751 2
752 0
753 2
754 2
755 2
756 1
757 2
758 1
759 3
760 0
761 1
762 1
763 0
764 0
765 0
766 1
767 0
768 0
769 1
770 1
771 1
772 0
773 0
774 0
775 1
776 0
777 1
778 0
779 1
780 0
781 1
782 2
783 1
784 0
785 2
786 1
787 3
788 1
789 1
790 1
791 1
792 2
793 1
794 2
795 0
796 2
797 1
798 2
799 1
800 1
801 1
802 1
803 1
804 2
805 2
806 2
807 1
808 2
809 1
810 1
811 1
812 1
813 1
814 2
815 2
816 2
817 1
818 1
819 1
820 0
821 1
822 2
823 1
824 0
825 1
826 2
827 2
828 2
829 2
830 2
831 2
832 1
833 1
834 1
835 0
836 1
837 1
838 1
839 1
840 0
841 1
842 1
843 1
844 0
845 1
846 2
847 1
848 0
849 1
850 3
851 2
852 2
853 1
854 1
855 0
856 1
857 1
858 1
859 0
860 0
861 0
862 0
863 0
864 0
865 0
866 1
867 1
868 0
869 1
870 1
871 0
872 1
873 1
874 1
875 1
876 1
877 1
878 1
879 0
880 0
881 0
882 2
883 0
884 1
885 1
886 2
887 2
888 2
889 2
890 2
891 1
892 3
893 1
894 2
895 3
896 1
897 2
898 3
899 1
900 2
901 2
902 2
903 3
904 2
905 2
906 2
907 2
908 2
909 2
910 2
911 1
912 2
913 2
914 2
915 1
916 0
917 2
918 3
919 4
920 2
921 4
922 2
923 4
924 2
925 3
926 2
927 3
928 3
929 3
930 3
931 3
932 2
933 2
934 1
935 3
936 3
937 2
938 2
939 2
940 2
941 1
942 1
943 1
944 1
945 1
946 1
947 2
948 1
949 2
950 2
951 2
952 2
953 2
954 1
955 1
956 0
957 1
958 1
959 0
960 2
961 2
962 0
963 1
964 1
965 1
966 1
967 1
968 0
969 0
970 1
971 2
972 1
973 2
974 2
975 0
976 1
977 2
978 2
979 2
980 3
981 2
982 2
983 1
984 0
985 2
986 2
987 0
988 0
989 0
990 2
991 1
992 1
993 1
994 2
995 2
996 2
997 2
998 1
999 2
1000 0
1001 1
0 1
1 1
2 2
3 2
4 5
5 3
6 2
7 2
8 2
9 2
10 0
11 1
12 0
13 1
14 2
15 1
16 3
17 2
18 0
19 2
20 0
21 1
22 1
23 0
24 1
25 1
26 1
27 1
28 1
29 0
30 0
31 1
32 0
33 0
34 2
35 1
36 2
37 0
38 1
39 1
40 0
41 0
42 1
43 0
44 0
45 1
46 2
47 0
48 1
49 2
50 0
51 3
52 3
53 3
54 2
55 1
56 2
57 1
58 1
59 3
60 2
61 3
62 1
63 2
64 0
65 0
66 0
67 1
68 0
69 1
70 2
71 1
72 1
73 1
74 2
75 2
76 3
77 3
78 2
79 3
80 3
81 1
82 1
83 1
84 2
85 2
86 1
87 1
88 2
89 1
90 2
91 2
92 0
93 3
94 1
95 1
96 1
97 2
98 1
99 3
100 0
101 1
102 1
103 1
104 0
105 2
106 1
107 1
108 3
109 1
110 1
111 2
112 2
113 1
114 0
115 0
116 0
117 1
118 2
119 1
120 1
121 1
122 1
123 1
124 0
125 1
126 2
127 0
128 3
129 4
130 2
131 1
132 2
133 0
134 1
135 0
136 0
137 0
138 0
139 1
140 0
141 0
142 1
143 1
144 0
145 0
146 0
147 0
148 0
149 0
150 0
151 0
152 0
153 1
154 0
155 0
156 2
157 2
158 1
159 2
160 1
161 2
162 1
163 0
164 0
165 0
166 0
167 0
168 0
169 1
170 1
171 0
172 0
173 0
174 1
175 0
176 0
177 0
178 0
179 0
180 0
181 0
182 0
183 1
184 0
185 0
186 0
187 0
188 0
189 0
190 0
191 0
192 0
193 0
194 0
195 0
196 1
197 0
198 0
199 0
200 0
201 0
202 0
203 0
204 0
205 0
206 0
207 0
208 0
209 0
210 0
211 0
212 0
213 0
214 1
215 1
216 0
217 0
218 0
219 0
220 0
221 1
222 1
223 0
224 0
225 0
226 0
227 0
228 0
229 0
230 0
231 0
232 0
233 0
234 1
235 1
236 1
237 0
238 0
239 1
240 0
241 0
242 0
243 0
244 1
245 1
246 0
247 0
248 0
249 0
250 0
251 0
252 0
253 1
254 0
255 0
256 0
257 1
258 0
259 0
260 0
261 1
262 1
263 0
264 0
265 0
266 0
267 0
268 0
269 0
270 1
271 1
272 1
273 0
274 0
275 1
276 0
277 1
278 0
279 0
280 0
281 0
282 0
283 0
284 0
285 0
286 0
287 0
288 0
289 1
290 0
291 1
292 0
293 0
294 0
295 0
296 0
297 0
298 1
299 0
300 0
301 0
302 0
303 1
304 0
305 1
306 0
307 0
308 0
309 1
310 0
311 0
312 1
313 1
314 0
315 0
316 0
317 0
318 0
319 0
320 0
321 0
322 0
323 0
324 0
325 0
326 0
327 0
328 0
329 0
330 0
331 1
332 1
333 1
334 0
335 0
336 1
337 0
338 0
339 0
340 0
341 0
342 0
343 1
344 0
345 1
346 0
347 0
348 0
349 1
350 1
351 1
352 1
353 1
354 1
355 1
356 0
357 1
358 1
359 2
360 0
361 1
362 1
363 1
364 0
365 1
366 1
367 1
368 0
369 0
370 3
371 2
372 2
373 0
374 1
375 1
376 1
377 0
378 0
379 1
380 0
381 1
382 1
383 1
384 0
385 1
386 0
387 0
388 0
389 1
390 1
391 1
392 1
393 1
394 1
395 1
396 0
397 0
398 0
399 2
400 2
401 1
402 1
403 1
404 1
405 1
406 1
407 1
408 0
409 1
410 1
411 1
412 0
413 0
414 1
415 1
416 2
417 0
418 1
419 1
420 1
421 0
422 1
423 1
424 1
425 1
426 1
427 1
428 1
429 1
430 0
431 1
432 1
433 1
434 1
435 0
436 0
437 0
438 2
439 1
440 1
441 0
442 0
443 0
444 2
445 1
446 0
447 1
448 1
449 2
450 2
451 0
452 0
453 1
454 0
455 2
456 0
457 0
458 2
459 1
460 1
461 1
462 0
463 0
464 0
465 0
466 0
467 0
468 0
469 0
470 0
471 0
472 0
473 0
474 0
475 0
476 0
477 0
478 0
479 0
480 1
481 1
482 0
483 0
484 0
485 0
486 0
487 1
488 0
489 0
490 0
491 1
492 0
493 1
494 1
495 2
496 1
497 1
498 0
499 0
500 0
501 1
502 1
503 0
504 0
505 0
506 0
507 1
508 0
509 0
510 1
511 1
512 0
513 0
514 1
515 0
516 1
517 1
518 1
519 1
520 0
521 1
522 0
523 0
524 0
525 1
526 0
527 1
528 1
529 0
530 0
531 1
532 0
533 1
534 0
535 0
536 0
537 0
538 0
539 0
540 0
541 0
542 0
543 0
544 0
545 0
546 0
547 0
548 0
549 0
550 1
551 1
552 1
553 0
554 0
555 0
556 1
557 1
558 1
559 1
560 0
561 0
562 0
563 0
564 1
565 0
566 0
567 0
568 0
569 0
570 0
571 0
572 0
573 0
574 0
575 0
576 0
577 0
578 1
579 0
580 0
581 0
582 0
583 0
584 0
585 0
586 0
587 0
588 0
589 0
590 0
591 0
592 0
593 0
594 0
595 0
596 0
597 0
598 0
599 0
600 0
601 0
602 1
603 0
604 0
605 0
606 0
607 0
608 1
609 0
610 1
611 1
612 1
613 1
614 0
615 0
616 0
617 0
618 1
619 0
620 0
621 0
622 0
623 0
624 1
625 0
626 0
627 0
628 0
629 0
630 0
631 0
632 0
633 1
634 0
635 0
636 0
637 0
638 0
639 1
640 1
641 1
642 0
643 0
644 1
645 1
646 1
647 0
648 0
649 0
650 0
651 0
652 0
653 0
654 1
655 0
656 0
657 0
658 0
659 1
660 0
661 0
662 1
663 1
664 1
665 0
666 0
667 0
668 0
669 0
670 0
671 0
672 0
673 0
674 0
675 0
676 0
677 0
678 0
679 0
680 0
681 1
682 1
683 0
684 0
685 1
686 1
687 1
688 0
689 1
690 1
691 1
692 0
693 0
694 0
695 1
696 1
697 1
698 1
699 1
700 0
701 1
702 0
703 0
704 0
705 1
706 1
707 0
708 1
709 1
710 0
711 1
712 1
713 1
714 1
715 2
716 0
717 2
718 1
719 0
720 0
721 0
722 1
723 1
724 1
725 0
726 1
727 1
728 1
729 1
730 0
731 1
732 1
733 1
734 1
735 1
736 1
737 1
738 1
739 1
740 0
741 1
742 1
743 1
744 1
745 1
746 0
747 0
748 0
749 1
750 2
751 1
752 0
753 1
754 1
755 0
756 0
757 1
758 0
759 0
760 0
761 0
762 1
763 0
764 1
765 1
766 2
767 2
768 0
769 0
770 0
771 0
772 0
773 1
774 0
775 0
776 0
777 0
778 0
779 0
780 0
781 0
782 0
783 0
784 0
785 0
786 0
787 0
788 0
789 0
790 0
791 0
792 1
793 0
794 1
795 0
796 0
797 0
798 0
799 0
800 0
801 0
802 0
803 0
804 0
805 0
806 0
807 0
808 0
809 0
810 0
811 0
812 0
813 0
814 0
815 0
816 0
817 0
818 0
819 0
820 0
821 0
822 0
823 0
824 0
825 0
826 0
827 0
828 0
829 0
830 0
831 0
832 0
833 0
834 0
835 0
836 0
837 0
838 0
839 0
840 0
841 0
842 1
843 0
844 0
845 0
846 0
847 0
848 0
849 0
850 0
851 0
852 0
853 0
854 0
855 0
856 1
857 0
858 1
859 0
860 0
861 0
862 0
863 0
864 0
865 0
866 0
867 0
868 0
869 0
870 0
871 0
872 0
873 0
874 0
875 0
876 0
877 0
878 0
879 0
880 0
881 0
882 0
883 0
884 0
885 0
886 2
887 0
888 0
889 0
890 1
891 0
892 0
893 1
894 1
895 0
896 0
897 0
898 1
899 1
900 1
901 0
902 1
903 1
904 2
905 2
906 0
907 0
908 1
909 1
910 0
911 0
912 1
913 0
914 0
915 0
916 1
917 0
918 0
919 2
920 1
921 2
922 0
923 1
924 1
925 0
926 1
927 0
928 0
929 1
930 0
931 0
932 0
933 0
934 1
935 1
936 1
937 2
938 1
939 0
940 1
941 1
942 0
943 1
944 2
945 0
946 1
947 1
948 2
949 0
950 0
951 0
952 1
953 0
954 1
955 2
956 1
957 2
958 0
959 2
960 1
961 3
962 2
963 1
964 2
965 1
966 1
967 1
968 1
969 0
970 0
971 1
972 0
973 1
974 0
975 0
976 1
977 0
978 0
979 0
980 0
981 0
982 0
983 0
984 0
985 0
986 0
987 0
988 1
989 1
990 0
991 0
992 1
993 1
994 1
995 0
996 1
997 1
998 2
999 0
1000 2
1001 1
