2.99333 -8.85311
2.98605 -8.84305
2.97874 -8.83303
2.97129 -8.82297
2.96403 -8.81297
2.95672 -8.80295
2.94937 -8.79293
2.94213 -8.78289
2.93504 -8.77286
2.92766 -8.76278
2.92058 -8.75278
2.91334 -8.74277
2.90609 -8.73272
2.8991 -8.72269
2.89196 -8.71267
2.88474 -8.70266
2.87756 -8.69256
2.87051 -8.68256
2.86342 -8.67251
2.85635 -8.66251
2.84939 -8.65245
2.84229 -8.64242
2.83531 -8.63242
2.82831 -8.62236
2.82139 -8.61235
2.81438 -8.60234
2.80738 -8.59226
2.80052 -8.58225
2.79364 -8.57224
2.78673 -8.5622
2.77973 -8.5522
2.77306 -8.54214
2.76619 -8.53212
2.7593 -8.5221
2.75236 -8.512
2.74559 -8.50198
2.73898 -8.49198
2.73218 -8.48196
2.72544 -8.47192
2.71876 -8.46191
2.71208 -8.45189
2.70526 -8.44188
2.69869 -8.43183
2.69196 -8.42183
2.68543 -8.41176
2.67877 -8.40175
2.6723 -8.39172
2.6657 -8.38169
2.65909 -8.37166
2.65267 -8.36165
2.64609 -8.35158
2.63967 -8.34158
2.63319 -8.33154
2.62673 -8.32152
2.62035 -8.3115
2.61392 -8.30146
2.60764 -8.29146
2.60135 -8.28142
2.59492 -8.27138
2.58858 -8.26136
2.58234 -8.25135
2.5761 -8.2413
2.56996 -8.23129
2.56361 -8.22124
2.55743 -8.21124
2.55137 -8.20118
2.54516 -8.19115
2.53917 -8.18114
2.53307 -8.17112
2.52703 -8.1611
2.52066 -8.15109
2.5147 -8.14094
2.5088 -8.13092
2.50288 -8.12091
2.49689 -8.1109
2.49108 -8.10084
2.48498 -8.09083
2.47929 -8.08074
2.47345 -8.07074
2.46767 -8.06069
2.46183 -8.05066
2.456 -8.04064
2.45034 -8.03061
2.44464 -8.02058
2.4389 -8.01056
2.43312 -8.00049
2.42764 -7.99048
2.422 -7.98048
2.41654 -7.97043
2.41096 -7.96041
2.40528 -7.95038
2.39984 -7.94036
2.39444 -7.93033
2.38906 -7.9203
2.38356 -7.91027
2.37809 -7.90025
2.37274 -7.89025
2.36729 -7.88024
2.36217 -7.87014
2.35698 -7.86008
2.35178 -7.85007
2.34635 -7.84005
2.34127 -7.82994
2.33631 -7.81993
2.33115 -7.8099
2.32605 -7.79989
2.32097 -7.78986
2.31601 -7.77984
2.31093 -7.76979
2.30594 -7.75979
2.3011 -7.74975
2.29623 -7.73972
2.29134 -7.7297
2.2865 -7.71968
2.2816 -7.70965
2.27679 -7.69961
2.27212 -7.6896
2.26736 -7.67953
2.26275 -7.66952
2.25821 -7.65951
2.25347 -7.64943
2.24895 -7.63943
2.24442 -7.62942
2.23982 -7.61933
2.23544 -7.60932
2.23097 -7.59929
2.2267 -7.58929
2.22221 -7.57927
2.21799 -7.56924
2.21361 -7.55923
2.20918 -7.54922
2.20521 -7.53913
2.20098 -7.5291
2.1968 -7.51908
2.19268 -7.50904
2.18864 -7.49903
2.1845 -7.48902
2.18057 -7.47898
2.17654 -7.46896
2.17247 -7.45894
2.16882 -7.44891
2.16496 -7.43889
2.16101 -7.42886
2.15728 -7.41883
2.15342 -7.40881
2.14969 -7.39873
2.14616 -7.38873
2.1423 -7.37861
2.13822 -7.36831
2.13416 -7.35813
2.13006 -7.34801
2.12629 -7.33757
2.12237 -7.32731
2.11839 -7.31715
2.11468 -7.30689
2.11083 -7.29661
2.10701 -7.28652
2.10339 -7.27606
2.09982 -7.26587
2.09619 -7.25563
2.09253 -7.24548
2.08895 -7.23506
2.08541 -7.22497
2.0817 -7.21483
2.07856 -7.20449
2.07525 -7.19429
2.072 -7.18403
2.06868 -7.17383
2.06524 -7.16371
2.06222 -7.15331
2.05909 -7.14313
2.05591 -7.13296
2.05281 -7.12278
2.04978 -7.11243
2.04686 -7.10226
2.04383 -7.09206
2.0408 -7.08187
2.03748 -7.07162
2.0341 -7.06144
2.03054 -7.05139
2.02726 -7.04088
2.02379 -7.03054
2.02054 -7.02042
2.01714 -7.01036
2.01408 -6.99974
2.01088 -6.98953
2.00776 -6.97919
2.00456 -6.96909
2.00161 -6.95869
1.99853 -6.94842
1.99564 -6.9383
1.99273 -6.92808
1.98941 -6.91807
1.98632 -6.90782
1.98363 -6.89782
1.98023 -6.88779
1.97731 -6.87772
1.9746 -6.86771
1.97159 -6.85769
1.96872 -6.84767
1.9658 -6.83761
1.96309 -6.8276
1.96041 -6.81758
1.95769 -6.80757
1.95484 -6.79738
1.95243 -6.78731
1.94949 -6.77731
1.94731 -6.76724
1.94487 -6.75723
1.94234 -6.7472
1.93999 -6.73718
1.93762 -6.72714
1.93536 -6.7171
1.93322 -6.70708
1.93098 -6.69707
1.9288 -6.68704
1.92674 -6.67701
1.92427 -6.66697
1.92237 -6.65686
1.92018 -6.64659
1.91813 -6.63657
1.91616 -6.62635
1.91426 -6.61623
1.9122 -6.60612
1.91057 -6.596
1.90861 -6.58582
1.90708 -6.5758
1.90524 -6.56553
1.90368 -6.55547
1.90211 -6.5454
1.90046 -6.53516
1.89895 -6.52508
1.89747 -6.51503
1.89611 -6.50494
1.89481 -6.49485
1.89353 -6.4847
1.89206 -6.47423
1.89104 -6.4642
1.88999 -6.45418
1.88889 -6.44402
1.88776 -6.43382
1.8868 -6.42372
1.88585 -6.41351
1.88508 -6.4035
1.88428 -6.39335
1.88337 -6.38299
1.88281 -6.37298
1.88209 -6.36278
1.88147 -6.3527
1.88097 -6.34263
1.88035 -6.33243
1.87993 -6.32235
1.87949 -6.31229
1.87848 -6.30223
1.87765 -6.29213
1.87666 -6.28204
1.87602 -6.27195
1.87524 -6.2619
1.87456 -6.25183
1.87396 -6.24174
1.87322 -6.2316
1.87292 -6.22155
1.87224 -6.21145
1.87202 -6.2014
1.87148 -6.19132
1.87116 -6.18126
1.87005 -6.17091
1.86851 -6.1604
1.86745 -6.15016
1.8663 -6.13977
1.86507 -6.1294
1.86394 -6.11905
1.86289 -6.10874
1.86192 -6.09824
1.86098 -6.08791
1.86014 -6.07754
1.85938 -6.06718
1.85858 -6.05679
1.8576 -6.04627
1.8572 -6.03601
1.8565 -6.0257
1.85595 -6.01531
1.85542 -6.00492
1.85504 -5.99452
1.85442 -5.98412
1.8543 -5.97377
1.85398 -5.96333
1.85377 -5.95301
1.85355 -5.94265
1.85327 -5.93226
1.85314 -5.9219
1.85317 -5.9114
1.85324 -5.90101
1.85348 -5.8906
1.85371 -5.88015
1.8538 -5.86972
1.85406 -5.85942
1.8545 -5.84902
1.85484 -5.83859
1.85526 -5.82818
1.85568 -5.81779
1.85619 -5.80746
1.85646 -5.79716
1.85721 -5.78683
1.85762 -5.77641
1.85819 -5.76615
1.85889 -5.75572
1.8596 -5.74539
1.86039 -5.73514
1.86134 -5.72475
1.8621 -5.71444
1.86309 -5.70408
1.86416 -5.69373
1.86524 -5.68339
1.86617 -5.67296
1.8674 -5.66273
1.86864 -5.65239
1.86921 -5.64219
1.86857 -5.63194
1.86812 -5.62173
1.86764 -5.61153
1.86718 -5.60132
1.86681 -5.59104
1.86644 -5.58087
1.86606 -5.57054
1.86522 -5.56026
1.86439 -5.54969
1.86357 -5.53926
1.86281 -5.52881
1.86199 -5.51858
1.86149 -5.50779
1.86081 -5.49751
1.86036 -5.48679
1.85981 -5.47621
1.85928 -5.46567
1.85895 -5.45532
1.85865 -5.44482
1.85841 -5.43447
1.85823 -5.42395
1.85808 -5.4135
1.85798 -5.403
1.85788 -5.39245
1.85789 -5.3821
1.85788 -5.37172
1.85786 -5.36106
1.85819 -5.35054
1.85844 -5.33998
1.85864 -5.32966
1.85887 -5.31943
1.8593 -5.30838
1.85973 -5.29785
1.85965 -5.2876
1.85932 -5.27739
1.85912 -5.26679
1.85915 -5.25673
1.85902 -5.24636
1.85894 -5.23625
1.85871 -5.22591
1.85752 -5.21571
1.85656 -5.20565
1.85572 -5.19558
1.85484 -5.18552
1.85396 -5.17546
1.8531 -5.16539
1.85221 -5.1553
1.85166 -5.1452
1.85076 -5.13514
1.85035 -5.12502
1.84983 -5.11496
1.84926 -5.10486
1.8488 -5.0948
1.8484 -5.08474
1.84793 -5.07465
1.84757 -5.06458
1.84739 -5.05452
1.84713 -5.0444
1.847 -5.03435
1.84666 -5.02432
1.84531 -5.01431
1.84417 -5.00429
1.84317 -4.99424
1.84211 -4.98423
1.84114 -4.9742
1.83982 -4.96376
1.83919 -4.9531
1.83823 -4.94309
1.83758 -4.93309
1.83666 -4.92309
1.83604 -4.91305
1.83549 -4.90305
1.83462 -4.89304
1.83425 -4.88304
1.83385 -4.87299
1.83331 -4.86298
1.83299 -4.85297
1.83244 -4.84296
1.8323 -4.83296
1.83204 -4.82293
1.83187 -4.81292
1.83155 -4.80292
1.8315 -4.79288
1.83121 -4.78266
1.8315 -4.77266
1.83102 -4.76262
1.8313 -4.75262
1.83162 -4.74262
1.83185 -4.73262
1.83205 -4.72249
1.83252 -4.71249
1.83264 -4.70247
1.83321 -4.69247
1.8336 -4.68247
1.83405 -4.67241
1.83472 -4.66219
1.83527 -4.65219
1.83582 -4.64209
1.83647 -4.63173
1.83738 -4.62173
1.83816 -4.61168
1.83894 -4.60163
1.83997 -4.59163
1.84092 -4.5816
1.84191 -4.5716
1.84289 -4.56159
1.84404 -4.55157
1.84515 -4.54157
1.84584 -4.53142
1.84736 -4.52142
1.84892 -4.51142
1.85003 -4.50135
1.85158 -4.4912
1.85297 -4.48119
1.85435 -4.47118
1.85604 -4.46118
1.85751 -4.45118
1.85929 -4.44115
1.86086 -4.43112
1.86259 -4.42112
1.86447 -4.41111
1.86622 -4.4011
1.86804 -4.3911
1.86989 -4.38108
1.87134 -4.37099
1.87058 -4.33995
1.87233 -4.32812
1.87306 -4.30674
1.87357 -4.28147
1.87449 -4.25823
1.87311 -4.24004
1.87209 -4.22311
1.87094 -4.20467
1.87023 -4.18858
1.86961 -4.17088
1.86905 -4.15353
1.86849 -4.13574
1.86502 -4.12298
1.85929 -4.1094
1.85346 -4.09606
1.84786 -4.0822
1.84199 -4.06823
1.83703 -4.05304
1.8316 -4.03958
1.82639 -4.02589
1.82121 -4.01228
1.81588 -3.9983
1.81093 -3.985
1.80601 -3.97144
1.80089 -3.95819
1.79585 -3.9449
1.79085 -3.93174
1.78594 -3.91856
1.78107 -3.90519
1.7752 -3.88822
1.77074 -3.87569
1.76623 -3.86022
1.76195 -3.8463
1.75802 -3.83089
1.75368 -3.8177
1.74904 -3.80483
1.74515 -3.79074
1.74096 -3.77733
1.73413 -3.73141
1.72847 -3.67657
1.72094 -3.6557
1.71245 -3.64566
1.70379 -3.63532
1.69508 -3.62492
1.68662 -3.61488
1.67801 -3.60462
1.6694 -3.59446
1.66086 -3.58413
1.65208 -3.57308
1.6435 -3.56245
1.63518 -3.55245
1.62675 -3.54244
1.61829 -3.53212
1.6097 -3.52123
1.60134 -3.51121
1.59285 -3.50117
1.58447 -3.49036
1.57625 -3.48036
1.56759 -3.47028
1.55936 -3.45923
1.55122 -3.44923
1.54274 -3.43672
1.5345 -3.42672
1.52581 -3.41499
1.51775 -3.40499
1.5097 -3.39499
1.50168 -3.38499
1.49364 -3.37491
1.48544 -3.24387
1.47767 -3.23283
1.4696 -3.22283
1.46149 -3.21205
1.45406 -3.19639
1.4461 -3.18629
1.43834 -3.17602
1.43067 -3.16555
1.42276 -3.15555
1.41523 -3.14444
1.40721 -3.13403
1.39973 -3.12401
1.39149 -3.11352
1.38464 -3.10029
1.37694 -3.08969
1.36959 -3.07943
1.36173 -3.0688
1.35463 -3.05644
1.34726 -3.04598
1.33986 -3.03566
1.33241 -3.02543
1.32518 -3.01515
1.31736 -3.00512
1.31065 -2.99379
1.3034 -2.98356
1.29628 -2.97331
1.28904 -2.96311
1.28202 -2.95264
1.2749 -2.94247
1.26796 -2.93217
1.261 -2.92188
1.25398 -2.91167
1.2471 -2.90139
1.24016 -2.89105
1.23345 -2.8808
1.22671 -2.87047
1.21998 -2.86023
1.21322 -2.8499
1.20663 -2.83947
1.20007 -2.82934
1.19353 -2.81895
1.18691 -2.80852
1.18059 -2.79841
1.1742 -2.78813
1.16768 -2.77755
1.16156 -2.76743
1.15533 -2.75715
1.14916 -2.74679
1.14301 -2.73654
1.13684 -2.72636
1.13079 -2.71599
1.12493 -2.70567
1.11883 -2.69539
1.11224 -2.68485
1.10728 -2.67206
1.10155 -2.66177
1.09581 -2.65145
1.08963 -2.64078
1.08366 -2.62992
1.07743 -2.61895
1.07143 -2.60804
1.06511 -2.59789
1.0595 -2.5857
1.05364 -2.57487
1.04792 -2.56376
1.04211 -2.55292
1.03653 -2.54197
1.031 -2.5309
1.02459 -2.52077
1.01819 -2.51061
1.0118 -2.50048
1.00574 -2.49043
0.999561 -2.48032
0.993383 -2.47022
0.987326 -2.46006
0.981267 -2.44998
0.975342 -2.43986
0.968866 -2.42984
0.963686 -2.41957
0.957798 -2.40938
0.951521 -2.39861
0.94642 -2.38848
0.940953 -2.37843
0.935393 -2.3683
0.929905 -2.35824
0.924527 -2.34807
0.919182 -2.33793
0.914009 -2.32787
0.90785 -2.31749
0.903693 -2.30749
0.898695 -2.29737
0.89363 -2.28729
0.888795 -2.27718
0.884012 -2.26706
0.879269 -2.25694
0.874356 -2.24685
0.869751 -2.23662
0.865413 -2.22654
0.860974 -2.21648
0.856651 -2.20637
0.852253 -2.19607
0.84828 -2.18602
0.844071 -2.17586
0.840114 -2.16579
0.83612 -2.1557
0.832316 -2.14547
0.828565 -2.1354
0.824901 -2.12526
0.821384 -2.11522
0.817939 -2.10511
0.814502 -2.09491
0.811094 -2.08481
0.808084 -2.07474
0.80488 -2.06457
0.801958 -2.05452
0.799094 -2.04442
0.795846 -2.03405
0.793437 -2.02402
0.790885 -2.01394
0.788398 -2.00387
0.784254 -1.9934
0.780333 -1.98253
0.77631 -1.97186
0.772416 -1.96107
0.768561 -1.95038
0.764881 -1.93954
0.761398 -1.92884
0.757625 -1.91825
0.753519 -1.90787
0.749647 -1.89738
0.74575 -1.88706
0.741986 -1.87674
0.73812 -1.86639
0.73476 -1.85598
0.731227 -1.84569
0.727803 -1.83536
0.724628 -1.82495
0.721554 -1.8146
0.7181 -1.80433
0.715598 -1.79382
0.712666 -1.78352
0.710054 -1.77317
0.707457 -1.7628
0.704982 -1.75248
0.702592 -1.74212
0.70045 -1.73178
0.698272 -1.72141
0.696233 -1.71111
0.69443 -1.70074
0.692736 -1.69036
0.691111 -1.68003
0.689511 -1.66963
0.688173 -1.6594
0.686977 -1.64905
0.685775 -1.63873
0.684523 -1.6283
0.683885 -1.61796
0.682946 -1.60772
0.682369 -1.59733
0.682011 -1.58684
0.681683 -1.57657
0.681503 -1.56627
0.681358 -1.55594
0.681276 -1.54559
0.675022 -1.53015
0.668872 -1.51547
0.66314 -1.50006
0.65759 -1.48489
0.652327 -1.46982
0.647144 -1.45492
0.639748 -1.44315
0.632337 -1.43145
0.624912 -1.41975
0.595861 -1.18754
0.590383 -1.16502
0.585638 -1.14406
0.581248 -1.12372
0.577644 -1.10255
0.573441 -1.08462
0.568231 -1.07117
0.563483 -1.059
0.558601 -1.04634
0.554261 -1.03422
0.550007 -1.0215
0.54579 -1.00675
0.542186 -0.995403
0.53855 -0.982425
0.535146 -0.970207
0.532055 -0.957344
0.529146 -0.944767
0.526501 -0.932013
0.524078 -0.918821
0.52177 -0.906813
0.519583 -0.894511
0.5172 -0.88195
0.515003 -0.86938
0.512512 -0.858386
0.509176 -0.846928
0.50611 -0.83564
0.503232 -0.824119
0.500444 -0.812587
0.497698 -0.801436
0.49548 -0.789657
0.493255 -0.778225
0.491287 -0.76674
0.489731 -0.755461
0.488221 -0.743986
0.486702 -0.732559
0.485068 -0.721562
0.483869 -0.710436
0.482654 -0.699303
0.481653 -0.688156
0.480848 -0.677068
0.480167 -0.666069
0.480059 -0.654847
0.479784 -0.643749
0.479885 -0.632625
0.480272 -0.621426
0.480858 -0.610341
0.481459 -0.599145
0.482305 -0.587899
0.483397 -0.576978
0.484981 -0.565701
0.486522 -0.554591
0.488285 -0.543377
0.490276 -0.532261
0.488449 -0.515548
0.486996 -0.498729
0.485989 -0.481866
0.485555 -0.464384
0.485663 -0.447611
0.486215 -0.430338
0.487235 -0.413245
0.488607 -0.395793
0.490722 -0.378675
0.492805 -0.362092
0.496223 -0.344462
0.499748 -0.328053
0.503653 -0.310624
0.503771 -0.299106
0.500679 -0.28859
0.497526 -0.278292
0.494876 -0.267962
0.492331 -0.257629
0.489909 -0.247318
0.487544 -0.237077
0.485505 -0.22672
0.483383 -0.216484
0.481586 -0.206301
0.480107 -0.195934
0.478755 -0.18544
0.477524 -0.175265
0.476542 -0.164919
0.475842 -0.154603
0.47518 -0.144367
0.474711 -0.134105
0.474434 -0.1238
0.474309 -0.113529
0.474518 -0.103318
0.474796 -0.093057
0.475138 -0.082706
0.475974 -0.072548
0.476634 -0.062297
0.477497 -0.051931
0.478184 -0.041475
0.479273 -0.031176
0.480423 -0.020743
0.48178 -0.01039
0.483284 0
0.484979 0.010238
0.485821 0.02037
0.484317 0.0343
0.482864 0.046364
0.481973 0.061146
0.480774 0.074456
0.480614 0.08708
0.480371 0.100458
0.480354 0.113384
0.480465 0.126344
0.479671 0.136586
0.478721 0.147118
0.478344 0.158056
0.477542 0.16895
0.477106 0.179531
0.476651 0.190489
0.477734 0.200876
0.477843 0.211684
0.478239 0.222439
0.478753 0.233514
0.479799 0.243741
0.480141 0.257272
0.481516 0.268665
0.483133 0.280156
0.484458 0.290574
0.486044 0.301563
0.488079 0.311836
0.490027 0.322422
0.492098 0.333133
0.494441 0.343472
0.496862 0.353917
0.499623 0.364832
0.502391 0.375767
0.505356 0.386186
0.508372 0.396977
0.51171 0.407347
0.515095 0.41787
0.518169 0.428718
0.521441 0.438899
0.524788 0.449224
0.528261 0.45965
0.53163 0.46989
0.533997 0.480052
0.536628 0.490108
0.539196 0.5002
0.541916 0.510274
0.544831 0.520481
0.547747 0.530565
0.550815 0.540878
0.554251 0.550953
0.557563 0.561106
0.561 0.571284
0.564625 0.581461
0.568682 0.591576
0.5726 0.601667
0.576531 0.611757
0.580593 0.621961
0.584083 0.632423
0.587111 0.643629
0.590241 0.654719
0.593564 0.665993
0.59692 0.676918
0.600536 0.688367
0.604307 0.699393
0.608207 0.71076
0.612142 0.721714
0.615931 0.732922
0.619209 0.743132
0.622203 0.753453
0.625644 0.763707
0.629108 0.77395
0.632553 0.78428
0.636218 0.794518
0.63978 0.804993
0.643108 0.815522
0.646417 0.825969
0.649211 0.837005
0.653666 0.847279
0.657828 0.858199
0.661664 0.868857
0.665524 0.879136
0.670015 0.889844
0.67434 0.900386
0.678784 0.911026
0.683301 0.92152
0.687898 0.932147
0.692577 0.942617
0.697136 0.953692
0.70232 0.963999
0.707376 0.974504
0.712349 0.985164
0.717583 0.995607
0.722953 1.00606
0.728321 1.01659
0.733782 1.0273
0.739333 1.03789
0.745054 1.04834
0.750654 1.05876
0.756588 1.06956
0.762328 1.07998
0.768324 1.09055
0.774121 1.10099
0.780023 1.11153
0.7861 1.1219
0.791909 1.13265
0.798272 1.14334
0.804089 1.15365
0.810092 1.16403
0.815938 1.17434
0.822052 1.18481
0.82806 1.19514
0.834313 1.2055
0.840429 1.21597
0.846741 1.22627
0.853159 1.23666
0.859598 1.24694
0.866156 1.2574
0.872635 1.26772
0.879259 1.2781
0.885975 1.28844
0.892675 1.29877
0.899487 1.30912
0.906255 1.31941
0.913175 1.3299
0.920089 1.34016
0.927148 1.35051
0.93417 1.36084
0.941305 1.37125
0.948458 1.38155
0.955666 1.39192
0.962862 1.40224
0.970145 1.41256
0.977373 1.423
0.984894 1.43334
0.992287 1.44362
0.999626 1.45406
1.00737 1.46435
1.01492 1.47468
1.02244 1.48498
1.03013 1.49546
1.03782 1.50578
1.0454 1.51604
1.0532 1.52658
1.06108 1.53686
1.06886 1.54715
1.07671 1.55747
1.08462 1.56787
1.09261 1.57827
1.10054 1.58863
1.10854 1.59891
1.11654 1.60925
1.12466 1.61958
1.13278 1.62998
1.14086 1.6403
1.14893 1.6506
1.15724 1.66112
1.1654 1.6716
1.17371 1.6819
1.18191 1.69226
1.19021 1.70261
1.19852 1.71315
1.207 1.7234
1.2154 1.73384
1.22376 1.74421
1.23218 1.75451
1.24062 1.76486
1.24917 1.77522
1.25754 1.78555
1.26621 1.79611
1.27475 1.80644
1.28333 1.81687
1.29199 1.8272
1.30056 1.83756
1.30924 1.84789
1.3179 1.85827
1.32659 1.86853
1.33534 1.87894
1.34402 1.88934
1.35282 1.89961
1.36146 1.90991
1.37037 1.92031
1.37919 1.93062
1.388 1.94096
1.39671 1.95153
1.40562 1.96181
1.41458 1.97205
1.42327 1.98258
1.43239 1.99278
1.44127 2.00318
1.45028 2.01347
1.4592 2.02383
1.46819 2.03417
1.47713 2.0446
1.48617 2.05481
1.4952 2.06516
1.50423 2.07551
1.51321 2.0859
1.52228 2.09626
1.53134 2.10648
1.54036 2.11712
1.5496 2.12728
1.55869 2.13759
1.56598 2.14837
1.56916 2.16953
1.57267 2.19191
1.57645 2.21411
1.58022 2.2344
1.58465 2.25784
1.58868 2.27489
1.59355 2.30339
1.5989 2.32367
1.60401 2.34577
1.60937 2.36777
1.61533 2.38918
1.62134 2.41093
1.62758 2.43249
1.634 2.45459
1.64059 2.47704
1.64769 2.49776
1.65469 2.52064
1.66206 2.54309
1.6698 2.56373
1.67739 2.58635
1.68553 2.60833
1.69378 2.62828
1.70236 2.65399
1.71119 2.67283
1.72013 2.76632
1.73003 2.78434
1.73891 2.80793
1.74673 2.82558
1.75002 2.8388
1.75342 2.85199
1.75684 2.86528
1.76053 2.87832
1.76411 2.89161
1.76777 2.90457
1.77156 2.91819
1.77558 2.93097
1.77967 2.94427
1.78367 2.95743
1.78785 2.97065
1.79199 2.9839
1.79636 2.99699
1.80066 3.01036
1.80517 3.02347
1.80973 3.03662
1.81434 3.04979
1.81894 3.06279
1.82376 3.07618
1.8284 3.08964
1.83345 3.10262
1.83848 3.1158
1.84347 3.12887
1.8486 3.14225
1.85373 3.15571
1.85912 3.16851
1.86447 3.18187
1.8699 3.19493
1.87541 3.20804
1.87849 3.22687
1.87977 3.25978
1.88177 3.29354
1.88405 3.32553
1.88677 3.35769
1.88895 3.3822
1.88854 3.39221
1.88805 3.40226
1.88761 3.41228
1.88733 3.42229
1.88713 3.43237
1.8869 3.44239
1.88665 3.45239
1.88654 3.4625
1.88618 3.4725
1.88637 3.48252
1.88649 3.49259
1.88657 3.50261
1.88659 3.51263
1.88647 3.52282
1.88702 3.53283
1.88731 3.54284
1.88745 3.55288
1.88791 3.5629
1.8882 3.57295
1.88872 3.58295
1.88928 3.59298
1.88982 3.60302
1.89016 3.61308
1.89097 3.6233
1.89156 3.6333
1.89198 3.64348
1.89305 3.6537
1.89374 3.66388
1.89425 3.67388
1.89588 3.68396
1.89649 3.69396
1.89777 3.70401
1.89896 3.71408
1.89999 3.72409
1.90123 3.73413
1.90222 3.74413
1.90366 3.75421
1.9046 3.76422
1.90633 3.7743
1.90741 3.78449
1.90904 3.79487
1.91061 3.80487
1.91219 3.81492
1.91378 3.82495
1.91506 3.83498
1.91648 3.84503
1.91778 3.85506
1.9192 3.86551
1.92067 3.87553
1.92194 3.88585
1.92352 3.8959
1.92502 3.90592
1.92634 3.91594
1.92796 3.92602
1.92953 3.93603
1.9311 3.94611
1.93278 3.95619
1.93457 3.96621
1.93634 3.97632
1.93811 3.98636
1.93994 3.99638
1.94134 4.00638
1.94395 4.01657
1.94553 4.02723
1.94794 4.03755
1.94997 4.04769
1.95217 4.05771
1.95427 4.06782
1.95653 4.07784
1.95868 4.0879
1.96115 4.09791
1.96343 4.10794
1.96579 4.11802
1.96834 4.12805
1.97069 4.1382
1.97319 4.14828
1.97589 4.1583
1.97856 4.16832
1.9811 4.17836
1.98387 4.18842
1.98638 4.19859
1.98898 4.20865
1.99088 4.21879
1.99264 4.2288
1.99474 4.23889
1.99679 4.24896
1.99879 4.25904
2.0008 4.26907
2.00289 4.27917
2.00518 4.28922
2.00713 4.29924
2.00943 4.30933
2.01194 4.31947
2.01421 4.32956
2.01679 4.33959
2.01916 4.34967
2.02162 4.35971
2.02419 4.36977
2.02653 4.3798
2.02933 4.38988
2.032 4.39999
2.03462 4.41002
2.03743 4.4201
2.04004 4.43013
2.04296 4.44026
2.04577 4.45035
2.04887 4.46038
2.05174 4.47044
2.0548 4.48048
2.05766 4.49055
2.06086 4.50061
2.06398 4.51069
2.06714 4.52071
2.07041 4.5308
2.07368 4.54085
2.07681 4.55092
2.08022 4.56101
2.08359 4.57103
2.08688 4.58106
2.09038 4.59115
2.0937 4.60118
2.09627 4.61148
2.09884 4.62188
2.10126 4.63231
2.10406 4.6426
2.10673 4.65307
2.1095 4.66333
2.11228 4.67382
2.11498 4.6843
2.11801 4.6945
2.12093 4.7048
2.12397 4.7152
2.12697 4.72559
2.12988 4.73599
2.13294 4.74629
2.13617 4.75671
2.13937 4.76707
2.14245 4.77749
2.14589 4.78777
2.14903 4.7982
2.15251 4.8085
2.15571 4.81889
2.15933 4.82924
2.16276 4.83964
2.16624 4.85004
2.16972 4.86045
2.17336 4.87067
2.17706 4.88105
2.18064 4.89152
2.18442 4.90181
2.18781 4.91263
2.19181 4.92271
2.19556 4.93303
2.19927 4.94326
2.20306 4.9536
2.20683 4.96422
2.2109 4.97433
2.21483 4.98472
2.21874 4.99495
2.22273 5.00544
2.2268 5.01567
2.23086 5.02604
2.23498 5.03625
2.23922 5.04667
2.2434 5.05694
2.24753 5.06724
2.25177 5.0775
2.25618 5.08788
2.26056 5.09819
2.2649 5.10848
2.26931 5.11884
2.27366 5.12915
2.27821 5.13942
2.28276 5.14976
2.28722 5.16008
2.29185 5.17036
2.2965 5.18081
2.30108 5.19101
2.30591 5.20136
2.31049 5.21178
2.31539 5.22205
2.32013 5.23242
2.32471 5.24259
2.32976 5.25317
2.33478 5.26335
2.3397 5.27366
2.34465 5.28403
2.34962 5.29428
2.35456 5.30481
2.35955 5.31499
2.3646 5.32522
2.36986 5.33565
2.37507 5.34608
2.38022 5.35627
2.38543 5.36671
2.39067 5.37705
2.3961 5.38728
2.40133 5.3977
2.40659 5.40799
2.41207 5.41825
2.41729 5.42888
2.42252 5.43942
2.42827 5.44946
2.43323 5.45974
2.43796 5.47011
2.44259 5.48047
2.44741 5.4908
2.45217 5.50117
2.45696 5.51151
2.46179 5.52193
2.46666 5.53222
2.4715 5.54248
2.47549 5.55257
2.47978 5.56261
2.48411 5.57277
2.48843 5.58282
2.49281 5.59292
2.49724 5.60299
2.50164 5.61307
2.506 5.62315
2.51041 5.63325
2.51475 5.64329
2.51939 5.65343
2.52397 5.66348
2.52849 5.67353
2.53317 5.68365
2.53788 5.69372
2.54247 5.70378
2.54713 5.71392
2.55196 5.72398
2.55659 5.73409
2.56148 5.74415
2.56621 5.75426
2.57095 5.76431
2.57522 5.77431
2.57958 5.78431
2.58391 5.79431
2.58838 5.80432
2.59261 5.81446
2.59724 5.8245
2.60179 5.8345
2.6062 5.84453
2.61079 5.85455
2.61535 5.86464
2.61998 5.87469
2.62467 5.88469
2.62925 5.89474
2.634 5.90474
2.63868 5.91474
2.64332 5.92476
2.64828 5.93477
2.653 5.94482
2.65787 5.95482
2.66269 5.96482
2.66753 5.97482
2.6723 5.98539
2.67723 5.9954
2.68222 6.00545
2.68729 6.01545
2.69239 6.02545
2.69742 6.03545
2.70245 6.04545
2.70753 6.0556
2.71276 6.06572
2.71793 6.07573
2.72305 6.0858
2.72825 6.09582
2.73348 6.10582
2.73854 6.11613
2.74389 6.12613
2.74923 6.13613
2.75452 6.14613
2.76003 6.15619
2.76536 6.16623
2.77073 6.17623
2.77612 6.18623
2.78154 6.19624
2.7871 6.20628
2.79261 6.21628
2.79809 6.22628
2.80351 6.23628
2.80911 6.24665
2.81466 6.25665
2.8204 6.26667
2.82606 6.2767
2.83171 6.2867
2.83737 6.29681
2.84304 6.30681
2.84873 6.31681
2.85444 6.32681
2.86036 6.33681
2.86605 6.34681
2.87192 6.35682
2.87757 6.36682
2.88338 6.3773
2.88923 6.3873
2.89545 6.39747
2.9014 6.40747
2.90731 6.41747
2.91321 6.42747
2.91922 6.4375
2.92519 6.4475
2.93124 6.45751
2.9374 6.46752
2.94343 6.47751
2.94938 6.48752
2.95552 6.49788
2.96162 6.50788
2.96773 6.51788
2.97408 6.52796
2.98032 6.53796
2.98641 6.54796
2.9926 6.55825
2.99887 6.56826
