0 3
1 3
2 3
3 4
4 4
5 4
6 4
7 1
8 3
9 4
10 1
11 1
12 2
13 4
14 2
15 1
16 2
17 3
18 3
19 4
20 3
21 3
22 3
23 5
24 3
25 4
26 1
27 4
28 2
29 5
30 3
31 2
32 4
33 4
34 4
35 5
36 2
37 5
38 2
39 2
40 2
41 4
42 4
43 3
44 2
45 4
46 1
47 3
48 3
49 2
50 2
51 3
52 4
53 3
54 5
55 2
56 2
57 1
58 3
59 2
60 3
61 1
62 4
63 2
64 3
65 2
66 1
67 3
68 3
69 1
70 2
71 2
72 4
73 3
74 1
75 4
76 3
77 3
78 3
79 3
80 3
81 2
82 2
83 5
84 4
85 2
86 1
87 3
88 2
89 4
90 3
91 4
92 3
93 3
94 3
95 3
96 4
97 5
98 3
99 4
100 3
101 3
102 3
103 3
104 3
105 5
106 2
107 3
108 4
109 4
110 5
111 2
112 2
113 4
114 4
115 2
116 4
117 5
118 4
119 5
120 5
121 7
122 4
123 6
124 5
125 4
126 6
127 6
128 4
129 4
130 3
131 5
132 4
133 4
134 4
135 4
136 6
137 4
138 7
139 6
140 6
141 5
142 4
143 6
144 3
145 6
146 5
147 6
148 5
149 7
150 5
151 6
152 3
153 4
154 5
155 3
156 8
157 5
158 3
159 8
160 6
161 4
162 6
163 6
164 8
165 7
166 5
167 5
168 6
169 6
170 3
171 4
172 5
173 4
174 5
175 5
176 6
177 5
178 5
179 4
180 7
181 4
182 3
183 5
184 5
185 5
186 4
187 5
188 7
189 5
190 1
191 4
192 6
193 6
194 5
195 3
196 6
197 3
198 3
199 4
200 4
201 4
202 5
203 4
204 3
205 5
206 5
207 5
208 7
209 2
210 3
211 3
212 4
213 5
214 6
215 4
216 4
217 5
218 6
219 5
220 5
221 3
222 6
223 6
224 5
225 5
226 5
227 4
228 5
229 4
230 2
231 3
232 3
233 4
234 4
235 4
236 5
237 3
238 3
239 6
240 4
241 6
242 4
243 5
244 5
245 3
246 4
247 5
248 5
249 2
250 5
251 6
252 4
253 6
254 4
255 4
256 3
257 5
258 5
259 5
260 4
261 2
262 3
263 4
264 3
265 4
266 4
267 6
268 5
269 7
270 5
271 4
272 6
273 4
274 5
275 3
276 4
277 5
278 5
279 5
280 6
281 7
282 6
283 9
284 6
285 5
286 5
287 7
288 6
289 4
290 5
291 4
292 5
293 6
294 4
295 3
296 5
297 6
298 5
299 4
300 5
301 7
302 5
303 4
304 5
305 5
306 5
307 5
308 5
309 8
310 6
311 5
312 5
313 5
314 7
315 7
316 6
317 4
318 3
319 6
320 5
321 5
322 5
323 3
324 5
325 4
326 5
327 5
328 5
329 7
330 6
331 5
332 5
333 4
334 7
335 3
336 4
337 4
338 7
339 6
340 7
341 6
342 4
343 6
344 5
345 5
346 6
347 6
348 6
349 4
350 5
351 4
352 5
353 6
354 6
355 6
356 5
357 5
358 6
359 7
360 4
361 7
362 6
363 4
364 4
365 4
366 4
367 6
368 4
369 6
370 5
371 5
372 5
373 6
374 5
375 4
376 6
377 4
378 5
379 6
380 3
381 4
382 3
383 6
384 8
385 8
386 6
387 7
388 6
389 8
390 7
391 5
392 7
393 7
394 8
395 5
396 4
397 4
398 3
399 5
400 7
401 8
402 8
403 5
404 7
405 7
406 6
407 5
408 6
409 4
410 6
411 6
412 3
413 5
414 8
415 5
416 8
417 7
418 3
419 4
420 7
421 7
422 4
423 6
424 6
425 6
426 5
427 2
428 5
429 4
430 4
431 4
432 7
433 5
434 6
435 7
436 3
437 4
438 5
439 5
440 6
441 4
442 5
443 6
444 3
445 6
446 2
447 7
448 6
449 8
450 3
451 7
452 5
453 5
454 6
455 6
456 8
457 7
458 5
459 7
460 5
461 4
462 6
463 5
464 8
465 4
466 5
467 5
468 5
469 7
470 5
471 6
472 3
473 3
474 6
475 7
476 6
477 5
478 7
479 3
480 4
481 5
482 4
483 5
484 6
485 4
486 3
487 8
488 5
489 6
490 7
491 4
492 6
493 5
494 5
495 5
496 7
497 7
498 6
499 8
500 6
501 3
502 7
503 5
504 5
505 4
506 5
507 6
508 4
509 6
510 5
511 5
512 6
513 6
514 6
515 3
516 6
517 5
518 6
519 6
520 3
521 3
522 3
523 6
524 6
525 5
526 5
527 6
528 6
529 6
530 5
531 5
532 8
533 4
534 4
535 5
536 6
537 6
538 5
539 4
540 5
541 6
542 4
543 6
544 6
545 4
546 5
547 4
548 4
549 5
550 5
551 4
552 5
553 5
554 4
555 6
556 5
557 6
558 6
559 5
560 7
561 6
562 5
563 4
564 7
565 4
566 7
567 6
568 7
569 6
570 5
571 6
572 5
573 7
574 4
575 4
576 3
577 7
578 2
579 6
580 6
581 8
582 6
583 6
584 6
585 6
586 7
587 4
588 6
589 6
590 6
591 6
592 6
593 5
594 4
595 4
596 3
597 4
598 4
599 2
600 6
601 5
602 4
603 3
604 8
605 4
606 5
607 4
608 4
609 3
610 6
611 4
612 3
613 3
614 3
615 4
616 1
617 7
618 5
619 4
620 4
621 4
622 5
623 7
624 4
625 7
626 4
627 4
628 2
629 4
630 4
631 4
632 6
633 4
634 6
635 7
636 5
637 4
638 4
639 4
640 7
641 4
642 3
643 6
644 3
645 5
646 5
647 4
648 3
649 3
650 4
651 5
652 3
653 5
654 4
655 5
656 5
657 4
658 5
659 5
660 2
661 4
662 2
663 2
664 2
665 5
666 4
667 2
668 3
669 3
670 5
671 3
672 4
673 3
674 3
675 3
676 1
677 2
678 4
679 3
680 6
681 5
682 6
683 5
684 2
685 4
686 2
687 4
688 3
689 3
690 5
691 5
692 4
693 7
694 3
695 4
696 3
697 3
698 4
699 4
700 4
701 3
702 8
703 7
704 3
705 3
706 4
707 2
708 4
709 4
710 2
711 6
712 4
713 4
714 3
715 2
716 3
717 2
718 4
719 3
720 4
721 4
722 4
723 2
724 2
725 3
726 6
727 5
728 3
729 2
730 3
731 4
732 3
733 5
734 4
735 5
736 4
737 4
738 4
739 4
740 1
741 3
742 4
743 4
744 3
745 4
746 5
747 2
748 3
749 5
750 4
751 5
752 4
753 3
754 4
755 6
756 3
757 5
758 4
759 4
760 6
761 5
762 4
763 4
764 3
765 3
766 5
767 5
768 3
769 5
770 4
771 4
772 3
773 6
774 3
775 4
776 4
777 5
778 6
779 4
780 3
781 4
782 4
783 4
784 4
785 3
786 6
787 5
788 5
789 5
790 2
791 4
792 6
793 4
794 4
795 4
796 4
797 4
798 4
799 6
800 3
801 4
802 2
803 4
804 5
805 4
806 6
807 3
808 4
809 4
810 4
811 5
812 3
813 3
814 6
815 6
816 6
817 5
818 3
819 3
820 4
821 5
822 6
823 5
824 4
825 4
826 6
827 5
828 4
829 6
830 2
831 3
832 4
833 3
834 7
835 4
836 4
837 5
838 3
839 4
840 5
841 2
842 3
843 4
844 4
845 5
846 4
847 6
848 4
849 5
850 4
851 2
852 6
853 5
854 3
855 2
856 3
857 8
858 6
859 5
860 3
861 5
862 2
863 2
864 3
865 5
866 6
867 4
868 4
869 4
870 4
871 5
872 3
873 6
874 4
875 3
876 2
877 7
878 6
879 5
880 4
881 5
882 4
883 2
884 6
885 5
886 3
887 6
888 5
889 6
890 3
891 4
892 2
893 2
894 4
895 3
896 5
897 6
898 4
899 5
900 3
901 2
902 4
903 7
904 1
905 5
906 4
907 6
908 1
909 4
910 3
911 6
912 3
913 4
914 2
915 4
916 6
917 6
918 3
919 5
920 2
921 4
922 3
923 4
924 5
925 5
926 5
927 4
928 4
929 4
930 6
931 4
932 2
933 4
934 5
935 4
936 4
937 5
938 4
939 5
940 4
941 5
942 4
943 6
944 5
945 5
946 6
947 5
948 5
949 5
950 4
951 3
952 3
953 4
954 6
955 6
956 4
957 6
958 5
959 5
960 5
961 7
962 4
963 3
964 3
965 7
966 5
967 5
968 4
969 7
970 5
971 6
972 5
973 4
974 5
975 4
976 3
977 5
978 6
979 3
980 5
981 5
982 4
983 5
984 3
985 4
986 5
987 4
988 4
989 5
990 6
991 5
992 4
993 7
994 4
995 7
996 5
997 3
998 3
999 3
1000 3
1001 3
0 3
1 3
2 4
3 1
4 2
5 0
6 1
7 1
8 3
9 1
10 0
11 3
12 0
13 1
14 2
15 1
16 2
17 0
18 2
19 1
20 1
21 2
22 0
23 4
24 2
25 3
26 0
27 1
28 2
29 1
30 1
31 0
32 4
33 1
34 1
35 1
36 1
37 0
38 2
39 3
40 2
41 1
42 2
43 3
44 3
45 2
46 2
47 3
48 0
49 1
50 3
51 0
52 1
53 2
54 1
55 2
56 1
57 1
58 3
59 1
60 1
61 1
62 0
63 2
64 2
65 2
66 1
67 3
68 2
69 3
70 2
71 3
72 3
73 3
74 2
75 4
76 2
77 2
78 2
79 2
80 1
81 2
82 1
83 0
84 1
85 1
86 1
87 1
88 2
89 2
90 2
91 3
92 0
93 1
94 3
95 2
96 2
97 2
98 1
99 0
100 3
101 3
102 2
103 1
104 2
105 1
106 4
107 1
108 0
109 1
110 0
111 1
112 2
113 1
114 2
115 2
116 0
117 2
118 3
119 2
120 1
121 4
122 3
123 3
124 1
125 3
126 2
127 2
128 0
129 1
130 0
131 3
132 1
133 3
134 0
135 1
136 2
137 2
138 1
139 2
140 0
141 1
142 0
143 1
144 2
145 0
146 1
147 1
148 1
149 2
150 2
151 1
152 1
153 1
154 1
155 1
156 2
157 1
158 2
159 3
160 1
161 3
162 1
163 3
164 2
165 3
166 1
167 0
168 2
169 2
170 0
171 1
172 1
173 2
174 1
175 3
176 4
177 1
178 2
179 1
180 2
181 1
182 1
183 2
184 2
185 2
186 1
187 2
188 2
189 2
190 2
191 2
192 3
193 3
194 2
195 2
196 1
197 1
198 1
199 1
200 1
201 1
202 1
203 2
204 1
205 0
206 2
207 1
208 2
209 1
210 2
211 2
212 2
213 2
214 2
215 1
216 2
217 1
218 1
219 1
220 1
221 1
222 0
223 1
224 2
225 1
226 2
227 3
228 1
229 1
230 2
231 1
232 2
233 1
234 2
235 0
236 0
237 1
238 0
239 0
240 3
241 2
242 2
243 1
244 1
245 2
246 0
247 1
248 1
249 2
250 2
251 1
252 0
253 1
254 1
255 1
256 2
257 3
258 4
259 1
260 2
261 2
262 1
263 2
264 1
265 2
266 3
267 1
268 1
269 2
270 1
271 1
272 3
273 2
274 3
275 2
276 2
277 0
278 0
279 1
280 1
281 0
282 1
283 1
284 1
285 1
286 1
287 1
288 1
289 1
290 1
291 1
292 1
293 1
294 1
295 1
296 0
297 1
298 0
299 1
300 0
301 1
302 1
303 1
304 2
305 0
306 1
307 2
308 2
309 1
310 2
311 2
312 1
313 1
314 1
315 1
316 0
317 0
318 3
319 1
320 1
321 0
322 1
323 2
324 1
325 0
326 0
327 2
328 1
329 1
330 3
331 1
332 2
333 1
334 3
335 2
336 2
337 2
338 1
339 2
340 1
341 0
342 1
343 1
344 1
345 0
346 2
347 1
348 2
349 0
350 2
351 3
352 2
353 0
354 1
355 1
356 2
357 2
358 1
359 1
360 0
361 2
362 4
363 0
364 1
365 1
366 1
367 0
368 1
369 3
370 0
371 1
372 2
373 3
374 0
375 0
376 0
377 1
378 3
379 2
380 0
381 1
382 3
383 2
384 0
385 0
386 1
387 1
388 0
389 2
390 3
391 0
392 1
393 2
394 1
395 2
396 2
397 0
398 2
399 2
400 2
401 1
402 0
403 0
404 1
405 0
406 2
407 1
408 2
409 1
410 1
411 0
412 0
413 1
414 0
415 2
416 2
417 1
418 1
419 0
420 1
421 1
422 0
423 2
424 2
425 1
426 2
427 2
428 1
429 2
430 1
431 0
432 1
433 2
434 1
435 1
436 3
437 2
438 0
439 2
440 2
441 1
442 0
443 1
444 3
445 2
446 2
447 3
448 3
449 2
450 1
451 3
452 3
453 1
454 2
455 1
456 2
457 1
458 1
459 3
460 1
461 2
462 2
463 1
464 1
465 2
466 2
467 2
468 2
469 3
470 4
471 3
472 2
473 1
474 3
475 2
476 3
477 2
478 2
479 2
480 3
481 2
482 2
483 2
484 1
485 2
486 2
487 2
488 3
489 3
490 3
491 3
492 3
493 3
494 3
495 2
496 1
497 3
498 3
499 3
500 3
501 2
502 2
503 2
504 2
505 3
506 2
507 2
508 4
509 3
510 4
511 2
512 2
513 1
514 2
515 2
516 4
517 1
518 2
519 2
520 2
521 3
522 2
523 2
524 2
525 3
526 0
527 2
528 3
529 3
530 1
531 2
532 3
533 3
534 2
535 2
536 1
537 2
538 2
539 3
540 2
541 3
542 3
543 2
544 2
545 2
546 2
547 2
548 3
549 3
550 2
551 3
552 2
553 2
554 3
555 1
556 4
557 3
558 2
559 1
560 2
561 2
562 2
563 4
564 3
565 3
566 1
567 3
568 0
569 3
570 1
571 4
572 1
573 1
574 1
575 2
576 2
577 3
578 4
579 3
580 3
581 1
582 3
583 2
584 3
585 4
586 4
587 2
588 3
589 2
590 3
591 2
592 4
593 2
594 1
595 3
596 4
597 1
598 2
599 3
600 3
601 1
602 2
603 5
604 3
605 4
606 4
607 2
608 3
609 3
610 2
611 3
612 1
613 2
614 3
615 1
616 3
617 3
618 2
619 2
620 3
621 2
622 3
623 3
624 2
625 1
626 1
627 2
628 2
629 2
630 1
631 3
632 2
633 3
634 3
635 3
636 2
637 2
638 4
639 4
640 2
641 4
642 4
643 2
644 2
645 3
646 1
647 4
648 1
649 3
650 2
651 4
652 1
653 4
654 4
655 4
656 5
657 5
658 3
659 3
660 3
661 2
662 3
663 1
664 2
665 3
666 3
667 4
668 2
669 4
670 4
671 3
672 4
673 3
674 2
675 1
676 4
677 4
678 3
679 3
680 3
681 2
682 4
683 2
684 3
685 2
686 3
687 2
688 2
689 1
690 3
691 2
692 3
693 3
694 3
695 3
696 4
697 2
698 2
699 2
700 1
701 3
702 2
703 1
704 2
705 2
706 3
707 2
708 3
709 2
710 2
711 3
712 2
713 3
714 2
715 4
716 2
717 2
718 2
719 4
720 2
721 3
722 3
723 3
724 4
725 3
726 1
727 3
728 3
729 3
730 3
731 2
732 2
733 3
734 1
735 3
736 4
737 2
738 3
739 1
740 4
741 3
742 4
743 2
744 2
745 2
746 0
747 2
748 5
749 3
750 3
751 3
752 4
753 1
754 3
755 3
756 3
757 2
758 2
759 2
760 3
761 4
762 4
763 3
764 4
765 2
766 1
767 4
768 5
769 2
770 4
771 2
772 2
773 2
774 3
775 1
776 2
777 3
778 2
779 2
780 3
781 3
782 3
783 2
784 3
785 1
786 3
787 3
788 2
789 4
790 4
791 3
792 3
793 2
794 2
795 1
796 1
797 5
798 3
799 2
800 3
801 4
802 3
803 4
804 2
805 0
806 2
807 1
808 1
809 1
810 1
811 2
812 2
813 2
814 4
815 3
816 3
817 2
818 4
819 3
820 4
821 1
822 3
823 2
824 3
825 3
826 3
827 3
828 2
829 2
830 1
831 3
832 3
833 3
834 2
835 2
836 2
837 3
838 3
839 1
840 4
841 4
842 6
843 4
844 3
845 1
846 3
847 1
848 2
849 1
850 2
851 4
852 2
853 2
854 5
855 1
856 3
857 2
858 2
859 2
860 2
861 3
862 2
863 3
864 4
865 3
866 3
867 3
868 2
869 2
870 2
871 3
872 1
873 2
874 1
875 2
876 2
877 1
878 3
879 3
880 3
881 2
882 4
883 3
884 3
885 3
886 2
887 2
888 3
889 1
890 5
891 2
892 3
893 2
894 2
895 3
896 2
897 2
898 3
899 2
900 2
901 3
902 3
903 1
904 4
905 1
906 2
907 2
908 2
909 1
910 2
911 1
912 2
913 3
914 3
915 3
916 1
917 2
918 4
919 1
920 1
921 2
922 2
923 5
924 3
925 3
926 2
927 4
928 4
929 3
930 3
931 5
932 4
933 4
934 2
935 2
936 3
937 3
938 2
939 4
940 2
941 2
942 4
943 3
944 3
945 3
946 1
947 4
948 2
949 2
950 3
951 3
952 2
953 3
954 3
955 3
956 3
957 3
958 3
959 3
960 2
961 1
962 3
963 2
964 1
965 3
966 3
967 3
968 2
969 2
970 3
971 1
972 3
973 3
974 1
975 2
976 3
977 3
978 4
979 2
980 0
981 1
982 4
983 2
984 3
985 2
986 3
987 3
988 1
989 3
990 3
991 2
992 3
993 5
994 4
995 2
996 3
997 2
998 2
999 3
1000 3
1001 1
0 2
1 2
2 1
3 2
4 2
5 1
6 1
7 1
8 1
9 2
10 1
11 2
12 2
13 3
14 2
15 1
16 1
17 1
18 2
19 0
20 1
21 1
22 2
23 1
24 2
25 0
26 2
27 1
28 1
29 2
30 3
31 2
32 2
33 2
34 2
35 2
36 1
37 2
38 2
39 5
40 1
41 1
42 2
43 4
44 1
45 1
46 2
47 3
48 2
49 1
50 1
51 1
52 1
53 2
54 3
55 1
56 2
57 3
58 1
59 1
60 1
61 3
62 2
63 1
64 3
65 1
66 2
67 2
68 3
69 3
70 1
71 1
72 3
73 2
74 1
75 2
76 2
77 3
78 2
79 1
80 1
81 2
82 2
83 2
84 1
85 3
86 3
87 2
88 3
89 2
90 1
91 3
92 3
93 2
94 2
95 2
96 1
97 1
98 4
99 2
100 1
101 0
102 1
103 2
104 1
105 3
106 2
107 2
108 2
109 1
110 1
111 4
112 3
113 3
114 2
115 1
116 2
117 2
118 2
119 2
120 2
121 3
122 3
123 3
124 3
125 3
126 2
127 2
128 3
129 4
130 4
131 4
132 3
133 5
134 3
135 4
136 3
137 3
138 3
139 1
140 3
141 2
142 3
143 3
144 2
145 4
146 2
147 3
148 1
149 3
150 3
151 2
152 3
153 3
154 3
155 1
156 1
157 2
158 2
159 4
160 3
161 3
162 4
163 4
164 4
165 4
166 3
167 1
168 2
169 1
170 4
171 3
172 2
173 4
174 3
175 2
176 3
177 4
178 2
179 4
180 3
181 2
182 4
183 4
184 3
185 3
186 2
187 2
188 2
189 1
190 4
191 2
192 5
193 4
194 3
195 3
196 3
197 2
198 5
199 3
200 3
201 3
202 2
203 3
204 1
205 1
206 2
207 3
208 3
209 5
210 3
211 1
212 2
213 3
214 2
215 2
216 3
217 3
218 2
219 3
220 3
221 3
222 2
223 1
224 3
225 4
226 4
227 4
228 3
229 3
230 4
231 2
232 3
233 3
234 3
235 4
236 1
237 3
238 4
239 4
240 2
241 3
242 3
243 3
244 2
245 3
246 3
247 3
248 2
249 4
250 3
251 1
252 3
253 4
254 3
255 1
256 5
257 2
258 2
259 2
260 3
261 4
262 2
263 2
264 3
265 3
266 4
267 2
268 4
269 2
270 2
271 3
272 4
273 2
274 3
275 3
276 1
277 4
278 2
279 4
280 3
281 2
282 3
283 4
284 1
285 2
286 4
287 3
288 4
289 3
290 3
291 5
292 2
293 4
294 4
295 2
296 2
297 1
298 3
299 2
300 3
301 2
302 2
303 3
304 4
305 2
306 1
307 1
308 3
309 4
310 1
311 2
312 1
313 1
314 1
315 0
316 2
317 1
318 1
319 3
320 0
321 4
322 1
323 2
324 1
325 2
326 2
327 1
328 2
329 2
330 2
331 0
332 3
333 2
334 3
335 1
336 2
337 4
338 3
339 1
340 2
341 2
342 2
343 4
344 4
345 2
346 0
347 2
348 1
349 1
350 2
351 4
352 2
353 3
354 2
355 3
356 3
357 2
358 4
359 1
360 4
361 1
362 3
363 2
364 1
365 2
366 3
367 2
368 3
369 2
370 1
371 3
372 2
373 2
374 2
375 3
376 1
377 2
378 2
379 1
380 1
381 3
382 3
383 4
384 1
385 3
386 3
387 2
388 4
389 2
390 1
391 3
392 4
393 3
394 2
395 2
396 2
397 3
398 2
399 3
400 2
401 2
402 3
403 2
404 4
405 5
406 2
407 2
408 3
409 3
410 2
411 1
412 3
413 3
414 1
415 2
416 2
417 1
418 3
419 2
420 2
421 1
422 3
423 1
424 1
425 1
426 1
427 2
428 3
429 2
430 3
431 3
432 2
433 3
434 2
435 0
436 3
437 3
438 2
439 2
440 4
441 1
442 0
443 3
444 3
445 3
446 1
447 2
448 3
449 1
450 2
451 4
452 3
453 2
454 2
455 3
456 3
457 1
458 3
459 3
460 2
461 2
462 4
463 3
464 3
465 2
466 3
467 4
468 2
469 1
470 2
471 2
472 3
473 2
474 2
475 2
476 1
477 3
478 1
479 3
480 2
481 4
482 2
483 2
484 4
485 3
486 2
487 3
488 3
489 1
490 1
491 2
492 1
493 2
494 2
495 3
496 2
497 0
498 2
499 2
500 1
501 2
502 3
503 2
504 1
505 2
506 1
507 3
508 1
509 4
510 1
511 1
512 2
513 2
514 3
515 2
516 3
517 3
518 3
519 3
520 2
521 1
522 3
523 2
524 2
525 1
526 2
527 1
528 1
529 2
530 2
531 2
532 2
533 2
534 2
535 2
536 3
537 2
538 2
539 3
540 3
541 3
542 0
543 2
544 2
545 3
546 3
547 2
548 4
549 3
550 3
551 2
552 3
553 1
554 2
555 2
556 1
557 1
558 3
559 1
560 0
561 3
562 2
563 2
564 5
565 1
566 1
567 1
568 1
569 2
570 3
571 2
572 3
573 2
574 1
575 2
576 2
577 0
578 1
579 2
580 1
581 2
582 2
583 1
584 2
585 1
586 1
587 3
588 1
589 2
590 2
591 2
592 3
593 2
594 2
595 3
596 2
597 2
598 2
599 2
600 4
601 4
602 3
603 2
604 2
605 3
606 2
607 1
608 5
609 1
610 3
611 4
612 1
613 3
614 1
615 4
616 1
617 3
618 1
619 3
620 2
621 3
622 3
623 2
624 2
625 4
626 4
627 3
628 3
629 2
630 3
631 3
632 4
633 2
634 3
635 4
636 3
637 1
638 2
639 3
640 2
641 4
642 4
643 3
644 2
645 3
646 2
647 3
648 0
649 1
650 0
651 1
652 3
653 2
654 2
655 1
656 1
657 0
658 3
659 2
660 2
661 2
662 1
663 2
664 3
665 2
666 2
667 2
668 1
669 2
670 2
671 3
672 4
673 5
674 3
675 3
676 1
677 2
678 1
679 2
680 4
681 2
682 2
683 1
684 3
685 1
686 2
687 3
688 1
689 2
690 4
691 2
692 4
693 4
694 2
695 1
696 3
697 2
698 4
699 3
700 2
701 2
702 0
703 2
704 0
705 2
706 3
707 1
708 3
709 3
710 1
711 1
712 2
713 3
714 2
715 3
716 3
717 3
718 3
719 3
720 0
721 1
722 2
723 2
724 2
725 1
726 3
727 2
728 3
729 4
730 1
731 2
732 1
733 2
734 3
735 2
736 1
737 3
738 1
739 3
740 1
741 3
742 2
743 1
744 3
745 3
746 3
747 3
748 2
749 1
750 1
751 3
752 1
753 2
754 2
755 1
756 2
757 2
758 2
759 2
760 4
761 3
762 2
763 3
764 2
765 0
766 3
767 3
768 1
769 3
770 2
771 3
772 3
773 0
774 3
775 2
776 1
777 2
778 2
779 2
780 0
781 5
782 2
783 3
784 2
785 2
786 3
787 4
788 3
789 3
790 3
791 5
792 1
793 3
794 3
795 4
796 1
797 3
798 4
799 3
800 2
801 3
802 3
803 6
804 3
805 3
806 4
807 0
808 2
809 3
810 1
811 3
812 2
813 4
814 2
815 4
816 2
817 3
818 2
819 2
820 3
821 2
822 2
823 1
824 2
825 2
826 1
827 4
828 2
829 1
830 2
831 4
832 2
833 4
834 2
835 2
836 3
837 2
838 1
839 2
840 2
841 2
842 3
843 3
844 2
845 1
846 3
847 2
848 3
849 2
850 1
851 4
852 4
853 4
854 2
855 4
856 4
857 2
858 2
859 5
860 2
861 2
862 2
863 6
864 1
865 2
866 3
867 4
868 4
869 4
870 1
871 1
872 2
873 4
874 2
875 2
876 3
877 3
878 2
879 4
880 1
881 4
882 2
883 4
884 2
885 0
886 3
887 3
888 3
889 3
890 4
891 4
892 3
893 0
894 1
895 3
896 2
897 1
898 2
899 5
900 1
901 3
902 2
903 4
904 2
905 5
906 3
907 3
908 4
909 2
910 4
911 3
912 1
913 1
914 3
915 2
916 3
917 2
918 4
919 2
920 5
921 1
922 2
923 2
924 2
925 2
926 6
927 5
928 1
929 3
930 2
931 3
932 2
933 4
934 2
935 4
936 3
937 3
938 4
939 3
940 3
941 3
942 2
943 2
944 3
945 3
946 3
947 3
948 3
949 3
950 3
951 4
952 1
953 2
954 2
955 5
956 2
957 3
958 1
959 3
960 2
961 2
962 1
963 3
964 3
965 3
966 1
967 2
968 1
969 3
970 4
971 1
972 1
973 2
974 2
975 2
976 2
977 2
978 2
979 4
980 2
981 1
982 2
983 1
984 3
985 2
986 2
987 2
988 3
989 3
990 4
991 4
992 2
993 2
994 2
995 1
996 2
997 3
998 2
999 2
1000 4
1001 3
0 1
1 1
2 1
3 2
4 1
5 1
6 2
7 0
8 0
9 0
10 1
11 1
12 0
13 1
14 1
15 1
16 1
17 1
18 1
19 0
20 1
21 0
22 1
23 1
24 3
25 1
26 1
27 1
28 1
29 0
30 3
31 0
32 1
33 0
34 1
35 0
36 1
37 1
38 1
39 2
40 3
41 2
42 1
43 2
44 0
45 0
46 1
47 0
48 1
49 1
50 1
51 0
52 1
53 0
54 1
55 1
56 1
57 1
58 1
59 0
60 0
61 0
62 1
63 1
64 1
65 1
66 0
67 1
68 0
69 1
70 0
71 3
72 1
73 3
74 1
75 1
76 0
77 0
78 1
79 1
80 0
81 1
82 0
83 0
84 0
85 1
86 1
87 1
88 2
89 0
90 0
91 0
92 0
93 2
94 1
95 0
96 1
97 1
98 2
99 1
100 1
101 1
102 1
103 1
104 3
105 1
106 0
107 1
108 2
109 1
110 0
111 1
112 1
113 1
114 0
115 1
116 0
117 1
118 1
119 0
120 1
121 1
122 0
123 2
124 1
125 0
126 2
127 2
128 1
129 1
130 1
131 1
132 2
133 0
134 1
135 2
136 1
137 1
138 2
139 2
140 0
141 1
142 2
143 2
144 0
145 0
146 1
147 2
148 1
149 1
150 1
151 0
152 1
153 1
154 1
155 1
156 2
157 1
158 1
159 1
160 1
161 0
162 1
163 2
164 1
165 1
166 1
167 1
168 2
169 2
170 3
171 0
172 1
173 0
174 0
175 0
176 1
177 0
178 0
179 1
180 2
181 1
182 0
183 1
184 0
185 1
186 0
187 0
188 0
189 1
190 0
191 2
192 1
193 0
194 2
195 2
196 0
197 1
198 0
199 1
200 0
201 1
202 0
203 0
204 0
205 0
206 0
207 1
208 1
209 1
210 1
211 0
212 0
213 2
214 0
215 0
216 0
217 2
218 0
219 0
220 0
221 0
222 0
223 1
224 0
225 1
226 0
227 1
228 0
229 0
230 1
231 0
232 0
233 0
234 0
235 0
236 1
237 0
238 1
239 1
240 1
241 3
242 1
243 0
244 0
245 0
246 1
247 0
248 1
249 1
250 4
251 0
252 2
253 0
254 3
255 2
256 0
257 0
258 0
259 1
260 0
261 0
262 1
263 1
264 2
265 0
266 0
267 0
268 1
269 2
270 0
271 1
272 0
273 3
274 0
275 2
276 1
277 1
278 2
279 1
280 1
281 0
282 0
283 1
284 1
285 2
286 1
287 1
288 3
289 0
290 0
291 0
292 2
293 0
294 0
295 0
296 1
297 0
298 0
299 1
300 0
301 1
302 0
303 1
304 1
305 0
306 2
307 1
308 2
309 0
310 1
311 1
312 2
313 0
314 2
315 0
316 0
317 0
318 1
319 0
320 1
321 0
322 1
323 0
324 2
325 1
326 0
327 0
328 0
329 1
330 0
331 2
332 0
333 0
334 1
335 0
336 0
337 2
338 0
339 0
340 2
341 1
342 0
343 3
344 1
345 0
346 0
347 0
348 0
349 0
350 0
351 1
352 0
353 1
354 0
355 0
356 0
357 1
358 1
359 1
360 1
361 2
362 1
363 1
364 1
365 0
366 0
367 2
368 1
369 0
370 0
371 1
372 1
373 0
374 0
375 0
376 0
377 0
378 0
379 0
380 0
381 2
382 0
383 0
384 0
385 1
386 1
387 3
388 1
389 0
390 0
391 2
392 0
393 2
394 0
395 1
396 0
397 0
398 0
399 2
400 2
401 0
402 1
403 0
404 0
405 0
406 0
407 2
408 0
409 0
410 2
411 1
412 2
413 1
414 0
415 0
416 0
417 1
418 0
419 0
420 0
421 1
422 0
423 0
424 0
425 0
426 3
427 1
428 0
429 2
430 1
431 0
432 0
433 0
434 1
435 1
436 2
437 2
438 0
439 1
440 2
441 2
442 2
443 1
444 0
445 1
446 1
447 1
448 2
449 2
450 1
451 2
452 2
453 2
454 2
455 2
456 0
457 0
458 0
459 1
460 2
461 0
462 1
463 1
464 1
465 0
466 1
467 0
468 0
469 2
470 1
471 0
472 1
473 2
474 1
475 1
476 1
477 2
478 2
479 3
480 0
481 1
482 2
483 1
484 2
485 2
486 0
487 1
488 1
489 0
490 2
491 2
492 0
493 1
494 2
495 0
496 2
497 1
498 3
499 0
500 0
501 0
502 2
503 1
504 0
505 1
506 0
507 0
508 0
509 1
510 3
511 0
512 1
513 0
514 0
515 1
516 0
517 1
518 0
519 2
520 3
521 0
522 1
523 4
524 0
525 1
526 0
527 4
528 1
529 2
530 1
531 1
532 1
533 1
534 1
535 0
536 3
537 0
538 1
539 1
540 0
541 0
542 0
543 1
544 0
545 1
546 1
547 1
548 0
549 1
550 0
551 2
552 2
553 1
554 1
555 0
556 2
557 1
558 1
559 1
560 0
561 0
562 1
563 0
564 2
565 3
566 1
567 1
568 0
569 2
570 2
571 0
572 0
573 0
574 1
575 1
576 2
577 1
578 2
579 1
580 1
581 0
582 2
583 0
584 1
585 1
586 1
587 1
588 1
589 1
590 2
591 1
592 1
593 0
594 0
595 0
596 1
597 0
598 0
599 1
600 0
601 1
602 1
603 0
604 1
605 0
606 0
607 1
608 1
609 1
610 2
611 0
612 1
613 1
614 1
615 2
616 2
617 1
618 2
619 0
620 2
621 0
622 2
623 2
624 2
625 1
626 0
627 1
628 2
629 0
630 1
631 2
632 0
633 1
634 0
635 0
636 0
637 2
638 2
639 2
640 0
641 1
642 1
643 3
644 1
645 1
646 2
647 1
648 2
649 1
650 2
651 1
652 1
653 2
654 1
655 1
656 0
657 2
658 2
659 1
660 1
661 3
662 0
663 0
664 0
665 1
666 0
667 1
668 0
669 1
670 1
671 0
672 1
673 2
674 2
675 0
676 1
677 1
678 1
679 0
680 0
681 1
682 0
683 1
684 0
685 0
686 0
687 2
688 0
689 0
690 1
691 1
692 0
693 0
694 0
695 1
696 1
697 0
698 2
699 1
700 2
701 1
702 0
703 2
704 1
705 0
706 0
707 2
708 1
709 0
710 2
711 0
712 1
713 1
714 2
715 1
716 1
717 2
718 1
719 0
720 1
721 0
722 1
723 1
724 0
725 1
726 0
727 1
728 1
729 0
730 0
731 2
732 1
733 1
734 0
735 2
736 0
737 1
738 2
739 1
740 1
741 0
742 1
743 0
744 1
745 0
746 1
747 0
748 0
749 2
750 0
751 0
752 1
753 0
754 0
755 0
756 0
757 0
758 0
759 1
760 0
761 1
762 0
763 0
764 0
765 1
766 0
767 0
768 0
769 0
770 0
771 0
772 0
773 0
774 0
775 0
776 0
777 0
778 0
779 0
780 1
781 1
782 0
783 0
784 0
785 1
786 0
787 1
788 0
789 0
790 2
791 1
792 0
793 1
794 0
795 0
796 1
797 0
798 1
799 0
800 0
801 0
802 0
803 1
804 0
805 1
806 0
807 0
808 0
809 2
810 1
811 0
812 0
813 1
814 0
815 0
816 0
817 0
818 0
819 0
820 0
821 0
822 0
823 0
824 0
825 0
826 0
827 1
828 1
829 0
830 0
831 0
832 0
833 0
834 1
835 0
836 0
837 0
838 0
839 0
840 0
841 0
842 0
843 0
844 0
845 0
846 0
847 0
848 0
849 0
850 0
851 0
852 0
853 0
854 0
855 1
856 0
857 0
858 1
859 0
860 0
861 1
862 0
863 0
864 0
865 0
866 0
867 2
868 0
869 0
870 0
871 0
872 0
873 0
874 0
875 2
876 1
877 1
878 1
879 0
880 0
881 1
882 1
883 1
884 1
885 0
886 1
887 2
888 0
889 1
890 0
891 0
892 1
893 0
894 0
895 0
896 1
897 0
898 2
899 1
900 3
901 2
902 2
903 1
904 0
905 1
906 2
907 2
908 1
909 0
910 0
911 0
912 0
913 0
914 0
915 0
916 0
917 0
918 0
919 2
920 0
921 0
922 0
923 1
924 1
925 0
926 1
927 0
928 0
929 0
930 0
931 1
932 0
933 0
934 0
935 0
936 0
937 0
938 0
939 0
940 1
941 0
942 1
943 0
944 0
945 0
946 1
947 0
948 0
949 0
950 0
951 0
952 0
953 0
954 0
955 1
956 0
957 0
958 0
959 0
960 0
961 1
962 0
963 0
964 0
965 0
966 1
967 0
968 0
969 0
970 0
971 0
972 0
973 0
974 0
975 0
976 0
977 0
978 0
979 0
980 0
981 0
982 1
983 0
984 0
985 0
986 1
987 0
988 0
989 1
990 0
991 0
992 0
993 0
994 0
995 0
996 0
997 0
998 0
999 1
1000 0
1001 1
0 2
1 2
2 0
3 0
4 0
5 0
6 0
7 0
8 1
9 1
10 0
11 0
12 0
13 3
14 0
15 0
16 0
17 0
18 0
19 0
20 0
21 0
22 1
23 0
24 1
25 0
26 0
27 1
28 0
29 0
30 1
31 0
32 1
33 1
34 1
35 1
36 1
37 0
38 1
39 0
40 1
41 0
42 1
43 1
44 2
45 1
46 1
47 1
48 1
49 1
50 1
51 2
52 0
53 1
54 1
55 0
56 1
57 1
58 0
59 1
60 0
61 1
62 1
63 1
64 0
65 0
66 0
67 0
68 1
69 1
70 2
71 1
72 0
73 1
74 0
75 0
76 1
77 0
78 1
79 0
80 0
81 1
82 0
83 1
84 1
85 1
86 0
87 0
88 0
89 1
90 0
91 2
92 1
93 0
94 1
95 1
96 1
97 0
98 0
99 1
100 1
101 0
102 2
103 0
104 1
105 0
106 1
107 0
108 1
109 1
110 1
111 1
112 1
113 1
114 0
115 0
116 1
117 1
118 2
119 2
120 0
121 1
122 0
123 0
124 0
125 2
126 2
127 1
128 1
129 1
130 1
131 1
132 3
133 1
134 2
135 2
136 4
137 1
138 2
139 1
140 2
141 2
142 1
143 1
144 2
145 1
146 1
147 2
148 0
149 1
150 2
151 2
152 2
153 1
154 1
155 1
156 1
157 2
158 1
159 1
160 1
161 2
162 0
163 0
164 0
165 1
166 2
167 1
168 3
169 1
170 1
171 0
172 2
173 1
174 2
175 2
176 1
177 2
178 2
179 1
180 3
181 0
182 2
183 1
184 0
185 1
186 1
187 1
188 1
189 2
190 2
191 1
192 1
193 2
194 0
195 1
196 1
197 0
198 1
199 0
200 0
201 0
202 1
203 0
204 2
205 0
206 0
207 0
208 2
209 0
210 0
211 0
212 0
213 2
214 2
215 0
216 0
217 0
218 0
219 0
220 0
221 0
222 1
223 1
224 0
225 1
226 2
227 1
228 1
229 0
230 1
231 0
232 0
233 0
234 2
235 0
236 1
237 0
238 0
239 0
240 0
241 0
242 3
243 0
244 0
245 0
246 0
247 0
248 1
249 2
250 0
251 0
252 0
253 0
254 1
255 1
256 0
257 0
258 1
259 1
260 0
261 2
262 0
263 2
264 1
265 2
266 2
267 1
268 0
269 0
270 0
271 1
272 1
273 2
274 0
275 0
276 1
277 0
278 0
279 0
280 0
281 0
282 1
283 0
284 1
285 0
286 0
287 0
288 0
289 0
290 0
291 0
292 0
293 0
294 0
295 1
296 0
297 0
298 3
299 1
300 0
301 0
302 1
303 0
304 1
305 0
306 0
307 0
308 0
309 0
310 0
311 0
312 0
313 0
314 0
315 0
316 0
317 1
318 0
319 0
320 1
321 0
322 0
323 0
324 0
325 0
326 0
327 1
328 1
329 0
330 0
331 1
332 1
333 0
334 0
335 1
336 0
337 0
338 0
339 1
340 0
341 0
342 0
343 0
344 0
345 0
346 0
347 0
348 0
349 0
350 1
351 1
352 1
353 2
354 1
355 1
356 0
357 0
358 1
359 0
360 1
361 1
362 1
363 2
364 1
365 2
366 0
367 1
368 1
369 1
370 1
371 1
372 1
373 0
374 2
375 2
376 1
377 1
378 1
379 1
380 1
381 0
382 0
383 1
384 0
385 1
386 1
387 1
388 2
389 1
390 0
391 1
392 1
393 1
394 1
395 1
396 0
397 1
398 1
399 1
400 1
401 0
402 3
403 1
404 1
405 2
406 1
407 1
408 1
409 1
410 1
411 2
412 1
413 2
414 1
415 0
416 1
417 1
418 1
419 0
420 1
421 0
422 0
423 1
424 0
425 2
426 1
427 1
428 1
429 1
430 1
431 1
432 3
433 1
434 1
435 1
436 1
437 2
438 0
439 1
440 1
441 1
442 2
443 1
444 1
445 1
446 2
447 1
448 1
449 1
450 2
451 1
452 0
453 2
454 1
455 1
456 1
457 1
458 3
459 1
460 1
461 0
462 1
463 1
464 0
465 1
466 1
467 1
468 2
469 2
470 1
471 1
472 1
473 1
474 1
475 1
476 1
477 1
478 0
479 1
480 2
481 3
482 1
483 0
484 2
485 1
486 2
487 2
488 1
489 2
490 0
491 1
492 1
493 2
494 0
495 1
496 0
497 1
498 1
499 0
500 1
501 2
502 2
503 0
504 0
505 1
506 1
507 0
508 3
509 0
510 0
511 2
512 1
513 0
514 0
515 1
516 2
517 1
518 0
519 2
520 1
521 0
522 2
523 1
524 1
525 0
526 1
527 1
528 2
529 0
530 0
531 1
532 1
533 1
534 1
535 1
536 0
537 1
538 0
539 1
540 1
541 1
542 0
543 0
544 1
545 1
546 0
547 1
548 0
549 1
550 0
551 2
552 0
553 0
554 2
555 0
556 1
557 1
558 1
559 1
560 2
561 1
562 1
563 2
564 1
565 1
566 1
567 2
568 0
569 3
570 0
571 2
572 1
573 2
574 0
575 3
576 1
577 1
578 1
579 2
580 1
581 1
582 2
583 1
584 2
585 2
586 1
587 0
588 1
589 1
590 2
591 3
592 1
593 0
594 1
595 2
596 1
597 2
598 2
599 1
600 0
601 2
602 3
603 1
604 1
605 1
606 3
607 1
608 1
609 1
610 1
611 2
612 0
613 2
614 1
615 1
616 3
617 2
618 1
619 1
620 1
621 1
622 1
623 0
624 0
625 1
626 2
627 0
628 2
629 2
630 0
631 2
632 1
633 1
634 2
635 1
636 1
637 2
638 0
639 1
640 1
641 0
642 1
643 1
644 0
645 0
646 1
647 0
648 1
649 1
650 1
651 1
652 2
653 2
654 1
655 0
656 0
657 0
658 0
659 1
660 1
661 2
662 1
663 1
664 1
665 0
666 1
667 1
668 0
669 1
670 1
671 4
672 0
673 1
674 2
675 1
676 2
677 1
678 0
679 1
680 1
681 2
682 1
683 2
684 2
685 1
686 1
687 1
688 2
689 1
690 1
691 1
692 1
693 1
694 2
695 1
696 0
697 1
698 0
699 1
700 2
701 1
702 0
703 2
704 1
705 1
706 1
707 1
708 0
709 1
710 1
711 1
712 1
713 1
714 2
715 2
716 1
717 1
718 1
719 1
720 1
721 1
722 1
723 0
724 1
725 2
726 0
727 1
728 2
729 2
730 2
731 0
732 1
733 2
734 2
735 2
736 0
737 2
738 0
739 1
740 1
741 0
742 2
743 1
744 0
745 2
746 1
747 1
748 1
749 1
750 1
751 2
752 1
753 0
754 0
755 0
756 1
757 1
758 0
759 1
760 1
761 2
762 1
763 2
764 2
765 0
766 1
767 0
768 2
769 1
770 1
771 1
772 3
773 2
774 3
775 1
776 1
777 1
778 1
779 1
780 1
781 2
782 1
783 1
784 0
785 0
786 1
787 1
788 0
789 1
790 1
791 1
792 1
793 1
794 2
795 1
796 0
797 2
798 1
799 0
800 1
801 2
802 1
803 1
804 2
805 2
806 1
807 1
808 2
809 0
810 0
811 2
812 2
813 1
814 1
815 2
816 1
817 0
818 4
819 1
820 0
821 0
822 1
823 1
824 1
825 0
826 0
827 0
828 1
829 1
830 1
831 2
832 1
833 1
834 1
835 1
836 0
837 3
838 1
839 0
840 3
841 3
842 1
843 1
844 2
845 1
846 2
847 2
848 0
849 2
850 1
851 2
852 2
853 1
854 3
855 1
856 0
857 1
858 3
859 1
860 1
861 2
862 1
863 0
864 1
865 1
866 1
867 2
868 1
869 1
870 1
871 1
872 1
873 3
874 2
875 1
876 1
877 1
878 0
879 0
880 1
881 2
882 0
883 2
884 0
885 0
886 2
887 1
888 0
889 0
890 1
891 1
892 1
893 2
894 1
895 2
896 1
897 3
898 0
899 1
900 1
901 1
902 0
903 1
904 2
905 2
906 2
907 2
908 1
909 0
910 2
911 2
912 1
913 1
914 2
915 1
916 1
917 1
918 2
919 1
920 0
921 2
922 1
923 1
924 0
925 2
926 1
927 1
928 1
929 2
930 1
931 2
932 1
933 1
934 1
935 1
936 1
937 1
938 0
939 0
940 1
941 0
942 1
943 1
944 1
945 2
946 0
947 2
948 1
949 2
950 0
951 1
952 0
953 0
954 0
955 2
956 0
957 0
958 1
959 0
960 1
961 2
962 0
963 0
964 2
965 2
966 1
967 1
968 1
969 1
970 1
971 1
972 1
973 1
974 0
975 2
976 1
977 1
978 1
979 2
980 0
981 0
982 1
983 1
984 1
985 1
986 1
987 1
988 1
989 2
990 2
991 1
992 2
993 2
994 0
995 1
996 1
997 2
998 1
999 1
1000 1
1001 2
0 1
1 1
2 0
3 1
4 0
5 1
6 2
7 0
8 1
9 0
10 0
11 0
12 0
13 1
14 0
15 0
16 1
17 1
18 1
19 0
20 1
21 0
22 0
23 0
24 0
25 1
26 1
27 0
28 0
29 1
30 1
31 1
32 1
33 0
34 2
35 0
36 0
37 1
38 2
39 0
40 0
41 0
42 2
43 0
44 0
45 1
46 0
47 1
48 0
49 0
50 1
51 1
52 0
53 1
54 0
55 1
56 2
57 1
58 1
59 1
60 1
61 1
62 0
63 1
64 0
65 1
66 2
67 0
68 1
69 1
70 1
71 0
72 0
73 1
74 1
75 0
76 0
77 1
78 0
79 0
80 1
81 0
82 0
83 1
84 1
85 0
86 0
87 1
88 1
89 0
90 1
91 1
92 3
93 0
94 1
95 1
96 1
97 1
98 0
99 0
100 0
101 1
102 0
103 1
104 2
105 1
106 0
107 0
108 0
109 0
110 1
111 0
112 1
113 0
114 2
115 2
116 2
117 1
118 1
119 1
120 1
121 1
122 0
123 0
124 0
125 1
126 1
127 0
128 0
129 0
130 1
131 0
132 0
133 1
134 1
135 1
136 2
137 0
138 0
139 1
140 0
141 0
142 2
143 0
144 0
145 0
146 0
147 2
148 0
149 1
150 2
151 0
152 1
153 0
154 2
155 0
156 1
157 1
158 1
159 0
160 2
161 0
162 0
163 1
164 3
165 3
166 2
167 0
168 0
169 1
170 0
171 2
172 1
173 1
174 1
175 2
176 2
177 2
178 0
179 0
180 0
181 1
182 2
183 1
184 2
185 2
186 2
187 2
188 3
189 1
190 1
191 1
192 0
193 3
194 2
195 2
196 2
197 2
198 2
199 1
200 1
201 0
202 0
203 0
204 3
205 2
206 2
207 0
208 0
209 0
210 0
211 1
212 1
213 1
214 2
215 0
216 0
217 0
218 2
219 4
220 1
221 1
222 1
223 2
224 1
225 2
226 0
227 0
228 1
229 0
230 2
231 3
232 0
233 1
234 1
235 2
236 3
237 2
238 3
239 1
240 1
241 2
242 1
243 0
244 1
245 2
246 0
247 0
248 2
249 2
250 1
251 2
252 2
253 1
254 2
255 2
256 0
257 0
258 1
259 0
260 0
261 0
262 0
263 1
264 0
265 0
266 0
267 0
268 1
269 0
270 1
271 1
272 0
273 1
274 1
275 0
276 0
277 0
278 1
279 1
280 1
281 1
282 2
283 0
284 2
285 0
286 1
287 1
288 2
289 0
290 0
291 0
292 1
293 0
294 0
295 0
296 1
297 1
298 1
299 0
300 1
301 0
302 1
303 1
304 3
305 1
306 0
307 2
308 0
309 1
310 2
311 2
312 1
313 0
314 3
315 1
316 0
317 2
318 2
319 0
320 0
321 2
322 1
323 2
324 1
325 0
326 1
327 0
328 1
329 1
330 2
331 1
332 1
333 1
334 1
335 0
336 1
337 1
338 1
339 0
340 0
341 0
342 1
343 1
344 0
345 0
346 2
347 0
348 1
349 0
350 2
351 1
352 0
353 0
354 0
355 1
356 0
357 1
358 0
359 1
360 1
361 1
362 1
363 0
364 1
365 1
366 0
367 0
368 1
369 0
370 0
371 0
372 1
373 0
374 0
375 0
376 0
377 1
378 0
379 1
380 1
381 1
382 1
383 0
384 1
385 2
386 0
387 0
388 0
389 0
390 1
391 0
392 0
393 1
394 0
395 0
396 0
397 0
398 1
399 1
400 1
401 1
402 0
403 0
404 0
405 0
406 0
407 0
408 0
409 0
410 0
411 0
412 0
413 0
414 1
415 2
416 0
417 2
418 0
419 2
420 0
421 1
422 1
423 0
424 0
425 0
426 0
427 1
428 0
429 0
430 0
431 1
432 0
433 0
434 0
435 1
436 1
437 1
438 1
439 0
440 0
441 1
442 1
443 2
444 1
445 0
446 0
447 1
448 0
449 0
450 0
451 0
452 1
453 0
454 0
455 0
456 1
457 0
458 1
459 0
460 1
461 1
462 1
463 2
464 2
465 1
466 1
467 0
468 1
469 1
470 3
471 0
472 0
473 1
474 1
475 2
476 1
477 1
478 0
479 1
480 1
481 0
482 1
483 2
484 0
485 0
486 0
487 0
488 1
489 1
490 0
491 0
492 0
493 0
494 1
495 1
496 1
497 0
498 2
499 0
500 0
501 0
502 0
503 1
504 0
505 1
506 0
507 1
508 1
509 0
510 1
511 1
512 2
513 2
514 0
515 1
516 0
517 1
518 1
519 1
520 3
521 0
522 0
523 0
524 2
525 2
526 1
527 1
528 0
529 1
530 0
531 0
532 0
533 1
534 0
535 1
536 1
537 2
538 0
539 1
540 0
541 1
542 1
543 0
544 2
545 1
546 0
547 0
548 3
549 0
550 1
551 0
552 1
553 1
554 1
555 0
556 1
557 1
558 0
559 0
560 0
561 0
562 2
563 2
564 1
565 0
566 1
567 0
568 0
569 1
570 1
571 1
572 1
573 0
574 1
575 1
576 1
577 0
578 2
579 1
580 2
581 3
582 0
583 2
584 0
585 0
586 2
587 1
588 2
589 0
590 1
591 1
592 1
593 1
594 0
595 1
596 1
597 2
598 3
599 1
600 0
601 0
602 1
603 1
604 3
605 1
606 1
607 0
608 1
609 1
610 0
611 2
612 2
613 1
614 0
615 0
616 0
617 0
618 0
619 1
620 0
621 1
622 1
623 2
624 2
625 1
626 2
627 1
628 2
629 0
630 1
631 2
632 2
633 2
634 0
635 3
636 0
637 1
638 1
639 2
640 1
641 2
642 0
643 3
644 1
645 1
646 1
647 1
648 1
649 0
650 0
651 0
652 1
653 2
654 0
655 2
656 1
657 1
658 2
659 2
660 0
661 1
662 1
663 1
664 0
665 2
666 2
667 2
668 2
669 2
670 0
671 2
672 1
673 1
674 1
675 2
676 1
677 1
678 0
679 2
680 0
681 3
682 0
683 0
684 1
685 1
686 0
687 0
688 0
689 1
690 1
691 1
692 1
693 1
694 0
695 1
696 0
697 1
698 0
699 0
700 2
701 2
702 2
703 0
704 0
705 1
706 0
707 1
708 1
709 2
710 1
711 0
712 2
713 4
714 2
715 1
716 3
717 2
718 1
719 1
720 1
721 1
722 1
723 1
724 1
725 1
726 2
727 4
728 0
729 2
730 1
731 2
732 3
733 1
734 2
735 1
736 0
737 3
738 2
739 2
740 0
741 3
742 2
743 1
744 1
745 2
746 1
747 1
748 1
749 0
750 2
751 2
752 2
753 1
754 1
755 1
756 0
757 1
758 0
759 0
760 1
761 0
762 1
763 1
764 1
765 2
766 1
767 0
768 0
769 2
770 1
771 1
772 1
773 0
774 0
775 1
776 0
777 0
778 0
779 0
780 1
781 1
782 1
783 0
784 2
785 1
786 0
787 1
788 1
789 1
790 1
791 0
792 2
793 0
794 2
795 1
796 1
797 2
798 0
799 1
800 1
801 1
802 0
803 0
804 1
805 0
806 1
807 0
808 1
809 0
810 1
811 1
812 1
813 0
814 0
815 2
816 0
817 1
818 1
819 1
820 1
821 0
822 0
823 0
824 0
825 0
826 1
827 0
828 1
829 2
830 1
831 1
832 0
833 1
834 0
835 2
836 2
837 2
838 0
839 0
840 1
841 2
842 0
843 0
844 1
845 1
846 0
847 1
848 0
849 0
850 2
851 0
852 1
853 2
854 0
855 1
856 0
857 1
858 0
859 1
860 1
861 1
862 1
863 1
864 1
865 1
866 2
867 1
868 0
869 1
870 1
871 2
872 1
873 0
874 0
875 0
876 3
877 0
878 1
879 0
880 1
881 0
882 1
883 0
884 1
885 1
886 1
887 0
888 1
889 1
890 2
891 0
892 0
893 2
894 1
895 1
896 1
897 2
898 1
899 0
900 2
901 2
902 2
903 4
904 2
905 1
906 6
907 1
908 3
909 1
910 1
911 2
912 4
913 3
914 1
915 3
916 2
917 2
918 3
919 3
920 3
921 2
922 1
923 2
924 2
925 2
926 2
927 1
928 2
929 0
930 1
931 1
932 0
933 2
934 0
935 0
936 3
937 2
938 1
939 0
940 0
941 2
942 1
943 2
944 1
945 1
946 1
947 1
948 2
949 1
950 2
951 1
952 0
953 0
954 0
955 3
956 1
957 1
958 1
959 0
960 0
961 1
962 1
963 1
964 1
965 2
966 2
967 0
968 1
969 1
970 1
971 1
972 2
973 1
974 2
975 2
976 1
977 2
978 3
979 2
980 1
981 1
982 2
983 1
984 0
985 1
986 1
987 1
988 0
989 0
990 0
991 3
992 0
993 1
994 0
995 0
996 0
997 0
998 0
999 1
1000 0
1001 0
