0 5
1 5
2 5
3 10
4 7
5 4
6 6
7 3
8 2
9 5
10 2
11 6
12 4
13 6
14 4
15 3
16 4
17 6
18 6
19 2
20 4
21 7
22 7
23 6
24 5
25 7
26 5
27 5
28 6
29 7
30 5
31 6
32 5
33 5
34 6
35 6
36 8
37 5
38 5
39 8
40 6
41 5
42 7
43 6
44 5
45 6
46 6
47 6
48 8
49 5
50 5
51 3
52 6
53 4
54 7
55 7
56 4
57 4
58 5
59 4
60 5
61 6
62 4
63 7
64 5
65 4
66 5
67 6
68 3
69 8
70 7
71 5
72 5
73 6
74 7
75 5
76 5
77 4
78 5
79 7
80 5
81 6
82 7
83 5
84 7
85 5
86 5
87 4
88 5
89 5
90 4
91 4
92 5
93 7
94 6
95 5
96 7
97 6
98 3
99 4
100 4
101 5
102 7
103 6
104 5
105 5
106 5
107 3
108 4
109 5
110 5
111 5
112 6
113 8
114 4
115 7
116 4
117 6
118 7
119 5
120 3
121 7
122 7
123 5
124 4
125 6
126 6
127 4
128 4
129 4
130 3
131 4
132 4
133 6
134 4
135 5
136 7
137 5
138 5
139 3
140 6
141 7
142 5
143 7
144 4
145 5
146 5
147 3
148 5
149 7
150 5
151 6
152 4
153 6
154 5
155 4
156 5
157 5
158 5
159 5
160 3
161 4
162 3
163 5
164 6
165 3
166 2
167 7
168 5
169 4
170 5
171 9
172 8
173 4
174 4
175 6
176 7
177 3
178 2
179 3
180 5
181 3
182 3
183 3
184 6
185 2
186 1
187 2
188 2
189 2
190 5
191 5
192 5
193 5
194 6
195 5
196 4
197 3
198 4
199 3
200 3
201 5
202 5
203 5
204 2
205 1
206 3
207 4
208 2
209 4
210 4
211 4
212 2
213 6
214 4
215 3
216 3
217 3
218 4
219 4
220 4
221 3
222 6
223 3
224 5
225 2
226 3
227 5
228 4
229 4
230 4
231 4
232 6
233 4
234 3
235 3
236 3
237 3
238 6
239 7
240 8
241 4
242 6
243 4
244 4
245 5
246 4
247 3
248 5
249 3
250 2
251 4
252 6
253 6
254 4
255 5
256 4
257 4
258 4
259 2
260 4
261 2
262 5
263 5
264 6
265 4
266 3
267 3
268 4
269 1
270 4
271 2
272 4
273 3
274 3
275 3
276 5
277 8
278 6
279 4
280 5
281 2
282 4
283 4
284 5
285 5
286 4
287 4
288 5
289 5
290 2
291 3
292 3
293 5
294 6
295 6
296 5
297 5
298 4
299 4
300 4
301 7
302 2
303 5
304 6
305 4
306 5
307 2
308 6
309 4
310 6
311 3
312 4
313 3
314 3
315 4
316 7
317 5
318 3
319 4
320 6
321 3
322 6
323 4
324 4
325 5
326 4
327 4
328 5
329 2
330 3
331 5
332 7
333 4
334 5
335 5
336 4
337 4
338 1
339 7
340 4
341 3
342 4
343 6
344 5
345 7
346 2
347 5
348 4
349 5
350 4
351 5
352 6
353 8
354 4
355 5
356 5
357 4
358 4
359 4
360 4
361 6
362 3
363 5
364 2
365 7
366 3
367 2
368 5
369 5
370 5
371 7
372 6
373 4
374 5
375 4
376 5
377 6
378 3
379 3
380 6
381 6
382 5
383 5
384 5
385 6
386 6
387 4
388 2
389 4
390 5
391 6
392 6
393 4
394 5
395 3
396 2
397 4
398 5
399 5
400 4
401 3
402 4
403 5
404 5
405 4
406 5
407 4
408 4
409 6
410 3
411 3
412 3
413 6
414 4
415 5
416 4
417 5
418 4
419 5
420 5
421 5
422 6
423 6
424 6
425 4
426 4
427 5
428 5
429 4
430 2
431 5
432 3
433 2
434 4
435 5
436 4
437 5
438 2
439 6
440 10
441 3
442 2
443 5
444 3
445 5
446 4
447 6
448 5
449 6
450 3
451 4
452 6
453 4
454 5
455 7
456 4
457 3
458 6
459 4
460 4
461 2
462 5
463 4
464 7
465 4
466 3
467 5
468 3
469 5
470 5
471 4
472 7
473 4
474 3
475 5
476 6
477 4
478 5
479 5
480 4
481 3
482 3
483 6
484 3
485 4
486 2
487 3
488 3
489 5
490 3
491 5
492 4
493 2
494 5
495 4
496 5
497 6
498 3
499 4
500 4
501 2
502 3
503 3
504 3
505 4
506 4
507 5
508 3
509 5
510 6
511 6
512 3
513 3
514 4
515 1
516 3
517 5
518 2
519 2
520 3
521 2
522 4
523 2
524 2
525 4
526 3
527 1
528 2
529 3
530 3
531 4
532 4
533 3
534 2
535 3
536 4
537 4
538 4
539 5
540 4
541 5
542 4
543 4
544 4
545 2
546 4
547 3
548 2
549 3
550 5
551 3
552 2
553 5
554 5
555 5
556 3
557 5
558 5
559 4
560 6
561 5
562 3
563 4
564 4
565 4
566 3
567 3
568 4
569 5
570 4
571 2
572 4
573 5
574 3
575 3
576 4
577 4
578 2
579 3
580 4
581 4
582 2
583 3
584 4
585 2
586 3
587 3
588 1
589 3
590 2
591 3
592 5
593 5
594 5
595 4
596 6
597 3
598 2
599 5
600 5
601 2
602 3
603 5
604 7
605 3
606 4
607 4
608 3
609 3
610 5
611 2
612 5
613 4
614 5
615 3
616 2
617 5
618 5
619 4
620 4
621 4
622 5
623 5
624 3
625 4
626 2
627 4
628 4
629 3
630 5
631 4
632 2
633 2
634 6
635 3
636 3
637 2
638 3
639 3
640 5
641 6
642 6
643 3
644 1
645 1
646 4
647 5
648 3
649 4
650 3
651 3
652 0
653 2
654 3
655 2
656 4
657 3
658 3
659 4
660 4
661 5
662 5
663 5
664 4
665 4
666 6
667 5
668 5
669 5
670 5
671 5
672 4
673 3
674 4
675 4
676 5
677 4
678 4
679 5
680 4
681 4
682 6
683 2
684 5
685 6
686 4
687 3
688 5
689 5
690 4
691 5
692 6
693 5
694 5
695 6
696 6
697 6
698 2
699 3
700 5
701 6
702 5
703 5
704 5
705 2
706 6
707 4
708 4
709 7
710 6
711 3
712 7
713 5
714 4
715 4
716 3
717 4
718 6
719 7
720 6
721 2
722 6
723 6
724 2
725 5
726 3
727 3
728 5
729 4
730 4
731 3
732 4
733 4
734 4
735 3
736 3
737 5
738 3
739 5
740 6
741 5
742 5
743 2
744 2
745 3
746 3
747 5
748 2
749 3
750 5
751 3
752 4
753 3
754 3
755 5
756 5
757 5
758 4
759 4
760 5
761 6
762 7
763 5
764 4
765 4
766 2
767 5
768 5
769 5
770 5
771 4
772 1
773 4
774 4
775 5
776 2
777 3
778 3
779 4
780 5
781 2
782 5
783 5
784 4
785 3
786 3
787 3
788 3
789 3
790 2
791 2
792 4
793 3
794 4
795 4
796 4
797 3
798 7
799 3
800 3
801 3
802 3
803 5
804 5
805 4
806 3
807 2
808 5
809 4
810 4
811 5
812 5
813 2
814 3
815 5
816 4
817 1
818 3
819 2
820 3
821 2
822 4
823 3
824 5
825 3
826 4
827 6
828 5
829 5
830 3
831 6
832 3
833 4
834 3
835 3
836 2
837 4
838 2
839 3
840 5
841 4
842 4
843 3
844 2
845 3
846 3
847 3
848 4
849 4
850 2
851 3
852 5
853 3
854 4
855 7
856 3
857 3
858 6
859 3
860 6
861 6
862 5
863 3
864 4
865 3
866 4
867 4
868 6
869 4
870 3
871 4
872 4
873 5
874 3
875 4
876 5
877 4
878 3
879 3
880 3
881 3
882 3
883 5
884 4
885 5
886 2
887 4
888 3
889 5
890 4
891 3
892 5
893 5
894 7
895 3
896 4
897 6
898 4
899 2
900 5
901 6
902 6
903 5
904 6
905 4
906 5
907 5
908 5
909 5
910 5
911 6
912 6
913 6
914 6
915 6
916 5
917 5
918 5
919 5
920 7
921 5
922 7
923 3
924 4
925 5
926 3
927 4
928 5
929 5
930 6
931 5
932 4
933 4
934 4
935 5
936 5
937 4
938 5
939 5
940 5
941 6
942 5
943 6
944 7
945 6
946 3
947 3
948 4
949 7
950 7
951 5
952 6
953 5
954 6
955 6
956 5
957 5
958 5
959 6
960 5
961 8
962 4
963 5
964 6
965 4
966 7
967 4
968 7
969 4
970 6
971 2
972 3
973 6
974 6
975 5
976 6
977 6
978 6
979 7
980 5
981 5
982 5
983 6
984 6
985 6
986 6
987 6
988 6
989 8
990 7
991 6
992 6
993 5
994 4
995 3
996 6
997 6
998 7
999 5
1000 6
1001 6
0 6
1 6
2 3
3 5
4 4
5 4
6 4
7 5
8 6
9 4
10 3
11 2
12 6
13 5
14 4
15 4
16 4
17 4
18 2
19 7
20 1
21 3
22 2
23 4
24 5
25 3
26 4
27 4
28 4
29 4
30 2
31 6
32 4
33 4
34 3
35 5
36 3
37 3
38 5
39 4
40 2
41 5
42 3
43 6
44 4
45 6
46 5
47 5
48 3
49 4
50 2
51 7
52 7
53 3
54 2
55 4
56 3
57 4
58 5
59 4
60 5
61 5
62 4
63 5
64 3
65 5
66 3
67 3
68 5
69 6
70 5
71 4
72 2
73 2
74 5
75 3
76 3
77 5
78 5
79 5
80 7
81 6
82 3
83 4
84 5
85 4
86 3
87 3
88 2
89 3
90 3
91 4
92 4
93 4
94 3
95 3
96 4
97 3
98 4
99 2
100 3
101 6
102 2
103 7
104 2
105 4
106 6
107 5
108 4
109 4
110 2
111 5
112 4
113 5
114 5
115 3
116 2
117 5
118 3
119 3
120 4
121 3
122 5
123 1
124 5
125 4
126 4
127 3
128 6
129 2
130 4
131 7
132 6
133 5
134 5
135 5
136 8
137 6
138 6
139 4
140 3
141 6
142 6
143 5
144 4
145 7
146 5
147 5
148 4
149 3
150 2
151 4
152 6
153 3
154 3
155 5
156 3
157 5
158 4
159 5
160 8
161 8
162 5
163 4
164 5
165 3
166 5
167 4
168 5
169 6
170 5
171 5
172 3
173 5
174 5
175 7
176 6
177 4
178 5
179 3
180 5
181 6
182 6
183 4
184 5
185 4
186 3
187 4
188 6
189 7
190 4
191 7
192 7
193 6
194 3
195 3
196 3
197 5
198 4
199 4
200 8
201 3
202 6
203 5
204 4
205 5
206 6
207 2
208 4
209 4
210 5
211 6
212 4
213 6
214 3
215 3
216 4
217 5
218 5
219 3
220 4
221 3
222 4
223 5
224 4
225 4
226 5
227 2
228 4
229 4
230 3
231 5
232 4
233 5
234 4
235 3
236 7
237 3
238 5
239 2
240 4
241 6
242 5
243 3
244 7
245 7
246 5
247 3
248 6
249 4
250 3
251 7
252 4
253 5
254 2
255 4
256 3
257 4
258 5
259 4
260 7
261 5
262 5
263 6
264 5
265 6
266 4
267 4
268 3
269 2
270 3
271 5
272 4
273 6
274 4
275 4
276 4
277 5
278 5
279 4
280 3
281 3
282 3
283 4
284 1
285 4
286 5
287 4
288 4
289 3
290 4
291 7
292 5
293 3
294 2
295 3
296 6
297 3
298 2
299 5
300 3
301 4
302 5
303 5
304 5
305 7
306 5
307 2
308 5
309 5
310 6
311 5
312 5
313 4
314 7
315 2
316 4
317 4
318 4
319 5
320 3
321 5
322 4
323 5
324 4
325 3
326 5
327 3
328 4
329 5
330 3
331 4
332 4
333 4
334 2
335 4
336 3
337 3
338 2
339 3
340 3
341 4
342 4
343 6
344 4
345 1
346 4
347 4
348 2
349 5
350 3
351 4
352 4
353 4
354 4
355 2
356 2
357 2
358 5
359 4
360 2
361 2
362 4
363 3
364 4
365 5
366 2
367 3
368 3
369 2
370 4
371 3
372 4
373 3
374 2
375 3
376 4
377 4
378 4
379 5
380 4
381 4
382 3
383 3
384 5
385 3
386 4
387 2
388 4
389 3
390 4
391 3
392 4
393 0
394 3
395 3
396 3
397 3
398 3
399 3
400 2
401 1
402 3
403 5
404 3
405 2
406 3
407 4
408 5
409 3
410 3
411 4
412 2
413 4
414 4
415 2
416 4
417 3
418 3
419 0
420 2
421 3
422 3
423 3
424 4
425 3
426 5
427 3
428 2
429 6
430 5
431 4
432 3
433 3
434 4
435 5
436 2
437 5
438 2
439 4
440 5
441 4
442 4
443 5
444 3
445 5
446 3
447 5
448 4
449 3
450 3
451 3
452 4
453 3
454 4
455 4
456 3
457 4
458 3
459 5
460 2
461 3
462 4
463 3
464 2
465 6
466 4
467 4
468 4
469 6
470 4
471 2
472 4
473 5
474 3
475 4
476 3
477 4
478 4
479 5
480 6
481 3
482 6
483 4
484 4
485 3
486 6
487 4
488 5
489 5
490 5
491 4
492 3
493 5
494 4
495 4
496 3
497 3
498 6
499 3
500 6
501 4
502 5
503 4
504 4
505 4
506 6
507 3
508 2
509 5
510 4
511 3
512 4
513 4
514 5
515 6
516 7
517 5
518 4
519 3
520 6
521 3
522 5
523 5
524 5
525 5
526 6
527 5
528 5
529 4
530 5
531 6
532 4
533 4
534 4
535 5
536 3
537 3
538 5
539 2
540 7
541 3
542 5
543 3
544 5
545 4
546 4
547 6
548 6
549 4
550 4
551 4
552 3
553 3
554 6
555 5
556 5
557 4
558 3
559 5
560 7
561 4
562 5
563 6
564 3
565 4
566 5
567 5
568 3
569 2
570 5
571 2
572 1
573 4
574 4
575 4
576 2
577 2
578 4
579 4
580 4
581 4
582 5
583 3
584 6
585 1
586 3
587 6
588 5
589 5
590 4
591 5
592 3
593 5
594 7
595 6
596 5
597 7
598 5
599 5
600 3
601 3
602 5
603 6
604 6
605 5
606 7
607 7
608 5
609 4
610 1
611 5
612 1
613 4
614 7
615 4
616 4
617 6
618 3
619 6
620 3
621 3
622 3
623 4
624 4
625 6
626 4
627 4
628 4
629 2
630 5
631 5
632 4
633 4
634 4
635 3
636 6
637 3
638 3
639 5
640 4
641 5
642 4
643 7
644 5
645 6
646 4
647 5
648 2
649 6
650 6
651 1
652 4
653 4
654 3
655 3
656 5
657 3
658 4
659 4
660 4
661 2
662 4
663 3
664 5
665 3
666 4
667 2
668 4
669 6
670 4
671 7
672 5
673 4
674 6
675 4
676 5
677 3
678 3
679 6
680 2
681 5
682 4
683 6
684 5
685 3
686 3
687 4
688 8
689 6
690 6
691 6
692 5
693 6
694 6
695 2
696 3
697 6
698 5
699 6
700 3
701 4
702 6
703 5
704 3
705 4
706 4
707 4
708 7
709 4
710 7
711 2
712 3
713 3
714 3
715 5
716 5
717 3
718 4
719 3
720 3
721 3
722 5
723 5
724 1
725 4
726 5
727 3
728 4
729 3
730 3
731 3
732 4
733 5
734 4
735 6
736 3
737 4
738 3
739 3
740 4
741 3
742 3
743 2
744 4
745 6
746 5
747 4
748 4
749 4
750 4
751 7
752 6
753 3
754 4
755 6
756 2
757 3
758 3
759 3
760 2
761 4
762 5
763 3
764 3
765 3
766 4
767 4
768 4
769 6
770 4
771 3
772 5
773 5
774 4
775 3
776 6
777 6
778 4
779 5
780 5
781 6
782 7
783 6
784 8
785 5
786 9
787 6
788 4
789 5
790 5
791 5
792 4
793 3
794 5
795 5
796 7
797 6
798 5
799 5
800 7
801 4
802 2
803 5
804 4
805 4
806 7
807 3
808 7
809 5
810 3
811 4
812 6
813 4
814 6
815 3
816 5
817 6
818 4
819 5
820 4
821 6
822 5
823 3
824 5
825 3
826 5
827 4
828 5
829 4
830 6
831 2
832 3
833 5
834 3
835 5
836 4
837 4
838 3
839 4
840 2
841 3
842 5
843 4
844 4
845 7
846 5
847 4
848 4
849 4
850 5
851 5
852 2
853 1
854 4
855 4
856 5
857 7
858 5
859 5
860 7
861 6
862 4
863 3
864 2
865 4
866 5
867 2
868 6
869 3
870 4
871 2
872 6
873 8
874 4
875 7
876 5
877 5
878 5
879 4
880 5
881 5
882 4
883 3
884 2
885 3
886 4
887 3
888 6
889 2
890 2
891 5
892 2
893 4
894 4
895 4
896 4
897 3
898 6
899 4
900 3
901 5
902 3
903 4
904 4
905 3
906 3
907 6
908 4
909 3
910 3
911 4
912 4
913 5
914 4
915 4
916 4
917 5
918 6
919 5
920 5
921 5
922 7
923 5
924 5
925 4
926 4
927 3
928 4
929 4
930 3
931 5
932 7
933 4
934 4
935 4
936 5
937 2
938 4
939 4
940 3
941 5
942 2
943 5
944 3
945 3
946 4
947 7
948 6
949 4
950 3
951 4
952 5
953 5
954 5
955 2
956 4
957 5
958 3
959 3
960 3
961 5
962 5
963 5
964 5
965 4
966 7
967 3
968 6
969 4
970 5
971 3
972 4
973 5
974 4
975 5
976 5
977 3
978 6
979 6
980 6
981 4
982 7
983 8
984 5
985 6
986 7
987 4
988 7
989 3
990 1
991 4
992 4
993 2
994 5
995 5
996 4
997 4
998 6
999 4
1000 6
1001 4
0 5
1 5
2 6
3 5
4 3
5 3
6 3
7 4
8 4
9 4
10 4
11 5
12 6
13 5
14 4
15 4
16 5
17 6
18 6
19 5
20 7
21 5
22 6
23 8
24 4
25 5
26 5
27 6
28 6
29 7
30 4
31 3
32 4
33 4
34 3
35 4
36 6
37 4
38 4
39 5
40 4
41 6
42 6
43 5
44 4
45 6
46 4
47 5
48 3
49 6
50 4
51 6
52 4
53 5
54 5
55 6
56 5
57 4
58 6
59 6
60 3
61 5
62 4
63 5
64 5
65 6
66 5
67 6
68 4
69 3
70 5
71 8
72 6
73 4
74 6
75 7
76 8
77 3
78 7
79 6
80 5
81 8
82 3
83 6
84 4
85 6
86 6
87 8
88 7
89 4
90 2
91 7
92 4
93 3
94 5
95 3
96 5
97 5
98 6
99 4
100 4
101 6
102 5
103 5
104 4
105 7
106 2
107 4
108 9
109 7
110 6
111 5
112 6
113 5
114 6
115 6
116 4
117 6
118 5
119 6
120 3
121 3
122 3
123 6
124 6
125 5
126 4
127 6
128 3
129 4
130 7
131 4
132 4
133 4
134 4
135 4
136 4
137 5
138 4
139 7
140 4
141 4
142 9
143 5
144 4
145 4
146 4
147 4
148 7
149 6
150 4
151 8
152 6
153 5
154 5
155 7
156 5
157 7
158 5
159 5
160 5
161 7
162 8
163 7
164 3
165 6
166 5
167 4
168 5
169 3
170 6
171 7
172 5
173 3
174 3
175 5
176 4
177 3
178 5
179 4
180 7
181 3
182 4
183 4
184 6
185 5
186 5
187 5
188 5
189 6
190 6
191 5
192 6
193 4
194 5
195 4
196 6
197 6
198 3
199 8
200 5
201 5
202 5
203 5
204 7
205 5
206 4
207 2
208 6
209 3
210 4
211 5
212 4
213 5
214 6
215 4
216 3
217 5
218 5
219 5
220 5
221 6
222 6
223 6
224 3
225 5
226 4
227 4
228 6
229 6
230 4
231 2
232 5
233 4
234 4
235 5
236 4
237 4
238 4
239 6
240 6
241 5
242 4
243 5
244 4
245 3
246 4
247 5
248 5
249 4
250 6
251 5
252 3
253 7
254 6
255 6
256 4
257 4
258 4
259 5
260 3
261 5
262 7
263 3
264 5
265 4
266 6
267 3
268 5
269 3
270 4
271 5
272 5
273 6
274 4
275 3
276 6
277 5
278 6
279 5
280 5
281 6
282 5
283 4
284 3
285 5
286 3
287 4
288 3
289 4
290 6
291 4
292 6
293 8
294 4
295 3
296 4
297 3
298 5
299 4
300 7
301 6
302 6
303 5
304 5
305 6
306 4
307 5
308 3
309 3
310 1
311 6
312 5
313 4
314 5
315 5
316 3
317 5
318 5
319 4
320 6
321 3
322 3
323 3
324 2
325 6
326 2
327 5
328 5
329 6
330 5
331 4
332 4
333 5
334 4
335 3
336 3
337 3
338 4
339 4
340 4
341 3
342 6
343 6
344 4
345 6
346 4
347 6
348 3
349 7
350 3
351 3
352 5
353 6
354 4
355 4
356 4
357 4
358 6
359 1
360 2
361 8
362 6
363 3
364 1
365 3
366 6
367 7
368 4
369 5
370 4
371 4
372 1
373 4
374 4
375 5
376 5
377 4
378 4
379 5
380 6
381 4
382 4
383 6
384 6
385 7
386 5
387 4
388 3
389 4
390 4
391 3
392 7
393 3
394 4
395 5
396 4
397 4
398 4
399 4
400 6
401 4
402 5
403 6
404 3
405 4
406 6
407 6
408 3
409 4
410 5
411 5
412 4
413 5
414 4
415 5
416 4
417 4
418 5
419 3
420 5
421 4
422 4
423 4
424 5
425 3
426 6
427 4
428 5
429 5
430 4
431 4
432 5
433 2
434 6
435 4
436 3
437 4
438 5
439 5
440 4
441 3
442 5
443 7
444 6
445 7
446 2
447 4
448 6
449 2
450 5
451 3
452 5
453 4
454 5
455 3
456 4
457 7
458 3
459 4
460 3
461 4
462 6
463 5
464 4
465 4
466 6
467 5
468 3
469 4
470 6
471 6
472 2
473 4
474 4
475 6
476 2
477 6
478 2
479 7
480 6
481 5
482 4
483 5
484 2
485 4
486 6
487 8
488 3
489 4
490 5
491 6
492 4
493 7
494 5
495 4
496 6
497 5
498 4
499 6
500 7
501 5
502 6
503 4
504 5
505 2
506 4
507 4
508 6
509 4
510 4
511 5
512 4
513 4
514 4
515 3
516 5
517 7
518 5
519 2
520 3
521 3
522 3
523 6
524 3
525 3
526 6
527 6
528 4
529 5
530 3
531 8
532 6
533 5
534 3
535 3
536 3
537 2
538 5
539 5
540 3
541 6
542 4
543 4
544 6
545 6
546 4
547 2
548 4
549 6
550 2
551 4
552 5
553 4
554 5
555 4
556 4
557 6
558 3
559 6
560 7
561 4
562 5
563 5
564 4
565 6
566 4
567 5
568 6
569 4
570 6
571 3
572 5
573 4
574 5
575 5
576 5
577 4
578 5
579 4
580 6
581 6
582 6
583 6
584 5
585 5
586 5
587 4
588 2
589 8
590 5
591 2
592 5
593 4
594 6
595 5
596 5
597 6
598 5
599 6
600 3
601 3
602 5
603 4
604 4
605 6
606 4
607 4
608 4
609 4
610 5
611 6
612 4
613 3
614 2
615 5
616 6
617 5
618 4
619 4
620 5
621 4
622 3
623 3
624 3
625 6
626 2
627 5
628 6
629 3
630 3
631 2
632 2
633 4
634 4
635 4
636 5
637 4
638 7
639 2
640 5
641 3
642 2
643 3
644 3
645 3
646 3
647 1
648 3
649 3
650 2
651 5
652 4
653 1
654 3
655 2
656 4
657 4
658 5
659 4
660 3
661 3
662 4
663 5
664 4
665 4
666 2
667 3
668 4
669 3
670 4
671 4
672 6
673 4
674 5
675 4
676 4
677 8
678 5
679 4
680 5
681 6
682 5
683 5
684 5
685 4
686 7
687 4
688 6
689 7
690 6
691 2
692 8
693 4
694 6
695 5
696 3
697 6
698 4
699 4
700 3
701 2
702 6
703 4
704 4
705 5
706 6
707 4
708 4
709 4
710 4
711 3
712 5
713 5
714 5
715 4
716 5
717 2
718 4
719 4
720 3
721 5
722 3
723 6
724 6
725 3
726 5
727 4
728 6
729 6
730 4
731 5
732 4
733 5
734 4
735 5
736 5
737 4
738 4
739 5
740 3
741 6
742 5
743 3
744 4
745 4
746 4
747 3
748 5
749 5
750 5
751 4
752 7
753 6
754 3
755 4
756 5
757 5
758 4
759 3
760 5
761 6
762 3
763 4
764 4
765 7
766 6
767 6
768 8
769 4
770 5
771 6
772 5
773 4
774 5
775 5
776 6
777 4
778 5
779 6
780 6
781 4
782 5
783 7
784 4
785 6
786 4
787 3
788 5
789 2
790 5
791 4
792 5
793 4
794 4
795 4
796 3
797 2
798 5
799 7
800 4
801 5
802 7
803 4
804 5
805 5
806 5
807 4
808 4
809 5
810 6
811 3
812 4
813 5
814 2
815 6
816 7
817 5
818 5
819 5
820 5
821 4
822 7
823 5
824 4
825 4
826 4
827 4
828 5
829 4
830 4
831 6
832 5
833 5
834 2
835 4
836 4
837 6
838 4
839 3
840 4
841 5
842 6
843 6
844 5
845 2
846 7
847 5
848 5
849 6
850 7
851 5
852 4
853 3
854 3
855 5
856 4
857 2
858 4
859 4
860 7
861 5
862 8
863 6
864 6
865 9
866 4
867 4
868 6
869 6
870 4
871 5
872 8
873 6
874 6
875 6
876 6
877 5
878 5
879 5
880 4
881 4
882 4
883 5
884 3
885 4
886 5
887 6
888 7
889 7
890 6
891 2
892 2
893 5
894 6
895 6
896 8
897 6
898 9
899 6
900 5
901 10
902 7
903 5
904 5
905 7
906 6
907 5
908 7
909 7
910 5
911 4
912 5
913 8
914 5
915 8
916 7
917 4
918 7
919 6
920 4
921 4
922 4
923 6
924 5
925 4
926 5
927 4
928 5
929 6
930 3
931 4
932 5
933 6
934 3
935 3
936 6
937 6
938 9
939 4
940 5
941 6
942 7
943 5
944 5
945 3
946 4
947 7
948 6
949 5
950 5
951 8
952 4
953 8
954 5
955 3
956 7
957 5
958 6
959 4
960 6
961 6
962 5
963 4
964 8
965 6
966 6
967 5
968 4
969 4
970 5
971 6
972 7
973 6
974 6
975 5
976 8
977 5
978 5
979 4
980 8
981 7
982 5
983 5
984 6
985 3
986 4
987 6
988 6
989 4
990 6
991 3
992 5
993 7
994 7
995 6
996 5
997 5
998 7
999 6
1000 8
1001 6
0 7
1 7
2 5
3 6
4 6
5 5
6 5
7 7
8 7
9 5
10 3
11 7
12 5
13 4
14 6
15 4
16 6
17 4
18 6
19 6
20 5
21 5
22 4
23 6
24 6
25 4
26 6
27 5
28 5
29 6
30 5
31 6
32 5
33 6
34 6
35 6
36 7
37 6
38 3
39 4
40 4
41 6
42 2
43 2
44 4
45 6
46 7
47 6
48 5
49 5
50 8
51 6
52 7
53 8
54 5
55 5
56 6
57 7
58 4
59 5
60 6
61 5
62 8
63 7
64 5
65 6
66 6
67 7
68 7
69 4
70 7
71 6
72 7
73 7
74 5
75 6
76 5
77 4
78 5
79 6
80 5
81 8
82 7
83 5
84 8
85 5
86 5
87 7
88 7
89 5
90 6
91 6
92 5
93 6
94 8
95 6
96 6
97 6
98 8
99 6
100 5
101 8
102 6
103 5
104 8
105 5
106 7
107 6
108 5
109 5
110 6
111 5
112 6
113 8
114 4
115 4
116 6
117 8
118 6
119 7
120 5
121 8
122 9
123 7
124 9
125 5
126 4
127 8
128 6
129 7
130 7
131 6
132 4
133 7
134 5
135 3
136 8
137 5
138 3
139 3
140 2
141 4
142 3
143 7
144 8
145 9
146 5
147 7
148 6
149 5
150 7
151 8
152 7
153 8
154 5
155 5
156 5
157 5
158 6
159 3
160 5
161 3
162 3
163 4
164 7
165 2
166 6
167 6
168 7
169 6
170 7
171 7
172 7
173 7
174 5
175 6
176 6
177 8
178 8
179 8
180 5
181 7
182 8
183 7
184 8
185 8
186 5
187 10
188 7
189 3
190 6
191 5
192 7
193 4
194 4
195 4
196 5
197 5
198 9
199 3
200 10
201 5
202 8
203 8
204 5
205 5
206 10
207 6
208 6
209 4
210 8
211 6
212 7
213 7
214 8
215 5
216 8
217 7
218 6
219 4
220 7
221 6
222 3
223 8
224 5
225 5
226 3
227 8
228 8
229 9
230 9
231 7
232 5
233 6
234 6
235 6
236 4
237 6
238 3
239 4
240 5
241 5
242 4
243 7
244 5
245 6
246 5
247 7
248 5
249 6
250 7
251 7
252 6
253 6
254 5
255 6
256 5
257 7
258 7
259 8
260 6
261 7
262 5
263 8
264 6
265 5
266 7
267 5
268 4
269 6
270 5
271 4
272 6
273 6
274 6
275 3
276 5
277 6
278 8
279 7
280 9
281 5
282 7
283 7
284 4
285 5
286 4
287 6
288 2
289 6
290 5
291 5
292 4
293 7
294 9
295 8
296 5
297 7
298 5
299 6
300 7
301 4
302 5
303 7
304 4
305 6
306 6
307 3
308 5
309 7
310 5
311 4
312 4
313 4
314 7
315 5
316 6
317 8
318 6
319 6
320 7
321 5
322 8
323 6
324 6
325 5
326 9
327 6
328 6
329 5
330 4
331 4
332 5
333 6
334 5
335 8
336 7
337 5
338 6
339 6
340 6
341 5
342 2
343 8
344 6
345 5
346 9
347 10
348 6
349 4
350 6
351 6
352 6
353 5
354 5
355 5
356 8
357 3
358 6
359 6
360 8
361 5
362 8
363 7
364 6
365 6
366 8
367 4
368 5
369 7
370 5
371 5
372 6
373 6
374 5
375 8
376 6
377 7
378 6
379 8
380 8
381 7
382 7
383 6
384 6
385 8
386 7
387 6
388 5
389 6
390 5
391 10
392 7
393 6
394 6
395 9
396 6
397 3
398 7
399 6
400 7
401 6
402 8
403 6
404 6
405 4
406 5
407 6
408 4
409 7
410 4
411 7
412 6
413 8
414 7
415 7
416 6
417 7
418 8
419 4
420 6
421 5
422 7
423 7
424 5
425 7
426 6
427 5
428 5
429 7
430 6
431 7
432 5
433 5
434 5
435 6
436 6
437 7
438 8
439 6
440 6
441 5
442 6
443 6
444 6
445 5
446 6
447 8
448 9
449 9
450 7
451 7
452 6
453 6
454 6
455 6
456 9
457 8
458 8
459 7
460 10
461 7
462 6
463 6
464 10
465 6
466 8
467 10
468 8
469 6
470 11
471 6
472 6
473 7
474 10
475 9
476 7
477 6
478 6
479 8
480 8
481 6
482 4
483 5
484 7
485 6
486 7
487 5
488 5
489 3
490 8
491 4
492 5
493 7
494 4
495 7
496 6
497 5
498 4
499 6
500 7
501 5
502 5
503 7
504 7
505 4
506 7
507 4
508 8
509 3
510 5
511 8
512 5
513 8
514 6
515 4
516 5
517 8
518 5
519 7
520 2
521 4
522 4
523 8
524 5
525 4
526 7
527 7
528 7
529 5
530 5
531 4
532 7
533 7
534 7
535 3
536 5
537 7
538 9
539 4
540 4
541 5
542 4
543 4
544 7
545 4
546 6
547 3
548 4
549 6
550 5
551 5
552 4
553 5
554 5
555 6
556 6
557 5
558 5
559 4
560 5
561 3
562 3
563 6
564 4
565 7
566 5
567 5
568 3
569 5
570 5
571 6
572 5
573 6
574 6
575 6
576 3
577 5
578 5
579 4
580 3
581 7
582 4
583 6
584 4
585 5
586 8
587 5
588 7
589 6
590 4
591 6
592 5
593 6
594 5
595 5
596 5
597 5
598 4
599 4
600 3
601 6
602 6
603 5
604 5
605 5
606 5
607 3
608 5
609 6
610 6
611 3
612 4
613 3
614 6
615 7
616 6
617 5
618 4
619 5
620 5
621 7
622 3
623 5
624 3
625 5
626 5
627 5
628 5
629 6
630 5
631 6
632 9
633 7
634 6
635 7
636 6
637 5
638 7
639 2
640 4
641 3
642 5
643 2
644 5
645 4
646 7
647 4
648 4
649 4
650 5
651 4
652 9
653 5
654 8
655 3
656 4
657 5
658 6
659 5
660 6
661 5
662 5
663 3
664 5
665 7
666 4
667 3
668 6
669 8
670 5
671 6
672 4
673 7
674 4
675 6
676 3
677 6
678 3
679 3
680 5
681 7
682 5
683 5
684 4
685 7
686 5
687 6
688 5
689 3
690 3
691 7
692 5
693 8
694 7
695 5
696 5
697 5
698 5
699 2
700 6
701 5
702 4
703 6
704 4
705 5
706 5
707 8
708 3
709 3
710 6
711 3
712 6
713 4
714 6
715 4
716 6
717 3
718 3
719 5
720 5
721 3
722 7
723 5
724 5
725 3
726 7
727 6
728 5
729 5
730 8
731 6
732 7
733 2
734 5
735 6
736 6
737 7
738 6
739 7
740 6
741 4
742 6
743 4
744 4
745 5
746 3
747 5
748 4
749 8
750 6
751 5
752 4
753 1
754 5
755 4
756 8
757 5
758 4
759 7
760 3
761 6
762 2
763 6
764 5
765 5
766 5
767 7
768 5
769 6
770 6
771 6
772 4
773 4
774 8
775 7
776 7
777 4
778 8
779 6
780 4
781 6
782 5
783 5
784 9
785 6
786 6
787 5
788 4
789 6
790 5
791 7
792 5
793 4
794 5
795 5
796 4
797 8
798 5
799 6
800 7
801 5
802 3
803 7
804 5
805 6
806 3
807 5
808 4
809 4
810 6
811 5
812 7
813 6
814 6
815 6
816 6
817 6
818 4
819 4
820 6
821 6
822 3
823 7
824 4
825 6
826 8
827 4
828 5
829 5
830 3
831 5
832 5
833 7
834 4
835 5
836 2
837 4
838 6
839 6
840 7
841 6
842 7
843 7
844 3
845 5
846 8
847 5
848 5
849 7
850 6
851 5
852 7
853 5
854 6
855 6
856 3
857 6
858 7
859 6
860 7
861 7
862 7
863 5
864 7
865 5
866 7
867 5
868 8
869 7
870 4
871 6
872 6
873 7
874 6
875 4
876 4
877 4
878 5
879 6
880 3
881 7
882 3
883 6
884 7
885 6
886 7
887 5
888 6
889 6
890 6
891 3
892 8
893 6
894 5
895 6
896 9
897 4
898 7
899 6
900 7
901 4
902 4
903 7
904 7
905 5
906 4
907 5
908 2
909 6
910 6
911 6
912 6
913 6
914 5
915 5
916 5
917 5
918 6
919 6
920 5
921 4
922 7
923 6
924 6
925 5
926 8
927 6
928 8
929 6
930 6
931 7
932 5
933 4
934 5
935 6
936 7
937 7
938 4
939 5
940 5
941 8
942 7
943 6
944 5
945 4
946 7
947 7
948 5
949 4
950 6
951 6
952 5
953 7
954 6
955 4
956 6
957 7
958 7
959 6
960 9
961 6
962 6
963 7
964 5
965 5
966 6
967 8
968 8
969 8
970 6
971 7
972 8
973 8
974 7
975 8
976 10
977 9
978 8
979 5
980 5
981 5
982 9
983 7
984 7
985 5
986 8
987 5
988 9
989 7
990 5
991 8
992 7
993 6
994 9
995 5
996 8
997 6
998 6
999 6
1000 7
1001 8
0 5
1 5
2 4
3 3
4 4
5 2
6 4
7 4
8 4
9 3
10 5
11 5
12 6
13 3
14 4
15 4
16 3
17 3
18 3
19 4
20 5
21 2
22 5
23 6
24 3
25 8
26 6
27 6
28 4
29 2
30 3
31 6
32 1
33 8
34 3
35 2
36 2
37 4
38 1
39 5
40 5
41 5
42 4
43 1
44 5
45 3
46 3
47 5
48 6
49 5
50 6
51 4
52 4
53 6
54 5
55 4
56 5
57 5
58 4
59 2
60 3
61 1
62 4
63 5
64 3
65 4
66 5
67 6
68 1
69 5
70 4
71 4
72 5
73 3
74 5
75 5
76 7
77 2
78 6
79 3
80 1
81 5
82 3
83 4
84 5
85 3
86 4
87 3
88 5
89 3
90 5
91 1
92 3
93 2
94 5
95 3
96 4
97 3
98 5
99 5
100 4
101 5
102 4
103 3
104 4
105 5
106 2
107 4
108 6
109 6
110 4
111 3
112 3
113 5
114 3
115 4
116 3
117 4
118 4
119 2
120 3
121 4
122 5
123 4
124 3
125 4
126 2
127 4
128 3
129 6
130 2
131 3
132 3
133 4
134 2
135 1
136 4
137 4
138 3
139 3
140 1
141 5
142 5
143 3
144 4
145 5
146 3
147 3
148 5
149 2
150 1
151 2
152 4
153 3
154 3
155 3
156 3
157 2
158 2
159 2
160 1
161 4
162 5
163 1
164 2
165 3
166 2
167 3
168 2
169 3
170 2
171 2
172 2
173 2
174 3
175 3
176 3
177 3
178 3
179 3
180 5
181 2
182 3
183 5
184 6
185 4
186 2
187 3
188 4
189 4
190 4
191 4
192 5
193 4
194 4
195 4
196 2
197 2
198 3
199 2
200 3
201 3
202 3
203 3
204 2
205 1
206 2
207 1
208 4
209 2
210 5
211 4
212 4
213 5
214 3
215 5
216 5
217 3
218 5
219 2
220 2
221 2
222 5
223 3
224 3
225 1
226 5
227 3
228 4
229 3
230 4
231 4
232 5
233 5
234 4
235 5
236 6
237 3
238 3
239 3
240 6
241 3
242 1
243 5
244 3
245 4
246 3
247 4
248 7
249 3
250 3
251 3
252 4
253 3
254 4
255 5
256 4
257 4
258 3
259 5
260 3
261 5
262 4
263 4
264 6
265 4
266 6
267 5
268 2
269 3
270 9
271 7
272 4
273 5
274 4
275 5
276 6
277 2
278 5
279 7
280 5
281 3
282 3
283 8
284 2
285 3
286 5
287 5
288 6
289 6
290 4
291 4
292 3
293 4
294 2
295 3
296 4
297 3
298 5
299 3
300 2
301 4
302 4
303 3
304 5
305 3
306 3
307 2
308 5
309 1
310 3
311 4
312 3
313 5
314 3
315 3
316 2
317 4
318 5
319 3
320 3
321 2
322 4
323 3
324 3
325 4
326 3
327 3
328 4
329 4
330 3
331 1
332 4
333 4
334 3
335 4
336 1
337 3
338 4
339 7
340 2
341 3
342 5
343 5
344 2
345 4
346 3
347 8
348 4
349 3
350 3
351 3
352 2
353 2
354 3
355 2
356 5
357 3
358 3
359 3
360 1
361 4
362 5
363 2
364 4
365 3
366 1
367 2
368 3
369 1
370 1
371 2
372 4
373 1
374 3
375 5
376 2
377 2
378 2
379 3
380 2
381 2
382 5
383 3
384 4
385 2
386 1
387 5
388 2
389 3
390 4
391 1
392 2
393 4
394 6
395 3
396 1
397 3
398 2
399 2
400 3
401 3
402 4
403 4
404 5
405 3
406 4
407 4
408 2
409 3
410 4
411 4
412 4
413 4
414 5
415 4
416 4
417 3
418 3
419 2
420 4
421 3
422 2
423 3
424 3
425 3
426 2
427 4
428 3
429 4
430 3
431 5
432 4
433 4
434 3
435 2
436 2
437 4
438 3
439 3
440 1
441 3
442 3
443 6
444 3
445 2
446 2
447 1
448 3
449 4
450 2
451 2
452 1
453 3
454 3
455 4
456 3
457 3
458 3
459 3
460 2
461 3
462 2
463 3
464 1
465 2
466 1
467 1
468 1
469 2
470 1
471 2
472 2
473 2
474 2
475 1
476 2
477 1
478 1
479 3
480 1
481 4
482 1
483 1
484 3
485 1
486 3
487 4
488 5
489 2
490 2
491 1
492 1
493 1
494 1
495 2
496 2
497 1
498 2
499 2
500 3
501 1
502 2
503 1
504 3
505 3
506 2
507 3
508 3
509 2
510 1
511 3
512 2
513 2
514 2
515 2
516 3
517 1
518 4
519 1
520 3
521 3
522 2
523 2
524 2
525 2
526 2
527 2
528 2
529 2
530 4
531 3
532 2
533 2
534 1
535 3
536 3
537 4
538 8
539 2
540 3
541 2
542 3
543 2
544 5
545 2
546 3
547 2
548 2
549 6
550 4
551 3
552 3
553 1
554 1
555 5
556 3
557 2
558 2
559 4
560 4
561 3
562 4
563 4
564 3
565 3
566 5
567 4
568 3
569 5
570 5
571 6
572 3
573 5
574 4
575 3
576 3
577 4
578 1
579 4
580 3
581 5
582 4
583 7
584 4
585 5
586 4
587 4
588 4
589 6
590 4
591 4
592 6
593 2
594 4
595 3
596 3
597 5
598 5
599 4
600 3
601 3
602 5
603 3
604 3
605 4
606 3
607 3
608 3
609 5
610 3
611 6
612 5
613 5
614 4
615 4
616 6
617 5
618 4
619 6
620 4
621 4
622 4
623 5
624 2
625 1
626 1
627 3
628 2
629 3
630 5
631 7
632 3
633 4
634 4
635 5
636 8
637 4
638 2
639 5
640 4
641 5
642 3
643 7
644 7
645 5
646 7
647 5
648 4
649 3
650 4
651 4
652 3
653 5
654 5
655 7
656 6
657 4
658 3
659 3
660 4
661 4
662 6
663 3
664 4
665 4
666 4
667 3
668 3
669 3
670 3
671 1
672 3
673 5
674 4
675 2
676 3
677 5
678 5
679 4
680 4
681 3
682 4
683 3
684 3
685 1
686 4
687 5
688 5
689 5
690 3
691 3
692 3
693 1
694 2
695 2
696 3
697 4
698 3
699 4
700 4
701 2
702 4
703 4
704 4
705 6
706 2
707 4
708 5
709 4
710 5
711 2
712 5
713 4
714 5
715 5
716 5
717 3
718 3
719 1
720 4
721 3
722 3
723 4
724 3
725 3
726 4
727 6
728 2
729 3
730 4
731 5
732 5
733 3
734 2
735 4
736 3
737 4
738 1
739 2
740 2
741 2
742 2
743 2
744 3
745 4
746 2
747 4
748 2
749 5
750 2
751 3
752 3
753 3
754 1
755 3
756 2
757 3
758 2
759 4
760 4
761 3
762 2
763 4
764 3
765 2
766 3
767 3
768 3
769 3
770 2
771 3
772 3
773 2
774 1
775 2
776 0
777 0
778 3
779 3
780 3
781 2
782 2
783 4
784 3
785 0
786 3
787 2
788 1
789 3
790 2
791 2
792 2
793 2
794 3
795 2
796 5
797 4
798 3
799 2
800 3
801 2
802 2
803 1
804 1
805 0
806 3
807 2
808 3
809 2
810 2
811 2
812 2
813 4
814 4
815 4
816 3
817 2
818 3
819 2
820 1
821 3
822 2
823 2
824 3
825 2
826 2
827 2
828 2
829 1
830 2
831 3
832 2
833 3
834 5
835 2
836 3
837 5
838 1
839 2
840 4
841 3
842 2
843 4
844 1
845 1
846 2
847 3
848 2
849 3
850 3
851 3
852 3
853 1
854 2
855 2
856 3
857 3
858 4
859 2
860 4
861 3
862 3
863 0
864 3
865 2
866 4
867 2
868 0
869 1
870 4
871 3
872 5
873 4
874 2
875 1
876 4
877 4
878 3
879 2
880 4
881 3
882 3
883 5
884 4
885 2
886 3
887 4
888 4
889 3
890 2
891 2
892 2
893 4
894 3
895 4
896 2
897 3
898 3
899 4
900 1
901 3
902 2
903 1
904 3
905 2
906 6
907 4
908 3
909 3
910 2
911 3
912 0
913 1
914 3
915 3
916 5
917 3
918 2
919 2
920 2
921 1
922 1
923 3
924 4
925 4
926 3
927 1
928 2
929 3
930 4
931 3
932 4
933 3
934 4
935 1
936 4
937 2
938 3
939 1
940 5
941 2
942 6
943 4
944 4
945 1
946 4
947 2
948 2
949 2
950 2
951 3
952 2
953 1
954 2
955 1
956 2
957 3
958 3
959 3
960 4
961 4
962 5
963 3
964 4
965 3
966 4
967 5
968 3
969 3
970 1
971 3
972 5
973 4
974 5
975 4
976 2
977 2
978 5
979 2
980 6
981 4
982 4
983 3
984 2
985 3
986 3
987 3
988 4
989 3
990 2
991 3
992 1
993 3
994 1
995 6
996 2
997 3
998 2
999 4
1000 4
1001 2
0 2
1 2
2 4
3 4
4 5
5 6
6 5
7 3
8 3
9 4
10 6
11 7
12 5
13 6
14 4
15 1
16 6
17 4
18 2
19 5
20 5
21 6
22 2
23 4
24 2
25 6
26 5
27 6
28 5
29 3
30 4
31 6
32 3
33 5
34 2
35 6
36 3
37 6
38 3
39 4
40 3
41 7
42 8
43 4
44 6
45 7
46 7
47 7
48 6
49 4
50 5
51 6
52 5
53 6
54 4
55 3
56 2
57 5
58 3
59 5
60 5
61 5
62 3
63 4
64 6
65 4
66 7
67 6
68 7
69 5
70 2
71 3
72 4
73 5
74 4
75 4
76 5
77 4
78 5
79 4
80 4
81 4
82 2
83 6
84 3
85 4
86 3
87 4
88 3
89 5
90 4
91 2
92 4
93 6
94 3
95 6
96 4
97 5
98 3
99 4
100 4
101 4
102 4
103 5
104 5
105 6
106 3
107 1
108 4
109 3
110 2
111 3
112 2
113 3
114 1
115 1
116 2
117 4
118 2
119 1
120 3
121 3
122 4
123 3
124 4
125 3
126 5
127 1
128 3
129 2
130 3
131 5
132 3
133 4
134 3
135 2
136 5
137 5
138 4
139 1
140 4
141 4
142 2
143 4
144 4
145 1
146 3
147 3
148 3
149 4
150 3
151 4
152 3
153 3
154 5
155 5
156 3
157 3
158 3
159 4
160 5
161 5
162 5
163 3
164 2
165 4
166 2
167 4
168 5
169 5
170 5
171 3
172 3
173 4
174 3
175 4
176 2
177 2
178 4
179 3
180 3
181 3
182 2
183 1
184 2
185 5
186 2
187 2
188 4
189 2
190 2
191 3
192 2
193 2
194 1
195 1
196 1
197 2
198 4
199 1
200 1
201 2
202 1
203 2
204 4
205 2
206 3
207 1
208 4
209 3
210 2
211 2
212 2
213 2
214 3
215 1
216 5
217 3
218 2
219 2
220 4
221 3
222 3
223 4
224 4
225 5
226 4
227 6
228 6
229 2
230 4
231 5
232 6
233 4
234 5
235 5
236 6
237 5
238 5
239 4
240 4
241 5
242 3
243 4
244 6
245 6
246 6
247 5
248 4
249 4
250 6
251 6
252 5
253 4
254 5
255 5
256 5
257 6
258 5
259 6
260 3
261 4
262 4
263 4
264 3
265 7
266 5
267 3
268 4
269 6
270 2
271 6
272 5
273 5
274 2
275 6
276 4
277 4
278 3
279 6
280 4
281 4
282 5
283 5
284 5
285 4
286 4
287 5
288 5
289 3
290 4
291 5
292 5
293 3
294 1
295 5
296 2
297 3
298 4
299 4
300 2
301 3
302 4
303 3
304 5
305 4
306 3
307 5
308 7
309 3
310 2
311 4
312 5
313 4
314 3
315 6
316 4
317 3
318 3
319 5
320 3
321 6
322 4
323 2
324 2
325 7
326 5
327 5
328 3
329 0
330 4
331 4
332 3
333 3
334 5
335 4
336 4
337 4
338 2
339 3
340 3
341 2
342 3
343 4
344 6
345 9
346 7
347 6
348 6
349 5
350 7
351 6
352 6
353 5
354 2
355 5
356 3
357 4
358 3
359 5
360 4
361 6
362 3
363 5
364 4
365 1
366 5
367 3
368 3
369 3
370 5
371 3
372 7
373 4
374 4
375 3
376 6
377 4
378 2
379 1
380 3
381 4
382 3
383 5
384 3
385 3
386 6
387 6
388 6
389 6
390 3
391 3
392 6
393 5
394 8
395 5
396 3
397 3
398 2
399 4
400 4
401 1
402 4
403 4
404 5
405 3
406 6
407 2
408 6
409 4
410 4
411 5
412 6
413 4
414 8
415 4
416 5
417 2
418 6
419 6
420 5
421 5
422 2
423 4
424 4
425 3
426 4
427 4
428 6
429 5
430 3
431 3
432 5
433 8
434 6
435 5
436 6
437 2
438 4
439 5
440 5
441 5
442 4
443 2
444 6
445 6
446 3
447 6
448 6
449 6
450 7
451 5
452 4
453 4
454 6
455 2
456 4
457 5
458 6
459 9
460 7
461 7
462 7
463 4
464 3
465 5
466 9
467 6
468 8
469 6
470 6
471 4
472 3
473 4
474 6
475 3
476 3
477 6
478 7
479 5
480 6
481 8
482 6
483 6
484 8
485 5
486 3
487 4
488 7
489 5
490 4
491 4
492 5
493 7
494 4
495 3
496 6
497 5
498 4
499 4
500 5
501 8
502 6
503 5
504 6
505 4
506 6
507 3
508 3
509 6
510 7
511 3
512 6
513 3
514 5
515 4
516 5
517 4
518 4
519 6
520 5
521 4
522 5
523 2
524 4
525 3
526 5
527 3
528 4
529 3
530 5
531 6
532 3
533 6
534 5
535 6
536 2
537 2
538 6
539 6
540 7
541 6
542 5
543 4
544 7
545 6
546 6
547 5
548 7
549 5
550 7
551 4
552 3
553 6
554 6
555 5
556 8
557 3
558 8
559 6
560 8
561 6
562 4
563 5
564 3
565 5
566 5
567 6
568 7
569 7
570 6
571 5
572 5
573 5
574 3
575 6
576 5
577 5
578 6
579 4
580 7
581 5
582 7
583 3
584 7
585 5
586 5
587 5
588 7
589 5
590 6
591 2
592 5
593 3
594 5
595 5
596 4
597 5
598 7
599 5
600 3
601 3
602 6
603 3
604 7
605 4
606 5
607 6
608 4
609 5
610 4
611 7
612 4
613 4
614 3
615 5
616 5
617 2
618 3
619 4
620 5
621 6
622 2
623 4
624 6
625 6
626 4
627 2
628 5
629 5
630 5
631 4
632 2
633 6
634 4
635 4
636 5
637 3
638 4
639 4
640 6
641 5
642 5
643 4
644 3
645 4
646 5
647 5
648 4
649 5
650 5
651 5
652 7
653 4
654 3
655 5
656 6
657 6
658 3
659 4
660 3
661 5
662 3
663 4
664 2
665 2
666 3
667 7
668 4
669 5
670 1
671 2
672 5
673 2
674 4
675 4
676 3
677 4
678 1
679 4
680 4
681 2
682 1
683 5
684 4
685 2
686 4
687 5
688 4
689 4
690 3
691 3
692 2
693 3
694 5
695 1
696 2
697 4
698 4
699 5
700 5
701 5
702 4
703 4
704 5
705 4
706 5
707 5
708 3
709 3
710 6
711 3
712 4
713 2
714 5
715 4
716 5
717 5
718 4
719 2
720 5
721 5
722 4
723 2
724 5
725 4
726 0
727 3
728 3
729 2
730 3
731 2
732 2
733 2
734 4
735 2
736 3
737 3
738 3
739 3
740 2
741 4
742 6
743 3
744 2
745 3
746 3
747 4
748 4
749 6
750 3
751 3
752 5
753 5
754 5
755 4
756 6
757 6
758 3
759 5
760 4
761 5
762 5
763 6
764 6
765 4
766 4
767 4
768 6
769 6
770 4
771 4
772 4
773 5
774 2
775 5
776 4
777 2
778 5
779 5
780 3
781 5
782 5
783 6
784 4
785 4
786 6
787 4
788 3
789 3
790 5
791 5
792 3
793 2
794 3
795 3
796 5
797 0
798 2
799 4
800 5
801 4
802 4
803 4
804 4
805 4
806 4
807 3
808 2
809 3
810 6
811 4
812 4
813 5
814 4
815 4
816 4
817 3
818 2
819 3
820 5
821 3
822 3
823 3
824 3
825 5
826 3
827 3
828 5
829 3
830 3
831 5
832 5
833 4
834 2
835 5
836 5
837 4
838 3
839 5
840 3
841 3
842 6
843 4
844 2
845 6
846 3
847 5
848 7
849 4
850 3
851 5
852 5
853 4
854 4
855 4
856 3
857 5
858 6
859 6
860 3
861 6
862 5
863 3
864 4
865 5
866 4
867 4
868 3
869 3
870 4
871 5
872 5
873 2
874 3
875 5
876 3
877 5
878 4
879 4
880 5
881 3
882 5
883 4
884 3
885 2
886 6
887 6
888 4
889 5
890 4
891 4
892 1
893 3
894 2
895 5
896 6
897 4
898 5
899 5
900 4
901 4
902 3
903 5
904 3
905 3
906 6
907 4
908 3
909 2
910 3
911 3
912 3
913 3
914 4
915 5
916 5
917 3
918 4
919 3
920 2
921 2
922 4
923 3
924 1
925 1
926 2
927 3
928 3
929 2
930 1
931 4
932 4
933 4
934 3
935 3
936 5
937 2
938 3
939 2
940 1
941 3
942 4
943 4
944 3
945 4
946 2
947 1
948 4
949 2
950 2
951 5
952 7
953 5
954 3
955 2
956 5
957 4
958 5
959 4
960 3
961 4
962 3
963 7
964 6
965 4
966 5
967 4
968 6
969 5
970 4
971 7
972 6
973 7
974 4
975 2
976 5
977 5
978 6
979 4
980 3
981 3
982 3
983 3
984 2
985 5
986 4
987 6
988 5
989 5
990 3
991 5
992 5
993 6
994 6
995 6
996 5
997 4
998 3
999 7
1000 5
1001 4
