0 9
1 9
2 4
3 4
4 6
5 5
6 5
7 7
8 6
9 7
10 6
11 8
12 5
13 5
14 8
15 6
16 9
17 8
18 6
19 7
20 5
21 9
22 9
23 7
24 6
25 6
26 7
27 8
28 5
29 7
30 8
31 7
32 4
33 4
34 7
35 7
36 5
37 2
38 5
39 7
40 7
41 7
42 6
43 3
44 6
45 7
46 8
47 8
48 5
49 6
50 5
51 6
52 7
53 5
54 6
55 8
56 5
57 5
58 6
59 8
60 7
61 7
62 6
63 5
64 7
65 6
66 5
67 8
68 8
69 9
70 7
71 6
72 8
73 5
74 9
75 6
76 5
77 9
78 7
79 6
80 7
81 5
82 5
83 7
84 7
85 6
86 4
87 7
88 9
89 7
90 10
91 9
92 6
93 7
94 6
95 7
96 3
97 7
98 3
99 7
100 7
101 4
102 7
103 7
104 5
105 3
106 2
107 7
108 7
109 7
110 4
111 5
112 6
113 7
114 5
115 7
116 6
117 8
118 7
119 7
120 6
121 7
122 6
123 8
124 5
125 5
126 6
127 7
128 7
129 8
130 10
131 6
132 5
133 8
134 7
135 7
136 5
137 6
138 7
139 7
140 5
141 6
142 8
143 6
144 6
145 7
146 6
147 7
148 8
149 6
150 4
151 8
152 8
153 5
154 5
155 7
156 8
157 9
158 7
159 4
160 6
161 7
162 7
163 9
164 7
165 6
166 7
167 7
168 6
169 9
170 8
171 7
172 9
173 8
174 5
175 8
176 5
177 9
178 8
179 8
180 7
181 2
182 6
183 6
184 8
185 6
186 7
187 7
188 8
189 7
190 4
191 5
192 9
193 5
194 3
195 6
196 7
197 4
198 5
199 8
200 10
201 7
202 7
203 10
204 7
205 6
206 5
207 3
208 9
209 4
210 5
211 10
212 8
213 6
214 5
215 4
216 4
217 4
218 6
219 5
220 7
221 5
222 9
223 6
224 8
225 10
226 7
227 8
228 7
229 7
230 8
231 8
232 6
233 7
234 7
235 8
236 7
237 9
238 6
239 7
240 8
241 8
242 7
243 10
244 5
245 4
246 7
247 9
248 5
249 7
250 7
251 9
252 9
253 7
254 5
255 9
256 8
257 8
258 9
259 6
260 2
261 6
262 8
263 8
264 8
265 8
266 9
267 9
268 8
269 8
270 8
271 7
272 6
273 6
274 6
275 6
276 6
277 7
278 6
279 8
280 5
281 5
282 6
283 7
284 6
285 6
286 9
287 8
288 6
289 8
290 6
291 9
292 5
293 9
294 8
295 8
296 7
297 7
298 10
299 12
300 8
301 7
302 8
303 7
304 8
305 8
306 8
307 10
308 9
309 10
310 8
311 6
312 4
313 7
314 9
315 6
316 6
317 7
318 8
319 9
320 4
321 9
322 5
323 10
324 7
325 5
326 7
327 4
328 6
329 8
330 7
331 8
332 8
333 8
334 6
335 8
336 7
337 7
338 3
339 6
340 6
341 8
342 7
343 5
344 10
345 8
346 9
347 6
348 7
349 7
350 5
351 6
352 7
353 7
354 6
355 4
356 6
357 6
358 8
359 4
360 5
361 7
362 9
363 9
364 7
365 7
366 9
367 7
368 6
369 7
370 8
371 8
372 7
373 6
374 8
375 5
376 8
377 8
378 8
379 8
380 7
381 4
382 7
383 11
384 9
385 9
386 4
387 5
388 8
389 7
390 9
391 6
392 5
393 8
394 7
395 6
396 7
397 6
398 9
399 7
400 6
401 7
402 5
403 6
404 10
405 10
406 7
407 8
408 8
409 7
410 8
411 5
412 8
413 7
414 5
415 8
416 8
417 4
418 4
419 7
420 7
421 8
422 6
423 6
424 9
425 7
426 7
427 6
428 10
429 8
430 5
431 7
432 5
433 9
434 9
435 4
436 9
437 9
438 7
439 7
440 6
441 4
442 7
443 6
444 6
445 11
446 7
447 8
448 6
449 5
450 7
451 9
452 7
453 6
454 5
455 6
456 11
457 7
458 6
459 8
460 9
461 5
462 8
463 6
464 7
465 6
466 7
467 9
468 9
469 6
470 7
471 7
472 8
473 10
474 8
475 9
476 7
477 10
478 8
479 6
480 5
481 5
482 8
483 6
484 10
485 10
486 7
487 6
488 10
489 5
490 4
491 5
492 10
493 9
494 5
495 3
496 6
497 9
498 8
499 8
500 7
501 6
502 7
503 5
504 8
505 7
506 7
507 8
508 8
509 7
510 8
511 10
512 8
513 9
514 10
515 5
516 9
517 8
518 8
519 10
520 6
521 9
522 9
523 8
524 6
525 8
526 9
527 4
528 7
529 7
530 6
531 10
532 7
533 4
534 5
535 9
536 7
537 7
538 8
539 8
540 8
541 7
542 5
543 6
544 8
545 7
546 8
547 6
548 9
549 10
550 8
551 9
552 8
553 8
554 7
555 9
556 10
557 7
558 6
559 7
560 7
561 6
562 4
563 7
564 10
565 6
566 9
567 9
568 8
569 9
570 10
571 6
572 7
573 8
574 9
575 10
576 7
577 8
578 8
579 7
580 7
581 9
582 10
583 5
584 8
585 11
586 10
587 4
588 9
589 6
590 6
591 11
592 7
593 9
594 5
595 6
596 6
597 7
598 6
599 10
600 7
601 8
602 9
603 9
604 9
605 8
606 8
607 6
608 7
609 7
610 10
611 7
612 10
613 8
614 9
615 9
616 10
617 7
618 8
619 5
620 8
621 8
622 10
623 8
624 9
625 3
626 8
627 4
628 5
629 4
630 9
631 6
632 7
633 8
634 8
635 8
636 7
637 7
638 7
639 8
640 9
641 5
642 10
643 9
644 6
645 8
646 8
647 10
648 8
649 4
650 7
651 7
652 5
653 11
654 7
655 7
656 7
657 8
658 6
659 6
660 6
661 5
662 8
663 9
664 10
665 5
666 8
667 8
668 7
669 7
670 8
671 7
672 10
673 9
674 7
675 9
676 6
677 5
678 6
679 7
680 7
681 3
682 9
683 7
684 7
685 7
686 7
687 6
688 5
689 6
690 5
691 3
692 6
693 7
694 8
695 5
696 8
697 10
698 8
699 4
700 5
701 6
702 8
703 7
704 7
705 6
706 6
707 6
708 6
709 7
710 9
711 5
712 8
713 5
714 6
715 7
716 5
717 9
718 6
719 8
720 9
721 8
722 7
723 8
724 5
725 6
726 6
727 8
728 5
729 11
730 11
731 8
732 7
733 7
734 9
735 9
736 8
737 6
738 7
739 7
740 9
741 5
742 8
743 6
744 8
745 5
746 6
747 7
748 7
749 8
750 8
751 8
752 8
753 7
754 5
755 7
756 7
757 6
758 7
759 7
760 5
761 7
762 8
763 10
764 9
765 6
766 5
767 8
768 9
769 9
770 6
771 6
772 7
773 7
774 7
775 7
776 6
777 7
778 8
779 9
780 10
781 7
782 7
783 9
784 7
785 7
786 11
787 5
788 7
789 8
790 8
791 4
792 7
793 7
794 6
795 5
796 9
797 9
798 7
799 7
800 7
801 7
802 6
803 8
804 5
805 8
806 5
807 8
808 7
809 5
810 8
811 7
812 8
813 9
814 6
815 9
816 9
817 10
818 8
819 3
820 3
821 8
822 5
823 7
824 8
825 7
826 5
827 7
828 9
829 9
830 8
831 6
832 7
833 5
834 7
835 8
836 7
837 6
838 11
839 6
840 4
841 7
842 6
843 3
844 8
845 8
846 4
847 4
848 5
849 6
850 6
851 8
852 10
853 7
854 7
855 5
856 6
857 11
858 10
859 9
860 5
861 6
862 4
863 6
864 6
865 6
866 6
867 7
868 5
869 7
870 6
871 7
872 4
873 5
874 3
875 3
876 5
877 8
878 5
879 6
880 6
881 4
882 8
883 7
884 5
885 4
886 6
887 5
888 3
889 5
890 7
891 6
892 5
893 11
894 8
895 6
896 7
897 8
898 6
899 3
900 6
901 6
902 2
903 4
904 5
905 4
906 6
907 6
908 8
909 5
910 8
911 4
912 6
913 5
914 8
915 10
916 6
917 4
918 6
919 5
920 6
921 8
922 5
923 4
924 8
925 6
926 5
927 5
928 6
929 6
930 6
931 5
932 8
933 7
934 6
935 9
936 4
937 9
938 8
939 4
940 4
941 7
942 4
943 8
944 9
945 8
946 6
947 8
948 9
949 5
950 5
951 8
952 8
953 8
954 7
955 8
956 9
957 6
958 5
959 8
960 5
961 7
962 7
963 6
964 8
965 9
966 7
967 6
968 8
969 4
970 8
971 6
972 7
973 8
974 7
975 8
976 6
977 7
978 6
979 7
980 4
981 6
982 5
983 10
984 8
985 5
986 6
987 6
988 7
989 8
990 4
991 7
992 8
993 8
994 8
995 4
996 6
997 7
998 5
999 8
1000 7
1001 5
0 5
1 5
2 6
3 6
4 5
5 6
6 6
7 6
8 7
9 4
10 5
11 4
12 7
13 6
14 10
15 5
16 9
17 4
18 3
19 5
20 7
21 4
22 5
23 6
24 6
25 5
26 8
27 3
28 9
29 6
30 4
31 6
32 7
33 8
34 6
35 8
36 4
37 5
38 5
39 7
40 5
41 6
42 7
43 8
44 10
45 4
46 7
47 5
48 4
49 6
50 4
51 7
52 6
53 6
54 5
55 2
56 6
57 3
58 5
59 6
60 7
61 6
62 9
63 3
64 5
65 6
66 6
67 6
68 5
69 8
70 7
71 8
72 5
73 8
74 7
75 9
76 6
77 6
78 8
79 7
80 4
81 8
82 6
83 9
84 8
85 5
86 6
87 6
88 6
89 3
90 6
91 6
92 6
93 8
94 6
95 5
96 6
97 4
98 7
99 6
100 7
101 5
102 6
103 4
104 6
105 9
106 7
107 5
108 5
109 6
110 5
111 7
112 7
113 6
114 6
115 5
116 3
117 6
118 7
119 6
120 1
121 5
122 5
123 3
124 7
125 5
126 5
127 7
128 4
129 5
130 8
131 4
132 6
133 7
134 7
135 4
136 5
137 3
138 6
139 4
140 7
141 4
142 6
143 5
144 6
145 7
146 7
147 5
148 4
149 4
150 4
151 6
152 5
153 5
154 7
155 3
156 7
157 4
158 5
159 8
160 5
161 6
162 8
163 2
164 4
165 7
166 6
167 4
168 5
169 7
170 6
171 7
172 5
173 8
174 5
175 6
176 7
177 5
178 2
179 8
180 7
181 2
182 7
183 7
184 6
185 5
186 7
187 6
188 6
189 6
190 5
191 5
192 5
193 4
194 5
195 7
196 5
197 5
198 7
199 3
200 4
201 6
202 5
203 5
204 5
205 8
206 5
207 4
208 6
209 4
210 7
211 5
212 5
213 7
214 5
215 4
216 9
217 6
218 3
219 5
220 6
221 6
222 8
223 8
224 5
225 5
226 4
227 7
228 5
229 7
230 3
231 6
232 5
233 6
234 5
235 8
236 7
237 6
238 7
239 7
240 7
241 5
242 5
243 7
244 6
245 4
246 4
247 4
248 5
249 6
250 7
251 2
252 6
253 5
254 6
255 7
256 6
257 7
258 4
259 6
260 5
261 7
262 4
263 7
264 5
265 5
266 4
267 7
268 6
269 7
270 5
271 7
272 4
273 5
274 8
275 7
276 5
277 6
278 3
279 6
280 6
281 6
282 5
283 6
284 6
285 7
286 5
287 5
288 6
289 6
290 7
291 5
292 7
293 6
294 5
295 5
296 4
297 6
298 7
299 6
300 7
301 6
302 5
303 6
304 6
305 6
306 7
307 5
308 4
309 7
310 5
311 3
312 4
313 7
314 5
315 3
316 5
317 5
318 4
319 5
320 7
321 6
322 7
323 5
324 6
325 4
326 6
327 6
328 4
329 6
330 5
331 6
332 6
333 6
334 3
335 6
336 7
337 4
338 5
339 4
340 4
341 7
342 6
343 5
344 5
345 4
346 4
347 6
348 4
349 7
350 5
351 5
352 5
353 7
354 5
355 3
356 6
357 4
358 4
359 5
360 5
361 5
362 3
363 6
364 4
365 4
366 6
367 6
368 5
369 6
370 5
371 4
372 6
373 4
374 6
375 5
376 3
377 3
378 5
379 7
380 3
381 6
382 6
383 3
384 6
385 7
386 7
387 5
388 5
389 9
390 3
391 7
392 3
393 6
394 5
395 5
396 6
397 3
398 7
399 8
400 4
401 5
402 6
403 6
404 5
405 6
406 7
407 5
408 3
409 5
410 4
411 5
412 4
413 8
414 7
415 5
416 6
417 5
418 6
419 7
420 6
421 4
422 1
423 4
424 6
425 7
426 7
427 4
428 7
429 7
430 7
431 6
432 6
433 6
434 9
435 6
436 8
437 5
438 8
439 7
440 4
441 6
442 5
443 6
444 7
445 8
446 6
447 7
448 5
449 7
450 6
451 5
452 6
453 6
454 6
455 8
456 7
457 6
458 6
459 6
460 5
461 4
462 5
463 2
464 5
465 4
466 4
467 5
468 7
469 3
470 4
471 4
472 4
473 5
474 3
475 4
476 3
477 4
478 5
479 5
480 4
481 7
482 5
483 6
484 4
485 7
486 3
487 3
488 4
489 5
490 6
491 5
492 3
493 5
494 5
495 5
496 3
497 2
498 3
499 5
500 6
501 2
502 6
503 2
504 6
505 5
506 5
507 5
508 4
509 6
510 5
511 6
512 5
513 7
514 4
515 6
516 5
517 4
518 4
519 4
520 6
521 5
522 3
523 4
524 5
525 5
526 5
527 6
528 4
529 6
530 6
531 6
532 2
533 6
534 4
535 6
536 5
537 6
538 7
539 7
540 5
541 5
542 6
543 4
544 5
545 4
546 5
547 4
548 4
549 3
550 4
551 6
552 5
553 6
554 6
555 4
556 6
557 7
558 4
559 6
560 6
561 3
562 5
563 6
564 8
565 3
566 5
567 5
568 6
569 5
570 7
571 5
572 4
573 4
574 5
575 7
576 5
577 8
578 7
579 6
580 6
581 6
582 3
583 7
584 5
585 4
586 6
587 6
588 5
589 5
590 4
591 6
592 6
593 7
594 10
595 6
596 8
597 5
598 8
599 2
600 3
601 5
602 4
603 7
604 6
605 4
606 4
607 6
608 4
609 9
610 5
611 7
612 2
613 5
614 6
615 5
616 4
617 7
618 3
619 5
620 8
621 7
622 8
623 6
624 6
625 7
626 6
627 5
628 7
629 6
630 7
631 6
632 8
633 4
634 5
635 5
636 7
637 8
638 7
639 5
640 8
641 5
642 7
643 6
644 8
645 6
646 7
647 6
648 5
649 4
650 5
651 5
652 5
653 5
654 8
655 5
656 3
657 4
658 8
659 6
660 4
661 5
662 5
663 8
664 4
665 7
666 5
667 6
668 4
669 4
670 7
671 4
672 4
673 6
674 4
675 2
676 4
677 6
678 5
679 3
680 4
681 7
682 6
683 8
684 3
685 6
686 5
687 3
688 6
689 7
690 8
691 5
692 6
693 4
694 8
695 7
696 6
697 6
698 4
699 7
700 6
701 7
702 5
703 6
704 4
705 3
706 7
707 7
708 7
709 7
710 4
711 5
712 5
713 8
714 7
715 5
716 4
717 6
718 6
719 5
720 6
721 7
722 5
723 4
724 4
725 5
726 3
727 6
728 7
729 3
730 6
731 6
732 6
733 4
734 5
735 7
736 3
737 7
738 5
739 3
740 8
741 6
742 4
743 5
744 5
745 7
746 6
747 7
748 5
749 5
750 6
751 5
752 5
753 6
754 5
755 6
756 6
757 6
758 6
759 5
760 5
761 4
762 6
763 7
764 3
765 7
766 6
767 6
768 6
769 5
770 6
771 5
772 6
773 2
774 3
775 4
776 6
777 6
778 4
779 5
780 7
781 4
782 7
783 5
784 3
785 4
786 4
787 5
788 4
789 6
790 3
791 4
792 5
793 4
794 6
795 5
796 4
797 7
798 6
799 4
800 7
801 7
802 5
803 4
804 7
805 5
806 5
807 3
808 5
809 6
810 7
811 5
812 4
813 8
814 5
815 6
816 5
817 5
818 8
819 9
820 5
821 5
822 3
823 6
824 7
825 6
826 7
827 6
828 6
829 5
830 6
831 7
832 7
833 4
834 4
835 4
836 6
837 5
838 5
839 5
840 2
841 4
842 6
843 6
844 4
845 4
846 4
847 5
848 5
849 4
850 6
851 6
852 5
853 5
854 6
855 7
856 3
857 6
858 6
859 7
860 7
861 5
862 5
863 7
864 6
865 6
866 6
867 7
868 5
869 5
870 5
871 8
872 4
873 5
874 6
875 6
876 6
877 7
878 4
879 4
880 3
881 7
882 6
883 5
884 4
885 6
886 6
887 4
888 5
889 7
890 5
891 5
892 6
893 5
894 5
895 5
896 4
897 4
898 8
899 7
900 3
901 7
902 4
903 6
904 3
905 5
906 7
907 5
908 4
909 3
910 4
911 5
912 7
913 6
914 6
915 5
916 4
917 3
918 2
919 6
920 5
921 2
922 4
923 5
924 5
925 5
926 4
927 5
928 4
929 6
930 6
931 5
932 7
933 7
934 6
935 4
936 5
937 4
938 8
939 5
940 5
941 6
942 6
943 6
944 6
945 5
946 8
947 5
948 6
949 7
950 4
951 6
952 5
953 10
954 7
955 6
956 5
957 6
958 7
959 4
960 7
961 7
962 5
963 6
964 6
965 8
966 10
967 4
968 5
969 3
970 6
971 4
972 7
973 4
974 5
975 5
976 6
977 5
978 6
979 5
980 6
981 9
982 7
983 7
984 7
985 8
986 7
987 5
988 6
989 7
990 5
991 6
992 4
993 8
994 4
995 6
996 4
997 8
998 7
999 6
1000 5
1001 5
0 5
1 5
2 8
3 5
4 4
5 9
6 3
7 6
8 7
9 6
10 8
11 6
12 5
13 8
14 6
15 7
16 9
17 5
18 10
19 9
20 8
21 6
22 8
23 8
24 10
25 4
26 7
27 8
28 8
29 8
30 6
31 7
32 9
33 6
34 8
35 6
36 6
37 9
38 7
39 7
40 7
41 9
42 6
43 7
44 7
45 7
46 7
47 5
48 9
49 6
50 8
51 5
52 7
53 4
54 5
55 8
56 6
57 7
58 6
59 9
60 6
61 7
62 5
63 8
64 5
65 8
66 7
67 11
68 9
69 5
70 5
71 7
72 8
73 4
74 9
75 7
76 8
77 8
78 5
79 8
80 7
81 5
82 7
83 6
84 4
85 8
86 4
87 7
88 6
89 6
90 6
91 6
92 6
93 6
94 7
95 9
96 7
97 9
98 3
99 7
100 5
101 5
102 5
103 11
104 7
105 5
106 4
107 6
108 6
109 4
110 8
111 5
112 2
113 4
114 9
115 8
116 5
117 6
118 7
119 6
120 6
121 5
122 8
123 8
124 5
125 7
126 4
127 6
128 6
129 4
130 6
131 6
132 8
133 7
134 6
135 6
136 3
137 7
138 7
139 6
140 5
141 5
142 7
143 7
144 9
145 5
146 7
147 4
148 7
149 7
150 8
151 9
152 4
153 4
154 11
155 5
156 7
157 7
158 6
159 6
160 5
161 8
162 6
163 5
164 10
165 6
166 7
167 3
168 8
169 8
170 8
171 8
172 4
173 7
174 8
175 9
176 7
177 5
178 6
179 5
180 3
181 7
182 7
183 6
184 7
185 6
186 9
187 6
188 6
189 6
190 5
191 7
192 4
193 7
194 5
195 8
196 5
197 7
198 7
199 5
200 8
201 5
202 7
203 8
204 5
205 8
206 6
207 4
208 5
209 10
210 3
211 7
212 8
213 6
214 9
215 7
216 9
217 8
218 4
219 6
220 6
221 5
222 7
223 4
224 5
225 5
226 6
227 8
228 7
229 3
230 6
231 5
232 5
233 6
234 7
235 5
236 6
237 7
238 6
239 5
240 5
241 4
242 8
243 8
244 5
245 6
246 5
247 10
248 4
249 5
250 6
251 5
252 3
253 5
254 8
255 2
256 5
257 7
258 6
259 5
260 6
261 7
262 4
263 7
264 5
265 5
266 6
267 5
268 6
269 7
270 4
271 5
272 6
273 7
274 6
275 9
276 7
277 5
278 5
279 3
280 9
281 3
282 3
283 5
284 6
285 7
286 5
287 6
288 7
289 3
290 4
291 9
292 3
293 8
294 6
295 9
296 5
297 7
298 5
299 8
300 6
301 10
302 8
303 7
304 8
305 9
306 9
307 8
308 7
309 9
310 6
311 8
312 8
313 6
314 8
315 8
316 6
317 7
318 6
319 8
320 8
321 10
322 8
323 10
324 8
325 6
326 8
327 10
328 8
329 6
330 9
331 10
332 6
333 9
334 5
335 9
336 7
337 7
338 8
339 10
340 8
341 8
342 8
343 8
344 7
345 5
346 9
347 5
348 7
349 8
350 6
351 8
352 5
353 8
354 6
355 6
356 7
357 8
358 6
359 4
360 8
361 8
362 7
363 6
364 6
365 8
366 6
367 7
368 4
369 6
370 8
371 8
372 8
373 6
374 7
375 9
376 4
377 9
378 6
379 5
380 9
381 7
382 7
383 9
384 7
385 11
386 7
387 6
388 5
389 6
390 5
391 9
392 4
393 7
394 5
395 9
396 6
397 6
398 6
399 6
400 3
401 6
402 8
403 6
404 9
405 4
406 6
407 5
408 7
409 10
410 7
411 5
412 8
413 5
414 6
415 7
416 7
417 9
418 7
419 8
420 8
421 9
422 9
423 9
424 5
425 7
426 6
427 7
428 7
429 5
430 8
431 6
432 9
433 7
434 6
435 6
436 7
437 6
438 6
439 5
440 5
441 8
442 9
443 4
444 8
445 6
446 7
447 6
448 6
449 9
450 7
451 6
452 5
453 5
454 9
455 7
456 6
457 6
458 7
459 3
460 5
461 5
462 7
463 5
464 7
465 7
466 7
467 7
468 5
469 5
470 5
471 5
472 8
473 9
474 5
475 9
476 8
477 6
478 5
479 1
480 5
481 4
482 4
483 8
484 6
485 6
486 6
487 6
488 5
489 6
490 7
491 5
492 7
493 9
494 7
495 8
496 6
497 8
498 7
499 5
500 9
501 8
502 9
503 8
504 7
505 6
506 7
507 6
508 6
509 7
510 6
511 7
512 4
513 5
514 6
515 6
516 6
517 7
518 8
519 5
520 4
521 6
522 8
523 3
524 4
525 8
526 9
527 8
528 8
529 6
530 6
531 4
532 7
533 7
534 7
535 7
536 7
537 5
538 8
539 6
540 8
541 9
542 5
543 8
544 5
545 6
546 7
547 6
548 9
549 10
550 6
551 6
552 4
553 5
554 4
555 6
556 5
557 7
558 6
559 6
560 10
561 3
562 5
563 7
564 10
565 6
566 6
567 7
568 5
569 8
570 8
571 6
572 7
573 7
574 6
575 6
576 6
577 6
578 6
579 7
580 6
581 10
582 4
583 7
584 6
585 4
586 8
587 8
588 7
589 6
590 7
591 4
592 7
593 9
594 8
595 8
596 5
597 6
598 9
599 6
600 10
601 7
602 5
603 7
604 8
605 9
606 4
607 7
608 7
609 8
610 5
611 8
612 7
613 8
614 5
615 5
616 8
617 10
618 7
619 6
620 7
621 8
622 8
623 7
624 8
625 4
626 6
627 7
628 10
629 7
630 8
631 8
632 7
633 9
634 6
635 4
636 5
637 7
638 6
639 4
640 7
641 5
642 6
643 7
644 7
645 6
646 9
647 10
648 7
649 9
650 9
651 6
652 9
653 5
654 4
655 7
656 7
657 3
658 8
659 4
660 5
661 8
662 11
663 8
664 6
665 6
666 5
667 5
668 8
669 6
670 11
671 7
672 8
673 7
674 5
675 6
676 6
677 8
678 6
679 5
680 8
681 5
682 5
683 7
684 5
685 7
686 7
687 8
688 8
689 7
690 6
691 6
692 6
693 7
694 5
695 7
696 6
697 6
698 4
699 7
700 7
701 6
702 6
703 6
704 7
705 5
706 7
707 7
708 9
709 7
710 8
711 8
712 8
713 3
714 5
715 4
716 7
717 7
718 6
719 9
720 8
721 7
722 8
723 7
724 6
725 6
726 6
727 5
728 6
729 5
730 4
731 7
732 5
733 6
734 7
735 6
736 6
737 6
738 7
739 7
740 6
741 9
742 7
743 7
744 9
745 5
746 8
747 7
748 7
749 5
750 5
751 6
752 7
753 11
754 9
755 7
756 7
757 6
758 8
759 7
760 8
761 8
762 5
763 8
764 8
765 7
766 5
767 7
768 7
769 5
770 5
771 7
772 7
773 6
774 8
775 9
776 5
777 5
778 8
779 6
780 7
781 10
782 6
783 6
784 6
785 8
786 7
787 5
788 7
789 8
790 9
791 8
792 6
793 4
794 9
795 7
796 7
797 7
798 6
799 5
800 7
801 9
802 4
803 7
804 6
805 6
806 7
807 9
808 6
809 11
810 8
811 6
812 9
813 4
814 7
815 6
816 6
817 10
818 7
819 6
820 9
821 7
822 10
823 9
824 8
825 8
826 7
827 9
828 8
829 8
830 6
831 5
832 7
833 8
834 5
835 7
836 7
837 8
838 6
839 8
840 6
841 7
842 7
843 6
844 9
845 8
846 10
847 6
848 7
849 9
850 8
851 7
852 5
853 8
854 7
855 7
856 6
857 3
858 5
859 8
860 7
861 6
862 7
863 7
864 6
865 5
866 7
867 9
868 6
869 8
870 7
871 8
872 5
873 9
874 8
875 10
876 7
877 8
878 6
879 10
880 7
881 9
882 9
883 9
884 8
885 8
886 7
887 4
888 8
889 10
890 5
891 7
892 7
893 8
894 8
895 8
896 9
897 10
898 4
899 8
900 7
901 5
902 7
903 7
904 5
905 7
906 8
907 7
908 8
909 7
910 4
911 7
912 11
913 9
914 9
915 5
916 6
917 9
918 8
919 7
920 7
921 8
922 4
923 7
924 9
925 7
926 5
927 7
928 7
929 7
930 5
931 6
932 10
933 8
934 8
935 6
936 7
937 7
938 5
939 10
940 9
941 7
942 9
943 5
944 10
945 11
946 9
947 9
948 10
949 5
950 7
951 8
952 8
953 6
954 8
955 6
956 6
957 7
958 6
959 5
960 6
961 6
962 7
963 10
964 8
965 7
966 11
967 6
968 8
969 7
970 5
971 11
972 9
973 8
974 8
975 8
976 7
977 8
978 8
979 8
980 5
981 6
982 6
983 6
984 5
985 5
986 7
987 5
988 7
989 6
990 7
991 6
992 9
993 9
994 7
995 9
996 5
997 6
998 6
999 5
1000 10
1001 4
0 5
1 5
2 7
3 6
4 5
5 6
6 6
7 4
8 6
9 4
10 6
11 6
12 7
13 7
14 6
15 4
16 7
17 6
18 4
19 6
20 5
21 7
22 6
23 6
24 6
25 8
26 7
27 8
28 6
29 3
30 4
31 6
32 5
33 8
34 5
35 5
36 5
37 5
38 5
39 5
40 6
41 5
42 6
43 5
44 5
45 7
46 4
47 5
48 5
49 5
50 6
51 7
52 7
53 6
54 4
55 4
56 2
57 8
58 5
59 6
60 6
61 4
62 6
63 6
64 6
65 8
66 8
67 4
68 6
69 7
70 7
71 6
72 5
73 7
74 6
75 4
76 5
77 5
78 2
79 7
80 4
81 6
82 6
83 5
84 4
85 7
86 6
87 4
88 6
89 5
90 7
91 7
92 7
93 5
94 6
95 6
96 7
97 6
98 6
99 4
100 5
101 4
102 6
103 6
104 5
105 4
106 6
107 4
108 5
109 4
110 7
111 5
112 4
113 5
114 7
115 5
116 5
117 8
118 5
119 4
120 5
121 4
122 7
123 4
124 4
125 6
126 3
127 5
128 5
129 5
130 6
131 5
132 4
133 6
134 7
135 4
136 8
137 4
138 6
139 7
140 6
141 5
142 7
143 3
144 5
145 4
146 6
147 5
148 7
149 6
150 4
151 6
152 8
153 6
154 5
155 5
156 4
157 3
158 6
159 5
160 7
161 2
162 3
163 5
164 6
165 5
166 5
167 6
168 6
169 8
170 6
171 6
172 6
173 2
174 5
175 4
176 6
177 8
178 4
179 6
180 5
181 6
182 7
183 6
184 6
185 4
186 7
187 6
188 5
189 5
190 6
191 5
192 8
193 6
194 4
195 4
196 7
197 7
198 6
199 7
200 6
201 8
202 4
203 2
204 4
205 5
206 5
207 5
208 5
209 3
210 7
211 3
212 4
213 5
214 2
215 2
216 3
217 4
218 6
219 6
220 6
221 5
222 4
223 4
224 2
225 5
226 6
227 3
228 5
229 4
230 3
231 6
232 4
233 6
234 6
235 3
236 3
237 5
238 6
239 3
240 4
241 4
242 6
243 5
244 7
245 1
246 5
247 5
248 5
249 5
250 4
251 7
252 4
253 7
254 5
255 7
256 9
257 9
258 6
259 5
260 4
261 4
262 2
263 6
264 4
265 4
266 3
267 6
268 7
269 4
270 6
271 4
272 6
273 7
274 5
275 7
276 5
277 5
278 4
279 5
280 5
281 5
282 6
283 4
284 5
285 6
286 4
287 7
288 6
289 6
290 5
291 3
292 7
293 7
294 4
295 5
296 3
297 7
298 3
299 5
300 3
301 5
302 4
303 6
304 5
305 6
306 5
307 5
308 4
309 4
310 5
311 7
312 5
313 6
314 7
315 6
316 4
317 5
318 4
319 6
320 5
321 7
322 5
323 8
324 6
325 6
326 5
327 5
328 8
329 5
330 4
331 4
332 4
333 5
334 5
335 6
336 5
337 5
338 4
339 3
340 3
341 4
342 6
343 4
344 6
345 5
346 6
347 8
348 6
349 7
350 6
351 6
352 4
353 8
354 8
355 8
356 5
357 5
358 2
359 6
360 4
361 5
362 3
363 5
364 5
365 5
366 6
367 7
368 9
369 6
370 6
371 7
372 6
373 7
374 4
375 6
376 4
377 6
378 5
379 6
380 5
381 2
382 4
383 7
384 2
385 5
386 5
387 5
388 4
389 3
390 3
391 6
392 4
393 6
394 4
395 5
396 6
397 6
398 4
399 4
400 4
401 3
402 5
403 4
404 6
405 4
406 3
407 6
408 7
409 5
410 6
411 5
412 4
413 6
414 5
415 6
416 4
417 7
418 5
419 6
420 6
421 6
422 4
423 5
424 6
425 3
426 2
427 4
428 3
429 5
430 5
431 5
432 6
433 6
434 3
435 4
436 5
437 6
438 3
439 5
440 6
441 7
442 7
443 3
444 5
445 6
446 7
447 7
448 3
449 6
450 4
451 4
452 6
453 5
454 4
455 5
456 3
457 5
458 3
459 6
460 4
461 5
462 6
463 7
464 7
465 7
466 5
467 3
468 3
469 6
470 6
471 8
472 5
473 4
474 7
475 4
476 6
477 6
478 4
479 6
480 5
481 5
482 7
483 3
484 5
485 5
486 6
487 4
488 6
489 4
490 6
491 8
492 7
493 3
494 6
495 4
496 4
497 7
498 6
499 6
500 5
501 5
502 3
503 7
504 4
505 6
506 4
507 7
508 7
509 4
510 7
511 5
512 5
513 9
514 7
515 7
516 3
517 5
518 4
519 6
520 6
521 3
522 4
523 5
524 5
525 4
526 9
527 4
528 6
529 4
530 3
531 4
532 5
533 4
534 4
535 5
536 4
537 6
538 6
539 6
540 5
541 6
542 5
543 5
544 5
545 4
546 3
547 3
548 7
549 7
550 3
551 5
552 6
553 8
554 7
555 6
556 7
557 4
558 4
559 4
560 4
561 7
562 6
563 5
564 3
565 3
566 6
567 5
568 7
569 4
570 3
571 3
572 4
573 5
574 5
575 5
576 4
577 3
578 7
579 4
580 6
581 5
582 4
583 5
584 6
585 8
586 6
587 8
588 4
589 6
590 4
591 5
592 6
593 6
594 3
595 8
596 3
597 8
598 4
599 6
600 7
601 7
602 9
603 5
604 7
605 5
606 6
607 7
608 5
609 5
610 8
611 5
612 7
613 6
614 4
615 6
616 5
617 6
618 2
619 4
620 3
621 5
622 2
623 7
624 7
625 5
626 5
627 4
628 5
629 3
630 4
631 7
632 8
633 5
634 7
635 5
636 3
637 6
638 4
639 6
640 6
641 6
642 5
643 4
644 4
645 5
646 5
647 5
648 4
649 4
650 6
651 5
652 5
653 5
654 3
655 7
656 7
657 3
658 3
659 4
660 4
661 5
662 4
663 6
664 6
665 7
666 6
667 6
668 5
669 6
670 3
671 6
672 4
673 6
674 6
675 7
676 6
677 1
678 6
679 7
680 4
681 4
682 6
683 6
684 5
685 5
686 5
687 2
688 5
689 5
690 3
691 7
692 6
693 4
694 5
695 4
696 6
697 5
698 6
699 7
700 6
701 6
702 6
703 6
704 5
705 7
706 5
707 4
708 6
709 6
710 4
711 6
712 4
713 5
714 4
715 7
716 7
717 3
718 7
719 5
720 7
721 6
722 5
723 8
724 6
725 3
726 2
727 6
728 6
729 6
730 9
731 4
732 6
733 4
734 8
735 9
736 4
737 7
738 5
739 4
740 6
741 3
742 7
743 2
744 4
745 5
746 6
747 4
748 6
749 4
750 6
751 2
752 5
753 5
754 5
755 4
756 4
757 6
758 5
759 4
760 5
761 2
762 3
763 4
764 3
765 3
766 5
767 4
768 5
769 6
770 6
771 4
772 6
773 3
774 5
775 3
776 3
777 5
778 4
779 4
780 4
781 5
782 5
783 2
784 5
785 3
786 6
787 4
788 2
789 4
790 5
791 6
792 6
793 3
794 5
795 5
796 6
797 5
798 5
799 3
800 4
801 6
802 2
803 3
804 5
805 6
806 5
807 3
808 3
809 6
810 3
811 6
812 5
813 4
814 3
815 5
816 4
817 6
818 6
819 2
820 5
821 5
822 7
823 6
824 6
825 3
826 4
827 8
828 6
829 6
830 5
831 8
832 5
833 4
834 5
835 3
836 5
837 6
838 5
839 8
840 5
841 5
842 5
843 6
844 7
845 4
846 5
847 5
848 4
849 7
850 4
851 8
852 7
853 4
854 5
855 7
856 5
857 7
858 5
859 3
860 7
861 4
862 7
863 7
864 4
865 6
866 9
867 5
868 5
869 5
870 5
871 7
872 7
873 6
874 5
875 6
876 4
877 2
878 4
879 5
880 4
881 4
882 3
883 4
884 5
885 8
886 6
887 5
888 4
889 5
890 2
891 3
892 7
893 5
894 5
895 6
896 4
897 4
898 4
899 6
900 3
901 6
902 5
903 6
904 4
905 3
906 7
907 5
908 5
909 4
910 2
911 6
912 6
913 6
914 5
915 5
916 7
917 6
918 5
919 4
920 5
921 6
922 7
923 4
924 4
925 8
926 6
927 6
928 3
929 4
930 9
931 5
932 8
933 6
934 6
935 6
936 7
937 5
938 7
939 5
940 4
941 5
942 3
943 7
944 7
945 6
946 7
947 7
948 9
949 6
950 5
951 4
952 2
953 7
954 8
955 7
956 8
957 7
958 9
959 6
960 7
961 9
962 7
963 7
964 3
965 4
966 7
967 6
968 7
969 6
970 3
971 5
972 6
973 8
974 7
975 4
976 5
977 7
978 8
979 5
980 2
981 6
982 4
983 4
984 5
985 7
986 5
987 8
988 4
989 5
990 5
991 5
992 4
993 4
994 6
995 6
996 6
997 6
998 5
999 5
1000 6
1001 6
0 8
1 8
2 9
3 8
4 5
5 6
6 7
7 8
8 8
9 6
10 9
11 5
12 7
13 6
14 8
15 8
16 8
17 7
18 8
19 7
20 9
21 8
22 8
23 6
24 6
25 9
26 4
27 4
28 8
29 5
30 8
31 5
32 4
33 4
34 6
35 6
36 4
37 6
38 6
39 12
40 5
41 6
42 3
43 5
44 9
45 8
46 9
47 9
48 5
49 6
50 6
51 7
52 7
53 5
54 7
55 6
56 8
57 9
58 8
59 8
60 5
61 6
62 9
63 8
64 4
65 9
66 8
67 6
68 6
69 6
70 9
71 8
72 7
73 6
74 7
75 6
76 7
77 8
78 6
79 7
80 7
81 7
82 5
83 8
84 8
85 4
86 5
87 6
88 8
89 10
90 6
91 5
92 4
93 4
94 5
95 6
96 7
97 6
98 7
99 6
100 7
101 5
102 7
103 6
104 5
105 7
106 5
107 8
108 7
109 5
110 7
111 6
112 8
113 7
114 6
115 9
116 8
117 6
118 12
119 8
120 9
121 6
122 8
123 6
124 5
125 5
126 6
127 9
128 9
129 6
130 6
131 5
132 5
133 6
134 6
135 7
136 7
137 7
138 7
139 6
140 6
141 7
142 7
143 5
144 7
145 7
146 6
147 8
148 5
149 8
150 6
151 7
152 5
153 6
154 8
155 8
156 7
157 7
158 6
159 7
160 3
161 9
162 8
163 9
164 6
165 9
166 6
167 7
168 9
169 8
170 5
171 7
172 7
173 8
174 8
175 9
176 7
177 7
178 6
179 3
180 9
181 8
182 8
183 7
184 8
185 8
186 7
187 6
188 9
189 8
190 6
191 7
192 7
193 5
194 4
195 6
196 7
197 6
198 9
199 8
200 8
201 8
202 5
203 3
204 9
205 6
206 7
207 9
208 5
209 10
210 6
211 7
212 7
213 5
214 6
215 5
216 8
217 5
218 5
219 3
220 8
221 5
222 7
223 10
224 6
225 7
226 4
227 9
228 7
229 7
230 3
231 4
232 6
233 3
234 8
235 9
236 5
237 8
238 7
239 8
240 8
241 7
242 5
243 10
244 8
245 6
246 9
247 7
248 10
249 8
250 8
251 6
252 10
253 9
254 9
255 10
256 10
257 5
258 7
259 7
260 8
261 8
262 6
263 5
264 8
265 8
266 6
267 10
268 7
269 6
270 8
271 4
272 3
273 7
274 8
275 7
276 7
277 8
278 8
279 9
280 7
281 7
282 5
283 9
284 5
285 7
286 7
287 7
288 7
289 6
290 7
291 6
292 9
293 5
294 8
295 8
296 9
297 7
298 8
299 8
300 8
301 8
302 5
303 4
304 4
305 8
306 8
307 7
308 7
309 5
310 5
311 6
312 9
313 6
314 7
315 7
316 8
317 6
318 3
319 5
320 6
321 8
322 8
323 7
324 4
325 7
326 8
327 7
328 5
329 7
330 5
331 5
332 7
333 5
334 8
335 6
336 6
337 4
338 7
339 5
340 4
341 3
342 6
343 9
344 4
345 7
346 5
347 8
348 6
349 7
350 7
351 6
352 6
353 7
354 6
355 7
356 5
357 4
358 6
359 4
360 4
361 6
362 5
363 6
364 5
365 5
366 4
367 5
368 4
369 7
370 8
371 5
372 4
373 4
374 5
375 7
376 7
377 8
378 8
379 6
380 6
381 5
382 7
383 5
384 3
385 7
386 6
387 5
388 3
389 7
390 6
391 4
392 6
393 5
394 4
395 3
396 6
397 5
398 5
399 6
400 6
401 6
402 5
403 5
404 4
405 4
406 4
407 6
408 5
409 6
410 6
411 5
412 4
413 4
414 6
415 4
416 6
417 2
418 5
419 4
420 4
421 3
422 5
423 4
424 5
425 8
426 8
427 4
428 7
429 4
430 5
431 6
432 6
433 6
434 4
435 5
436 3
437 7
438 1
439 5
440 6
441 5
442 7
443 5
444 3
445 6
446 7
447 8
448 5
449 6
450 6
451 6
452 6
453 6
454 6
455 5
456 6
457 6
458 5
459 7
460 7
461 6
462 4
463 6
464 4
465 7
466 6
467 8
468 5
469 7
470 6
471 7
472 3
473 4
474 5
475 5
476 3
477 7
478 6
479 9
480 6
481 6
482 5
483 8
484 7
485 6
486 7
487 8
488 6
489 9
490 5
491 9
492 3
493 6
494 5
495 6
496 7
497 7
498 6
499 6
500 10
501 6
502 5
503 7
504 5
505 6
506 5
507 7
508 4
509 6
510 7
511 4
512 6
513 5
514 4
515 6
516 6
517 4
518 6
519 4
520 9
521 4
522 5
523 7
524 6
525 5
526 4
527 6
528 4
529 5
530 6
531 7
532 8
533 8
534 6
535 6
536 7
537 8
538 8
539 8
540 6
541 6
542 7
543 5
544 6
545 9
546 6
547 7
548 7
549 8
550 5
551 10
552 5
553 8
554 9
555 4
556 7
557 4
558 7
559 5
560 6
561 6
562 5
563 8
564 10
565 5
566 10
567 5
568 5
569 8
570 7
571 5
572 5
573 9
574 4
575 7
576 4
577 5
578 7
579 4
580 5
581 8
582 7
583 4
584 6
585 9
586 6
587 8
588 7
589 6
590 9
591 6
592 10
593 8
594 7
595 4
596 8
597 9
598 9
599 7
600 9
601 5
602 7
603 7
604 7
605 7
606 5
607 7
608 7
609 7
610 5
611 6
612 7
613 6
614 8
615 8
616 4
617 6
618 7
619 6
620 7
621 7
622 4
623 9
624 6
625 5
626 8
627 8
628 5
629 8
630 5
631 3
632 9
633 8
634 5
635 5
636 7
637 6
638 5
639 7
640 4
641 8
642 3
643 6
644 5
645 6
646 8
647 8
648 5
649 5
650 3
651 8
652 7
653 6
654 5
655 6
656 6
657 5
658 9
659 6
660 5
661 10
662 8
663 6
664 8
665 9
666 5
667 7
668 10
669 6
670 3
671 5
672 7
673 9
674 8
675 5
676 6
677 9
678 4
679 3
680 5
681 7
682 8
683 8
684 4
685 3
686 5
687 7
688 8
689 6
690 8
691 7
692 6
693 6
694 7
695 6
696 7
697 7
698 3
699 6
700 6
701 3
702 9
703 6
704 4
705 7
706 8
707 5
708 9
709 6
710 8
711 6
712 5
713 4
714 7
715 4
716 6
717 8
718 6
719 5
720 9
721 5
722 7
723 6
724 6
725 8
726 5
727 5
728 8
729 8
730 8
731 9
732 5
733 9
734 7
735 8
736 6
737 6
738 6
739 5
740 6
741 9
742 7
743 6
744 8
745 10
746 4
747 5
748 9
749 6
750 7
751 5
752 7
753 8
754 7
755 6
756 9
757 9
758 7
759 7
760 6
761 7
762 8
763 6
764 9
765 5
766 7
767 6
768 4
769 7
770 7
771 9
772 4
773 7
774 8
775 7
776 5
777 5
778 4
779 6
780 9
781 4
782 8
783 5
784 6
785 6
786 7
787 8
788 4
789 6
790 6
791 7
792 7
793 8
794 7
795 5
796 7
797 10
798 6
799 6
800 4
801 5
802 6
803 7
804 10
805 5
806 7
807 6
808 10
809 9
810 7
811 7
812 4
813 7
814 6
815 7
816 8
817 8
818 8
819 7
820 7
821 8
822 7
823 10
824 7
825 7
826 11
827 9
828 4
829 4
830 7
831 8
832 8
833 8
834 11
835 7
836 6
837 6
838 7
839 6
840 6
841 5
842 7
843 7
844 6
845 6
846 5
847 8
848 4
849 6
850 7
851 6
852 7
853 9
854 8
855 7
856 5
857 6
858 5
859 7
860 7
861 5
862 8
863 7
864 7
865 9
866 8
867 9
868 10
869 8
870 5
871 7
872 8
873 5
874 8
875 9
876 6
877 7
878 7
879 8
880 6
881 9
882 8
883 7
884 7
885 8
886 6
887 9
888 9
889 4
890 8
891 6
892 6
893 8
894 8
895 10
896 6
897 4
898 6
899 6
900 7
901 8
902 6
903 6
904 8
905 8
906 3
907 6
908 7
909 7
910 7
911 5
912 8
913 8
914 8
915 5
916 8
917 6
918 7
919 8
920 7
921 8
922 5
923 4
924 8
925 5
926 7
927 3
928 3
929 5
930 7
931 9
932 8
933 5
934 8
935 10
936 7
937 6
938 7
939 5
940 7
941 6
942 7
943 5
944 8
945 6
946 9
947 7
948 7
949 6
950 7
951 6
952 6
953 6
954 8
955 8
956 7
957 7
958 6
959 8
960 7
961 4
962 7
963 7
964 7
965 9
966 4
967 10
968 5
969 8
970 5
971 8
972 7
973 7
974 7
975 9
976 8
977 8
978 9
979 9
980 7
981 9
982 7
983 8
984 8
985 8
986 8
987 10
988 6
989 10
990 5
991 5
992 7
993 10
994 6
995 6
996 6
997 5
998 8
999 6
1000 8
1001 7
0 7
1 7
2 10
3 8
4 7
5 8
6 6
7 8
8 9
9 5
10 8
11 4
12 6
13 10
14 7
15 8
16 10
17 9
18 4
19 7
20 8
21 5
22 8
23 4
24 9
25 7
26 8
27 7
28 4
29 6
30 5
31 7
32 5
33 5
34 7
35 7
36 3
37 5
38 5
39 7
40 6
41 4
42 6
43 4
44 7
45 5
46 7
47 6
48 9
49 7
50 9
51 7
52 7
53 5
54 4
55 6
56 3
57 7
58 7
59 6
60 4
61 5
62 7
63 3
64 4
65 8
66 6
67 5
68 7
69 4
70 7
71 5
72 7
73 5
74 5
75 6
76 8
77 6
78 7
79 2
80 8
81 6
82 6
83 6
84 4
85 6
86 5
87 8
88 5
89 6
90 8
91 7
92 8
93 6
94 3
95 5
96 5
97 6
98 5
99 4
100 6
101 4
102 4
103 4
104 6
105 6
106 5
107 4
108 6
109 6
110 3
111 8
112 7
113 8
114 7
115 6
116 7
117 5
118 3
119 7
120 7
121 5
122 5
123 6
124 6
125 5
126 7
127 4
128 5
129 7
130 7
131 7
132 4
133 4
134 5
135 6
136 4
137 8
138 9
139 7
140 5
141 7
142 6
143 5
144 4
145 7
146 6
147 7
148 5
149 8
150 6
151 7
152 7
153 7
154 6
155 7
156 5
157 7
158 6
159 8
160 5
161 7
162 4
163 5
164 8
165 8
166 5
167 6
168 6
169 7
170 7
171 7
172 7
173 5
174 8
175 7
176 5
177 9
178 7
179 7
180 5
181 7
182 6
183 6
184 3
185 5
186 6
187 9
188 7
189 7
190 4
191 6
192 5
193 5
194 6
195 7
196 9
197 6
198 7
199 7
200 6
201 7
202 7
203 7
204 4
205 6
206 6
207 6
208 9
209 9
210 5
211 8
212 8
213 3
214 8
215 9
216 8
217 6
218 6
219 6
220 7
221 5
222 4
223 7
224 9
225 7
226 3
227 5
228 6
229 5
230 6
231 4
232 8
233 9
234 5
235 6
236 6
237 5
238 6
239 5
240 8
241 7
242 7
243 7
244 7
245 6
246 6
247 5
248 5
249 7
250 10
251 5
252 7
253 5
254 4
255 5
256 6
257 5
258 7
259 4
260 6
261 4
262 5
263 6
264 6
265 6
266 6
267 6
268 6
269 8
270 6
271 7
272 8
273 8
274 7
275 6
276 7
277 8
278 6
279 9
280 7
281 4
282 9
283 7
284 7
285 6
286 6
287 6
288 4
289 5
290 5
291 6
292 6
293 6
294 7
295 7
296 6
297 8
298 4
299 8
300 6
301 2
302 8
303 7
304 4
305 6
306 7
307 5
308 6
309 5
310 6
311 6
312 8
313 4
314 7
315 5
316 5
317 4
318 6
319 5
320 5
321 5
322 5
323 7
324 5
325 5
326 8
327 8
328 7
329 4
330 7
331 9
332 6
333 7
334 8
335 6
336 6
337 6
338 7
339 7
340 7
341 7
342 5
343 8
344 7
345 6
346 7
347 8
348 5
349 6
350 6
351 6
352 6
353 8
354 11
355 10
356 7
357 8
358 6
359 8
360 7
361 10
362 7
363 7
364 8
365 7
366 8
367 6
368 7
369 8
370 8
371 7
372 8
373 8
374 7
375 8
376 8
377 6
378 9
379 6
380 9
381 9
382 7
383 7
384 8
385 6
386 9
387 6
388 7
389 8
390 5
391 6
392 8
393 7
394 10
395 6
396 8
397 5
398 10
399 9
400 9
401 8
402 9
403 8
404 10
405 9
406 8
407 7
408 7
409 10
410 7
411 8
412 10
413 7
414 4
415 6
416 7
417 8
418 9
419 6
420 6
421 7
422 7
423 7
424 11
425 5
426 7
427 8
428 8
429 8
430 7
431 8
432 7
433 8
434 6
435 6
436 9
437 3
438 9
439 4
440 6
441 6
442 6
443 9
444 7
445 10
446 8
447 5
448 8
449 11
450 6
451 11
452 6
453 6
454 8
455 8
456 8
457 4
458 7
459 9
460 9
461 3
462 5
463 9
464 4
465 7
466 10
467 9
468 7
469 8
470 9
471 8
472 8
473 8
474 6
475 8
476 8
477 10
478 8
479 9
480 5
481 9
482 9
483 10
484 6
485 5
486 7
487 7
488 8
489 10
490 9
491 9
492 7
493 7
494 6
495 8
496 7
497 3
498 8
499 7
500 4
501 7
502 4
503 8
504 7
505 10
506 9
507 7
508 8
509 7
510 8
511 8
512 6
513 8
514 7
515 6
516 6
517 7
518 9
519 7
520 7
521 5
522 9
523 8
524 6
525 7
526 7
527 8
528 3
529 10
530 6
531 10
532 7
533 7
534 7
535 7
536 8
537 5
538 8
539 8
540 9
541 8
542 5
543 6
544 6
545 7
546 5
547 10
548 5
549 10
550 6
551 5
552 9
553 10
554 8
555 9
556 6
557 7
558 11
559 8
560 7
561 8
562 10
563 5
564 7
565 8
566 6
567 10
568 10
569 6
570 11
571 7
572 7
573 7
574 9
575 8
576 7
577 6
578 9
579 7
580 7
581 10
582 9
583 8
584 8
585 7
586 6
587 7
588 9
589 5
590 7
591 9
592 7
593 6
594 9
595 7
596 8
597 7
598 8
599 7
600 8
601 4
602 7
603 9
604 7
605 7
606 9
607 8
608 7
609 10
610 6
611 8
612 8
613 8
614 7
615 9
616 7
617 9
618 8
619 9
620 9
621 6
622 6
623 8
624 11
625 7
626 5
627 8
628 9
629 6
630 7
631 6
632 6
633 7
634 7
635 7
636 7
637 8
638 8
639 9
640 7
641 8
642 8
643 7
644 8
645 8
646 6
647 7
648 7
649 5
650 8
651 7
652 5
653 8
654 6
655 7
656 7
657 5
658 11
659 8
660 7
661 9
662 6
663 5
664 5
665 8
666 6
667 9
668 9
669 8
670 8
671 9
672 9
673 7
674 8
675 6
676 7
677 7
678 8
679 9
680 7
681 8
682 8
683 6
684 8
685 9
686 8
687 8
688 7
689 7
690 6
691 8
692 7
693 8
694 8
695 9
696 5
697 6
698 8
699 5
700 9
701 10
702 7
703 6
704 10
705 8
706 5
707 10
708 7
709 8
710 8
711 6
712 6
713 9
714 5
715 9
716 7
717 6
718 7
719 5
720 5
721 6
722 9
723 8
724 7
725 6
726 6
727 7
728 6
729 8
730 8
731 10
732 7
733 6
734 7
735 7
736 9
737 6
738 8
739 7
740 7
741 10
742 8
743 7
744 8
745 7
746 7
747 8
748 7
749 8
750 6
751 9
752 7
753 6
754 7
755 7
756 10
757 9
758 6
759 6
760 8
761 7
762 8
763 10
764 10
765 7
766 6
767 5
768 8
769 7
770 7
771 7
772 9
773 7
774 10
775 8
776 8
777 10
778 9
779 5
780 8
781 8
782 7
783 11
784 8
785 9
786 7
787 4
788 7
789 7
790 7
791 6
792 8
793 8
794 8
795 9
796 6
797 8
798 8
799 6
800 6
801 6
802 8
803 8
804 8
805 6
806 6
807 9
808 8
809 5
810 8
811 7
812 10
813 10
814 7
815 9
816 8
817 8
818 7
819 7
820 8
821 8
822 6
823 10
824 6
825 6
826 5
827 7
828 7
829 7
830 6
831 7
832 7
833 8
834 6
835 6
836 8
837 7
838 9
839 8
840 6
841 4
842 8
843 8
844 10
845 5
846 8
847 7
848 6
849 8
850 9
851 8
852 8
853 8
854 5
855 6
856 7
857 7
858 8
859 7
860 5
861 7
862 8
863 8
864 3
865 8
866 8
867 9
868 10
869 9
870 6
871 9
872 6
873 7
874 6
875 6
876 6
877 6
878 7
879 6
880 7
881 5
882 7
883 7
884 8
885 6
886 7
887 7
888 9
889 8
890 6
891 7
892 6
893 7
894 7
895 6
896 8
897 9
898 9
899 7
900 7
901 6
902 7
903 6
904 6
905 9
906 9
907 4
908 9
909 4
910 6
911 8
912 7
913 7
914 8
915 7
916 9
917 8
918 6
919 9
920 9
921 5
922 7
923 6
924 7
925 5
926 7
927 8
928 5
929 5
930 4
931 8
932 9
933 6
934 6
935 10
936 4
937 9
938 6
939 8
940 5
941 10
942 7
943 11
944 8
945 6
946 7
947 6
948 7
949 10
950 5
951 6
952 7
953 6
954 9
955 6
956 6
957 7
958 8
959 8
960 6
961 6
962 8
963 7
964 9
965 9
966 6
967 7
968 10
969 5
970 6
971 4
972 4
973 6
974 6
975 4
976 4
977 8
978 4
979 8
980 7
981 5
982 6
983 8
984 9
985 6
986 5
987 4
988 4
989 7
990 8
991 5
992 6
993 5
994 7
995 7
996 8
997 7
998 7
999 8
1000 8
1001 7
