0 3
1 3
2 2
3 1
4 2
5 2
6 2
7 2
8 3
9 2
10 3
11 1
12 1
13 2
14 1
15 2
16 2
17 2
18 2
19 3
20 3
21 3
22 1
23 2
24 3
25 2
26 2
27 2
28 2
29 1
30 1
31 2
32 1
33 2
34 2
35 2
36 2
37 4
38 1
39 1
40 1
41 1
42 0
43 3
44 4
45 2
46 2
47 2
48 1
49 1
50 2
51 1
52 3
53 0
54 1
55 0
56 0
57 0
58 3
59 1
60 1
61 1
62 0
63 1
64 1
65 3
66 2
67 1
68 1
69 1
70 4
71 2
72 4
73 3
74 1
75 1
76 2
77 3
78 4
79 2
80 1
81 3
82 1
83 3
84 1
85 2
86 2
87 2
88 3
89 3
90 1
91 1
92 2
93 1
94 1
95 2
96 2
97 2
98 3
99 3
100 3
101 2
102 3
103 3
104 2
105 2
106 2
107 1
108 2
109 1
110 2
111 2
112 1
113 1
114 1
115 2
116 3
117 2
118 2
119 2
120 1
121 1
122 4
123 0
124 2
125 1
126 1
127 2
128 1
129 1
130 2
131 2
132 2
133 2
134 2
135 2
136 2
137 1
138 1
139 1
140 2
141 1
142 1
143 3
144 1
145 4
146 3
147 4
148 3
149 1
150 3
151 2
152 2
153 2
154 2
155 2
156 3
157 3
158 2
159 1
160 3
161 1
162 2
163 2
164 1
165 1
166 2
167 3
168 3
169 2
170 1
171 2
172 2
173 2
174 4
175 2
176 4
177 2
178 2
179 2
180 2
181 1
182 1
183 1
184 1
185 2
186 2
187 3
188 1
189 2
190 1
191 2
192 2
193 2
194 3
195 1
196 1
197 3
198 1
199 1
200 1
201 2
202 2
203 1
204 2
205 1
206 2
207 1
208 2
209 2
210 2
211 2
212 1
213 0
214 3
215 2
216 2
217 1
218 0
219 2
220 2
221 2
222 1
223 2
224 3
225 3
226 4
227 3
228 3
229 2
230 1
231 1
232 1
233 3
234 3
235 4
236 2
237 3
238 3
239 4
240 2
241 1
242 1
243 1
244 3
245 2
246 1
247 2
248 3
249 2
250 3
251 3
252 3
253 2
254 3
255 1
256 3
257 2
258 1
259 2
260 2
261 3
262 2
263 1
264 2
265 2
266 3
267 2
268 1
269 2
270 3
271 3
272 2
273 4
274 3
275 2
276 3
277 2
278 2
279 1
280 2
281 2
282 1
283 0
284 3
285 2
286 2
287 3
288 1
289 2
290 3
291 3
292 2
293 4
294 2
295 1
296 2
297 3
298 1
299 2
300 2
301 2
302 2
303 2
304 5
305 3
306 4
307 3
308 3
309 4
310 3
311 1
312 3
313 2
314 2
315 3
316 2
317 3
318 1
319 3
320 5
321 2
322 2
323 1
324 1
325 2
326 4
327 2
328 2
329 2
330 4
331 1
332 2
333 4
334 2
335 2
336 2
337 4
338 4
339 3
340 1
341 3
342 2
343 2
344 3
345 2
346 3
347 3
348 1
349 0
350 1
351 1
352 5
353 2
354 3
355 2
356 2
357 1
358 4
359 2
360 3
361 3
362 4
363 2
364 2
365 2
366 4
367 3
368 5
369 3
370 3
371 3
372 2
373 2
374 2
375 2
376 1
377 4
378 0
379 1
380 2
381 1
382 2
383 3
384 3
385 4
386 3
387 2
388 2
389 2
390 1
391 3
392 1
393 2
394 2
395 2
396 1
397 3
398 1
399 2
400 2
401 1
402 3
403 1
404 2
405 2
406 1
407 3
408 3
409 1
410 2
411 5
412 2
413 3
414 3
415 1
416 3
417 2
418 1
419 2
420 2
421 3
422 2
423 3
424 1
425 2
426 2
427 1
428 2
429 2
430 2
431 2
432 2
433 4
434 3
435 2
436 3
437 2
438 2
439 3
440 2
441 3
442 2
443 3
444 2
445 2
446 3
447 4
448 4
449 3
450 3
451 4
452 2
453 2
454 3
455 1
456 1
457 3
458 2
459 3
460 3
461 3
462 3
463 2
464 4
465 1
466 1
467 4
468 3
469 4
470 1
471 2
472 4
473 2
474 2
475 4
476 2
477 1
478 3
479 3
480 4
481 4
482 3
483 1
484 2
485 2
486 2
487 2
488 2
489 3
490 5
491 2
492 2
493 3
494 2
495 2
496 4
497 5
498 3
499 2
500 1
501 1
502 3
503 0
504 2
505 1
506 1
507 1
508 2
509 3
510 1
511 3
512 3
513 2
514 2
515 1
516 1
517 3
518 1
519 2
520 4
521 3
522 2
523 2
524 1
525 4
526 2
527 3
528 4
529 2
530 2
531 4
532 3
533 2
534 4
535 3
536 2
537 2
538 1
539 1
540 1
541 1
542 2
543 2
544 2
545 2
546 3
547 2
548 3
549 2
550 1
551 3
552 2
553 1
554 3
555 1
556 2
557 2
558 1
559 2
560 2
561 4
562 2
563 1
564 3
565 2
566 3
567 3
568 4
569 1
570 2
571 1
572 2
573 2
574 4
575 2
576 2
577 4
578 4
579 2
580 2
581 2
582 2
583 1
584 2
585 2
586 3
587 3
588 3
589 2
590 2
591 2
592 3
593 4
594 2
595 2
596 3
597 4
598 3
599 2
600 2
601 2
602 2
603 3
604 4
605 3
606 1
607 1
608 1
609 3
610 2
611 1
612 4
613 2
614 2
615 2
616 2
617 3
618 2
619 3
620 3
621 2
622 2
623 2
624 2
625 3
626 2
627 3
628 3
629 1
630 2
631 1
632 4
633 3
634 3
635 2
636 2
637 1
638 2
639 2
640 2
641 3
642 1
643 3
644 1
645 1
646 2
647 4
648 1
649 1
650 2
651 2
652 2
653 1
654 3
655 3
656 3
657 2
658 1
659 2
660 2
661 2
662 1
663 2
664 1
665 2
666 2
667 1
668 2
669 2
670 2
671 1
672 2
673 2
674 1
675 2
676 2
677 3
678 2
679 4
680 1
681 2
682 4
683 3
684 1
685 2
686 2
687 3
688 1
689 4
690 3
691 1
692 1
693 2
694 2
695 2
696 0
697 1
698 2
699 4
700 2
701 2
702 2
703 2
704 1
705 2
706 5
707 4
708 2
709 2
710 1
711 3
712 1
713 1
714 0
715 2
716 2
717 2
718 2
719 3
720 2
721 3
722 2
723 2
724 1
725 1
726 1
727 1
728 1
729 2
730 2
731 1
732 1
733 2
734 2
735 2
736 2
737 4
738 2
739 4
740 2
741 1
742 2
743 1
744 2
745 2
746 3
747 3
748 1
749 3
750 2
751 1
752 2
753 2
754 2
755 3
756 1
757 2
758 2
759 2
760 2
761 1
762 1
763 2
764 2
765 1
766 2
767 4
768 2
769 2
770 1
771 2
772 2
773 2
774 2
775 1
776 1
777 2
778 1
779 2
780 3
781 2
782 2
783 2
784 2
785 1
786 1
787 1
788 2
789 2
790 2
791 2
792 2
793 5
794 2
795 2
796 1
797 2
798 3
799 2
800 2
801 2
802 3
803 2
804 2
805 1
806 2
807 1
808 2
809 2
810 1
811 2
812 1
813 2
814 3
815 1
816 1
817 2
818 2
819 1
820 1
821 1
822 1
823 2
824 3
825 1
826 2
827 2
828 1
829 2
830 2
831 2
832 2
833 1
834 2
835 1
836 2
837 3
838 2
839 3
840 2
841 2
842 2
843 2
844 1
845 2
846 2
847 1
848 1
849 1
850 2
851 2
852 1
853 2
854 2
855 2
856 0
857 3
858 1
859 3
860 1
861 3
862 2
863 0
864 1
865 2
866 2
867 2
868 3
869 2
870 2
871 3
872 1
873 3
874 2
875 2
876 2
877 1
878 4
879 2
880 2
881 1
882 2
883 4
884 1
885 2
886 2
887 3
888 0
889 1
890 2
891 2
892 2
893 2
894 1
895 2
896 2
897 2
898 1
899 2
900 1
901 1
902 1
903 2
904 2
905 2
906 1
907 2
908 3
909 2
910 1
911 3
912 2
913 2
914 2
915 2
916 2
917 3
918 3
919 2
920 2
921 2
922 0
923 3
924 1
925 1
926 3
927 2
928 2
929 2
930 1
931 2
932 0
933 3
934 2
935 2
936 0
937 1
938 2
939 2
940 1
941 1
942 1
943 1
944 2
945 2
946 2
947 2
948 1
949 1
950 1
951 2
952 1
953 2
954 2
955 2
956 2
957 2
958 3
959 2
960 2
961 2
962 2
963 2
964 2
965 1
966 2
967 1
968 2
969 2
970 2
971 2
972 3
973 2
974 3
975 2
976 1
977 2
978 1
979 2
980 1
981 1
982 2
983 3
984 1
985 2
986 2
987 1
988 1
989 2
990 1
991 1
992 2
993 2
994 2
995 1
996 2
997 2
998 2
999 3
1000 2
1001 2
0 1
1 1
2 2
3 4
4 3
5 1
6 3
7 2
8 1
9 1
10 2
11 3
12 1
13 1
14 1
15 1
16 2
17 2
18 2
19 2
20 3
21 3
22 3
23 3
24 2
25 4
26 1
27 3
28 4
29 1
30 2
31 2
32 2
33 3
34 3
35 2
36 2
37 2
38 2
39 2
40 1
41 1
42 2
43 2
44 2
45 1
46 2
47 2
48 3
49 3
50 2
51 2
52 3
53 2
54 4
55 2
56 3
57 2
58 4
59 1
60 3
61 1
62 2
63 2
64 1
65 2
66 2
67 1
68 2
69 2
70 3
71 2
72 1
73 3
74 1
75 3
76 2
77 3
78 2
79 2
80 2
81 3
82 2
83 3
84 2
85 1
86 3
87 2
88 4
89 2
90 1
91 2
92 3
93 1
94 2
95 2
96 2
97 3
98 1
99 1
100 2
101 0
102 2
103 1
104 2
105 3
106 2
107 0
108 1
109 2
110 2
111 2
112 1
113 2
114 2
115 2
116 3
117 3
118 2
119 3
120 2
121 2
122 3
123 1
124 2
125 2
126 3
127 3
128 2
129 1
130 1
131 4
132 2
133 2
134 2
135 2
136 2
137 2
138 2
139 2
140 3
141 2
142 3
143 2
144 3
145 2
146 2
147 2
148 2
149 3
150 4
151 3
152 2
153 2
154 2
155 2
156 3
157 3
158 2
159 2
160 3
161 2
162 4
163 1
164 2
165 0
166 2
167 2
168 2
169 0
170 2
171 2
172 3
173 2
174 2
175 1
176 1
177 2
178 2
179 4
180 2
181 2
182 1
183 2
184 3
185 3
186 1
187 2
188 3
189 2
190 3
191 2
192 2
193 2
194 2
195 2
196 1
197 1
198 2
199 2
200 3
201 3
202 0
203 2
204 2
205 3
206 3
207 2
208 1
209 1
210 3
211 2
212 3
213 2
214 3
215 1
216 1
217 3
218 2
219 1
220 3
221 3
222 2
223 3
224 1
225 2
226 2
227 0
228 2
229 3
230 2
231 2
232 2
233 1
234 2
235 2
236 2
237 2
238 1
239 1
240 1
241 3
242 1
243 3
244 1
245 2
246 1
247 3
248 3
249 4
250 1
251 1
252 1
253 2
254 1
255 2
256 2
257 3
258 2
259 1
260 2
261 1
262 2
263 2
264 2
265 1
266 1
267 2
268 1
269 1
270 3
271 1
272 0
273 2
274 2
275 2
276 4
277 4
278 2
279 2
280 3
281 1
282 2
283 2
284 1
285 2
286 3
287 3
288 2
289 2
290 1
291 2
292 4
293 2
294 1
295 2
296 2
297 3
298 3
299 2
300 2
301 2
302 2
303 3
304 0
305 1
306 1
307 1
308 1
309 1
310 2
311 1
312 2
313 2
314 2
315 3
316 2
317 2
318 2
319 2
320 3
321 3
322 3
323 3
324 2
325 1
326 1
327 2
328 2
329 1
330 2
331 1
332 2
333 2
334 1
335 3
336 1
337 1
338 1
339 2
340 2
341 1
342 2
343 2
344 3
345 2
346 3
347 0
348 2
349 0
350 2
351 1
352 3
353 2
354 3
355 2
356 3
357 2
358 2
359 1
360 1
361 3
362 2
363 2
364 4
365 1
366 3
367 2
368 2
369 3
370 1
371 2
372 2
373 2
374 2
375 2
376 2
377 1
378 3
379 1
380 3
381 2
382 2
383 2
384 0
385 1
386 2
387 1
388 2
389 3
390 2
391 1
392 2
393 1
394 1
395 2
396 0
397 2
398 2
399 2
400 0
401 2
402 2
403 2
404 0
405 1
406 2
407 2
408 1
409 1
410 1
411 1
412 2
413 2
414 1
415 1
416 2
417 3
418 0
419 2
420 1
421 2
422 2
423 2
424 3
425 2
426 2
427 1
428 1
429 2
430 2
431 2
432 1
433 2
434 2
435 3
436 4
437 2
438 0
439 1
440 2
441 1
442 3
443 2
444 2
445 1
446 3
447 3
448 1
449 2
450 2
451 1
452 0
453 3
454 1
455 2
456 1
457 1
458 2
459 1
460 2
461 3
462 2
463 2
464 5
465 1
466 2
467 1
468 2
469 2
470 1
471 2
472 2
473 2
474 2
475 2
476 2
477 2
478 2
479 2
480 3
481 3
482 1
483 1
484 2
485 2
486 2
487 2
488 2
489 2
490 3
491 2
492 2
493 3
494 1
495 1
496 2
497 2
498 2
499 2
500 3
501 3
502 3
503 2
504 3
505 1
506 2
507 1
508 2
509 2
510 2
511 2
512 1
513 2
514 1
515 1
516 0
517 1
518 1
519 2
520 2
521 1
522 1
523 1
524 2
525 1
526 2
527 1
528 2
529 2
530 2
531 2
532 1
533 2
534 1
535 2
536 3
537 2
538 1
539 1
540 1
541 2
542 2
543 2
544 2
545 3
546 2
547 2
548 2
549 0
550 2
551 1
552 2
553 3
554 2
555 0
556 3
557 2
558 2
559 1
560 3
561 2
562 3
563 2
564 2
565 2
566 2
567 2
568 2
569 2
570 1
571 2
572 2
573 3
574 2
575 2
576 2
577 2
578 0
579 2
580 2
581 1
582 2
583 1
584 1
585 2
586 0
587 2
588 2
589 2
590 2
591 2
592 1
593 3
594 2
595 1
596 3
597 2
598 3
599 1
600 2
601 2
602 2
603 2
604 2
605 2
606 3
607 3
608 2
609 1
610 2
611 2
612 1
613 1
614 3
615 2
616 0
617 2
618 2
619 2
620 2
621 1
622 1
623 2
624 2
625 2
626 2
627 1
628 3
629 1
630 3
631 1
632 1
633 2
634 0
635 2
636 2
637 2
638 1
639 2
640 2
641 2
642 2
643 1
644 1
645 2
646 2
647 2
648 2
649 1
650 2
651 3
652 3
653 3
654 2
655 1
656 1
657 1
658 2
659 1
660 1
661 1
662 2
663 2
664 2
665 2
666 2
667 3
668 1
669 2
670 2
671 3
672 3
673 1
674 2
675 1
676 1
677 2
678 1
679 2
680 1
681 2
682 1
683 1
684 2
685 3
686 3
687 1
688 2
689 3
690 1
691 2
692 2
693 1
694 3
695 4
696 2
697 1
698 1
699 0
700 1
701 2
702 1
703 1
704 3
705 3
706 1
707 2
708 2
709 2
710 1
711 2
712 2
713 1
714 1
715 1
716 4
717 1
718 4
719 1
720 3
721 3
722 1
723 1
724 3
725 1
726 1
727 2
728 3
729 1
730 1
731 2
732 2
733 1
734 0
735 0
736 2
737 2
738 2
739 2
740 1
741 2
742 0
743 2
744 2
745 1
746 2
747 2
748 2
749 2
750 2
751 2
752 0
753 2
754 2
755 2
756 1
757 1
758 4
759 2
760 1
761 1
762 3
763 2
764 3
765 1
766 2
767 1
768 2
769 3
770 2
771 3
772 0
773 1
774 2
775 1
776 2
777 2
778 1
779 1
780 3
781 3
782 0
783 4
784 2
785 2
786 1
787 1
788 2
789 1
790 1
791 3
792 2
793 1
794 1
795 2
796 1
797 2
798 2
799 1
800 3
801 2
802 1
803 3
804 1
805 2
806 4
807 2
808 1
809 1
810 2
811 2
812 2
813 1
814 2
815 1
816 2
817 3
818 1
819 2
820 1
821 3
822 0
823 3
824 2
825 2
826 2
827 2
828 1
829 2
830 1
831 1
832 3
833 1
834 2
835 1
836 3
837 2
838 2
839 2
840 0
841 1
842 1
843 1
844 1
845 2
846 3
847 2
848 2
849 1
850 2
851 1
852 1
853 1
854 1
855 2
856 3
857 2
858 2
859 2
860 1
861 2
862 2
863 2
864 2
865 2
866 3
867 3
868 2
869 1
870 1
871 3
872 3
873 2
874 3
875 1
876 1
877 3
878 3
879 2
880 2
881 1
882 2
883 1
884 1
885 2
886 1
887 1
888 1
889 2
890 1
891 1
892 1
893 2
894 2
895 1
896 1
897 1
898 2
899 1
900 2
901 2
902 2
903 1
904 2
905 1
906 2
907 3
908 1
909 3
910 2
911 2
912 2
913 2
914 3
915 3
916 2
917 3
918 2
919 3
920 2
921 2
922 2
923 1
924 1
925 2
926 1
927 1
928 2
929 3
930 2
931 1
932 0
933 2
934 2
935 2
936 4
937 2
938 3
939 2
940 2
941 3
942 3
943 1
944 2
945 2
946 2
947 2
948 2
949 3
950 3
951 1
952 2
953 2
954 1
955 1
956 1
957 2
958 2
959 2
960 3
961 2
962 1
963 1
964 1
965 2
966 3
967 2
968 2
969 3
970 4
971 2
972 2
973 1
974 1
975 2
976 1
977 3
978 3
979 1
980 2
981 3
982 2
983 2
984 2
985 2
986 2
987 3
988 1
989 2
990 2
991 2
992 2
993 1
994 1
995 2
996 3
997 2
998 1
999 3
1000 3
1001 2
0 3
1 3
2 3
3 2
4 3
5 3
6 3
7 1
8 1
9 3
10 3
11 1
12 3
13 2
14 4
15 4
16 4
17 3
18 2
19 2
20 2
21 2
22 2
23 2
24 2
25 2
26 1
27 3
28 2
29 1
30 3
31 1
32 1
33 1
34 3
35 2
36 2
37 3
38 3
39 3
40 3
41 2
42 1
43 3
44 3
45 0
46 3
47 3
48 2
49 1
50 2
51 2
52 1
53 1
54 2
55 2
56 2
57 1
58 1
59 1
60 1
61 1
62 2
63 1
64 2
65 3
66 3
67 2
68 3
69 1
70 2
71 1
72 3
73 3
74 3
75 1
76 1
77 1
78 3
79 3
80 3
81 0
82 3
83 2
84 1
85 1
86 1
87 1
88 3
89 1
90 2
91 2
92 1
93 1
94 1
95 2
96 1
97 3
98 0
99 2
100 2
101 3
102 0
103 1
104 1
105 1
106 2
107 1
108 1
109 0
110 1
111 2
112 2
113 1
114 2
115 0
116 1
117 0
118 2
119 2
120 1
121 2
122 1
123 2
124 2
125 2
126 1
127 1
128 2
129 1
130 2
131 1
132 0
133 2
134 1
135 1
136 2
137 2
138 2
139 3
140 1
141 2
142 1
143 1
144 1
145 0
146 1
147 2
148 1
149 2
150 1
151 1
152 2
153 2
154 2
155 1
156 3
157 1
158 2
159 4
160 2
161 3
162 4
163 3
164 4
165 0
166 3
167 1
168 1
169 3
170 2
171 2
172 1
173 3
174 2
175 1
176 2
177 4
178 3
179 3
180 2
181 3
182 4
183 4
184 5
185 3
186 4
187 5
188 4
189 4
190 3
191 5
192 4
193 2
194 1
195 4
196 4
197 3
198 3
199 2
200 2
201 4
202 3
203 2
204 3
205 3
206 3
207 4
208 4
209 3
210 3
211 3
212 2
213 3
214 5
215 5
216 5
217 4
218 5
219 4
220 2
221 4
222 4
223 4
224 4
225 5
226 3
227 4
228 2
229 4
230 3
231 4
232 1
233 6
234 2
235 2
236 3
237 2
238 5
239 3
240 2
241 4
242 1
243 3
244 2
245 3
246 4
247 3
248 5
249 2
250 2
251 3
252 2
253 4
254 3
255 2
256 3
257 3
258 4
259 1
260 4
261 5
262 4
263 2
264 4
265 4
266 4
267 5
268 5
269 3
270 3
271 2
272 5
273 2
274 5
275 4
276 3
277 2
278 2
279 0
280 3
281 2
282 4
283 1
284 3
285 3
286 5
287 2
288 1
289 4
290 2
291 4
292 3
293 4
294 4
295 2
296 3
297 3
298 1
299 5
300 4
301 1
302 2
303 3
304 4
305 2
306 1
307 1
308 1
309 2
310 4
311 1
312 2
313 2
314 1
315 3
316 2
317 4
318 4
319 3
320 2
321 1
322 2
323 2
324 2
325 4
326 3
327 2
328 3
329 1
330 4
331 4
332 2
333 1
334 0
335 3
336 2
337 3
338 2
339 3
340 4
341 1
342 3
343 5
344 1
345 4
346 4
347 3
348 3
349 4
350 5
351 2
352 3
353 2
354 3
355 5
356 5
357 3
358 4
359 4
360 1
361 4
362 4
363 1
364 4
365 5
366 4
367 1
368 3
369 4
370 3
371 2
372 3
373 4
374 2
375 5
376 4
377 3
378 3
379 4
380 5
381 1
382 6
383 2
384 3
385 4
386 4
387 6
388 4
389 4
390 2
391 4
392 5
393 5
394 2
395 3
396 2
397 4
398 3
399 3
400 2
401 3
402 2
403 5
404 2
405 3
406 1
407 0
408 3
409 2
410 2
411 2
412 2
413 2
414 3
415 4
416 2
417 2
418 3
419 3
420 3
421 4
422 8
423 3
424 3
425 2
426 5
427 3
428 4
429 2
430 4
431 6
432 3
433 5
434 3
435 3
436 2
437 4
438 2
439 3
440 3
441 4
442 3
443 2
444 5
445 4
446 3
447 4
448 3
449 3
450 3
451 2
452 3
453 0
454 3
455 3
456 4
457 4
458 3
459 4
460 2
461 3
462 4
463 3
464 4
465 2
466 3
467 4
468 3
469 1
470 2
471 2
472 3
473 3
474 5
475 3
476 4
477 2
478 3
479 0
480 3
481 4
482 3
483 2
484 3
485 2
486 3
487 2
488 3
489 2
490 2
491 3
492 3
493 4
494 4
495 4
496 3
497 3
498 3
499 4
500 4
501 3
502 1
503 4
504 3
505 1
506 3
507 3
508 4
509 4
510 4
511 4
512 5
513 3
514 4
515 5
516 4
517 3
518 2
519 4
520 3
521 4
522 3
523 4
524 3
525 5
526 2
527 3
528 4
529 3
530 4
531 4
532 4
533 6
534 2
535 1
536 2
537 4
538 3
539 1
540 4
541 3
542 3
543 4
544 3
545 5
546 2
547 2
548 4
549 5
550 2
551 4
552 1
553 5
554 5
555 3
556 3
557 4
558 3
559 3
560 4
561 2
562 1
563 3
564 4
565 2
566 3
567 4
568 2
569 3
570 2
571 3
572 1
573 1
574 4
575 2
576 1
577 2
578 1
579 2
580 3
581 0
582 3
583 3
584 1
585 2
586 3
587 3
588 3
589 4
590 3
591 3
592 1
593 3
594 2
595 2
596 2
597 2
598 2
599 3
600 2
601 3
602 4
603 2
604 3
605 1
606 3
607 1
608 3
609 2
610 0
611 2
612 3
613 2
614 2
615 3
616 3
617 2
618 2
619 2
620 3
621 2
622 2
623 2
624 3
625 3
626 3
627 4
628 2
629 2
630 3
631 4
632 2
633 4
634 2
635 1
636 2
637 3
638 1
639 3
640 3
641 3
642 3
643 1
644 2
645 1
646 2
647 3
648 4
649 3
650 2
651 1
652 1
653 2
654 2
655 2
656 1
657 2
658 1
659 1
660 3
661 2
662 2
663 3
664 1
665 3
666 1
667 2
668 4
669 2
670 1
671 4
672 3
673 2
674 2
675 2
676 1
677 2
678 2
679 3
680 2
681 2
682 3
683 2
684 3
685 2
686 1
687 2
688 3
689 4
690 2
691 3
692 5
693 3
694 3
695 2
696 4
697 3
698 5
699 3
700 3
701 5
702 3
703 4
704 3
705 1
706 3
707 5
708 3
709 4
710 5
711 1
712 4
713 2
714 3
715 2
716 2
717 1
718 2
719 3
720 3
721 5
722 4
723 3
724 3
725 4
726 3
727 4
728 2
729 2
730 2
731 2
732 4
733 3
734 2
735 3
736 3
737 3
738 5
739 3
740 3
741 4
742 3
743 2
744 4
745 3
746 2
747 4
748 4
749 5
750 5
751 3
752 2
753 3
754 5
755 4
756 2
757 2
758 2
759 2
760 5
761 3
762 2
763 4
764 4
765 2
766 2
767 5
768 4
769 5
770 3
771 4
772 4
773 3
774 4
775 4
776 4
777 2
778 3
779 2
780 4
781 4
782 3
783 4
784 4
785 4
786 4
787 4
788 2
789 4
790 3
791 4
792 5
793 4
794 7
795 3
796 2
797 1
798 4
799 3
800 2
801 2
802 5
803 2
804 3
805 3
806 4
807 3
808 4
809 3
810 0
811 4
812 4
813 2
814 4
815 5
816 2
817 2
818 2
819 2
820 3
821 3
822 2
823 2
824 4
825 4
826 4
827 4
828 1
829 2
830 3
831 3
832 5
833 4
834 2
835 4
836 3
837 3
838 5
839 5
840 5
841 3
842 3
843 3
844 2
845 2
846 3
847 3
848 3
849 3
850 4
851 4
852 3
853 6
854 5
855 3
856 2
857 4
858 2
859 2
860 2
861 3
862 3
863 2
864 6
865 4
866 1
867 2
868 4
869 2
870 2
871 5
872 2
873 3
874 3
875 1
876 2
877 1
878 3
879 5
880 4
881 1
882 3
883 3
884 3
885 4
886 3
887 2
888 4
889 3
890 5
891 3
892 4
893 1
894 4
895 3
896 3
897 3
898 4
899 5
900 2
901 5
902 2
903 6
904 5
905 2
906 4
907 2
908 2
909 4
910 3
911 2
912 4
913 4
914 4
915 4
916 3
917 3
918 4
919 3
920 6
921 6
922 3
923 5
924 5
925 5
926 6
927 3
928 3
929 3
930 8
931 3
932 5
933 4
934 5
935 0
936 6
937 2
938 4
939 5
940 3
941 6
942 4
943 5
944 5
945 5
946 2
947 4
948 3
949 3
950 4
951 2
952 5
953 3
954 3
955 3
956 4
957 4
958 2
959 1
960 3
961 4
962 4
963 5
964 3
965 2
966 2
967 4
968 4
969 4
970 1
971 5
972 6
973 3
974 4
975 3
976 3
977 2
978 2
979 2
980 3
981 4
982 4
983 4
984 4
985 5
986 2
987 2
988 5
989 3
990 4
991 5
992 3
993 6
994 4
995 4
996 4
997 5
998 4
999 4
1000 4
1001 4
0 5
1 5
2 5
3 3
4 6
5 5
6 6
7 4
8 5
9 7
10 5
11 5
12 4
13 3
14 5
15 5
16 5
17 5
18 6
19 5
20 4
21 7
22 7
23 6
24 4
25 6
26 6
27 4
28 4
29 6
30 4
31 7
32 6
33 7
34 5
35 4
36 6
37 2
38 6
39 4
40 6
41 3
42 5
43 5
44 4
45 4
46 5
47 5
48 3
49 4
50 4
51 7
52 5
53 6
54 5
55 5
56 5
57 7
58 5
59 4
60 3
61 5
62 3
63 4
64 7
65 4
66 7
67 5
68 6
69 5
70 2
71 6
72 7
73 5
74 7
75 6
76 5
77 4
78 5
79 6
80 8
81 6
82 5
83 4
84 6
85 6
86 4
87 5
88 3
89 7
90 4
91 5
92 6
93 4
94 6
95 5
96 4
97 6
98 4
99 6
100 5
101 5
102 6
103 4
104 5
105 7
106 5
107 6
108 4
109 4
110 6
111 3
112 5
113 7
114 7
115 8
116 7
117 7
118 5
119 7
120 4
121 5
122 6
123 7
124 4
125 5
126 3
127 5
128 4
129 6
130 5
131 6
132 5
133 6
134 6
135 7
136 4
137 5
138 4
139 6
140 8
141 6
142 6
143 5
144 6
145 7
146 6
147 6
148 2
149 4
150 4
151 3
152 5
153 3
154 4
155 6
156 4
157 3
158 2
159 7
160 5
161 7
162 4
163 5
164 7
165 5
166 5
167 5
168 5
169 6
170 7
171 5
172 4
173 6
174 6
175 5
176 3
177 5
178 6
179 7
180 5
181 5
182 5
183 6
184 3
185 7
186 5
187 4
188 5
189 6
190 8
191 4
192 4
193 5
194 4
195 4
196 6
197 4
198 6
199 7
200 6
201 3
202 3
203 4
204 6
205 5
206 2
207 6
208 5
209 6
210 5
211 6
212 4
213 6
214 4
215 6
216 6
217 7
218 3
219 5
220 5
221 7
222 2
223 6
224 4
225 6
226 4
227 5
228 6
229 4
230 5
231 4
232 5
233 6
234 6
235 3
236 4
237 4
238 4
239 4
240 5
241 5
242 5
243 6
244 5
245 6
246 6
247 3
248 5
249 4
250 6
251 3
252 3
253 6
254 4
255 5
256 6
257 6
258 5
259 4
260 5
261 4
262 3
263 4
264 6
265 4
266 6
267 6
268 6
269 5
270 3
271 5
272 4
273 6
274 6
275 7
276 5
277 4
278 5
279 5
280 5
281 5
282 6
283 6
284 4
285 5
286 8
287 7
288 4
289 4
290 6
291 6
292 5
293 6
294 6
295 3
296 6
297 4
298 5
299 5
300 6
301 5
302 5
303 2
304 4
305 3
306 5
307 5
308 4
309 7
310 4
311 2
312 7
313 6
314 5
315 5
316 6
317 4
318 5
319 6
320 4
321 4
322 5
323 3
324 5
325 6
326 5
327 4
328 3
329 6
330 5
331 3
332 5
333 5
334 4
335 4
336 3
337 3
338 4
339 6
340 2
341 4
342 3
343 3
344 5
345 5
346 4
347 5
348 4
349 5
350 6
351 5
352 5
353 5
354 4
355 5
356 5
357 4
358 6
359 5
360 4
361 5
362 5
363 3
364 6
365 3
366 4
367 4
368 4
369 3
370 3
371 3
372 5
373 4
374 5
375 4
376 3
377 4
378 2
379 3
380 4
381 5
382 2
383 4
384 5
385 2
386 8
387 4
388 5
389 4
390 4
391 4
392 6
393 6
394 2
395 4
396 7
397 4
398 4
399 3
400 6
401 4
402 4
403 6
404 4
405 7
406 4
407 6
408 5
409 6
410 5
411 4
412 6
413 5
414 5
415 3
416 5
417 7
418 5
419 5
420 5
421 5
422 6
423 4
424 6
425 5
426 4
427 6
428 4
429 5
430 6
431 5
432 7
433 4
434 6
435 5
436 6
437 6
438 7
439 6
440 5
441 6
442 4
443 5
444 5
445 4
446 4
447 4
448 6
449 6
450 5
451 6
452 6
453 6
454 7
455 7
456 3
457 6
458 7
459 7
460 6
461 5
462 4
463 7
464 3
465 5
466 6
467 4
468 3
469 5
470 3
471 8
472 7
473 5
474 5
475 6
476 3
477 6
478 5
479 7
480 6
481 5
482 5
483 5
484 7
485 6
486 7
487 6
488 6
489 6
490 4
491 7
492 7
493 7
494 6
495 5
496 7
497 4
498 5
499 3
500 5
501 7
502 8
503 6
504 6
505 5
506 5
507 4
508 5
509 5
510 5
511 6
512 6
513 5
514 6
515 5
516 5
517 3
518 4
519 5
520 5
521 7
522 5
523 7
524 4
525 5
526 4
527 6
528 3
529 7
530 6
531 5
532 6
533 5
534 6
535 5
536 6
537 3
538 7
539 6
540 5
541 4
542 5
543 5
544 5
545 5
546 2
547 5
548 5
549 5
550 2
551 4
552 4
553 5
554 3
555 5
556 4
557 4
558 3
559 3
560 5
561 4
562 5
563 4
564 3
565 5
566 4
567 5
568 4
569 7
570 6
571 4
572 5
573 5
574 6
575 3
576 4
577 2
578 5
579 6
580 4
581 3
582 4
583 4
584 5
585 4
586 6
587 4
588 6
589 5
590 4
591 5
592 4
593 6
594 5
595 5
596 4
597 4
598 5
599 5
600 5
601 5
602 5
603 4
604 2
605 2
606 3
607 4
608 4
609 2
610 5
611 6
612 6
613 3
614 6
615 5
616 6
617 2
618 5
619 4
620 5
621 4
622 4
623 2
624 3
625 6
626 4
627 4
628 4
629 4
630 5
631 5
632 4
633 7
634 5
635 6
636 6
637 5
638 8
639 6
640 4
641 2
642 4
643 3
644 4
645 4
646 5
647 4
648 5
649 3
650 6
651 3
652 6
653 6
654 4
655 4
656 4
657 6
658 7
659 6
660 3
661 7
662 2
663 4
664 6
665 6
666 5
667 5
668 7
669 5
670 6
671 4
672 5
673 6
674 5
675 4
676 4
677 6
678 6
679 5
680 6
681 5
682 6
683 4
684 8
685 6
686 5
687 5
688 3
689 3
690 4
691 4
692 5
693 5
694 3
695 4
696 4
697 5
698 6
699 5
700 4
701 4
702 4
703 5
704 5
705 5
706 3
707 4
708 3
709 4
710 7
711 7
712 6
713 6
714 4
715 4
716 3
717 6
718 3
719 5
720 4
721 5
722 5
723 4
724 4
725 5
726 6
727 4
728 6
729 5
730 2
731 4
732 5
733 5
734 4
735 5
736 5
737 6
738 4
739 5
740 4
741 2
742 5
743 4
744 4
745 6
746 3
747 5
748 4
749 5
750 2
751 3
752 4
753 6
754 4
755 4
756 5
757 5
758 5
759 5
760 5
761 4
762 4
763 4
764 7
765 5
766 3
767 4
768 6
769 3
770 6
771 6
772 5
773 5
774 5
775 6
776 5
777 4
778 5
779 5
780 4
781 4
782 4
783 5
784 6
785 4
786 5
787 3
788 4
789 4
790 6
791 7
792 6
793 6
794 5
795 5
796 7
797 5
798 4
799 6
800 5
801 3
802 5
803 4
804 7
805 3
806 4
807 5
808 4
809 6
810 7
811 6
812 7
813 1
814 3
815 5
816 6
817 5
818 5
819 6
820 6
821 5
822 6
823 5
824 5
825 6
826 6
827 6
828 6
829 4
830 5
831 4
832 4
833 4
834 3
835 4
836 5
837 6
838 5
839 5
840 5
841 5
842 4
843 6
844 5
845 5
846 5
847 5
848 5
849 5
850 5
851 5
852 6
853 5
854 6
855 5
856 4
857 5
858 6
859 4
860 5
861 5
862 4
863 4
864 2
865 3
866 5
867 4
868 4
869 3
870 6
871 5
872 5
873 6
874 4
875 5
876 5
877 3
878 5
879 3
880 5
881 6
882 6
883 5
884 3
885 5
886 4
887 5
888 4
889 4
890 5
891 3
892 5
893 4
894 6
895 5
896 4
897 4
898 6
899 6
900 4
901 1
902 4
903 4
904 5
905 3
906 4
907 4
908 4
909 4
910 4
911 5
912 4
913 5
914 5
915 6
916 4
917 6
918 6
919 5
920 3
921 4
922 4
923 4
924 6
925 6
926 4
927 2
928 5
929 4
930 5
931 4
932 3
933 6
934 4
935 4
936 4
937 3
938 6
939 5
940 6
941 4
942 3
943 4
944 6
945 5
946 4
947 3
948 5
949 6
950 3
951 6
952 7
953 4
954 5
955 5
956 4
957 6
958 3
959 3
960 4
961 4
962 5
963 4
964 6
965 5
966 4
967 6
968 4
969 5
970 4
971 5
972 4
973 5
974 6
975 5
976 4
977 5
978 6
979 4
980 6
981 4
982 4
983 3
984 4
985 6
986 4
987 6
988 4
989 5
990 4
991 6
992 5
993 6
994 4
995 4
996 7
997 5
998 5
999 4
1000 6
1001 5
0 6
1 6
2 5
3 6
4 5
5 3
6 3
7 5
8 5
9 5
10 5
11 4
12 4
13 6
14 7
15 5
16 4
17 4
18 5
19 3
20 2
21 5
22 4
23 4
24 5
25 5
26 3
27 4
28 6
29 4
30 5
31 3
32 6
33 5
34 4
35 5
36 4
37 5
38 5
39 5
40 6
41 5
42 7
43 3
44 2
45 4
46 4
47 5
48 3
49 5
50 5
51 5
52 4
53 4
54 6
55 4
56 3
57 3
58 3
59 4
60 3
61 5
62 3
63 5
64 6
65 2
66 6
67 4
68 3
69 6
70 3
71 4
72 4
73 5
74 7
75 7
76 4
77 5
78 5
79 5
80 3
81 7
82 4
83 6
84 4
85 6
86 4
87 3
88 5
89 4
90 3
91 4
92 5
93 3
94 7
95 6
96 6
97 5
98 7
99 5
100 5
101 4
102 5
103 5
104 6
105 3
106 4
107 5
108 3
109 4
110 8
111 5
112 5
113 5
114 5
115 6
116 7
117 5
118 4
119 6
120 5
121 5
122 5
123 6
124 4
125 6
126 2
127 4
128 5
129 6
130 6
131 7
132 3
133 7
134 7
135 5
136 5
137 4
138 5
139 6
140 7
141 5
142 7
143 5
144 5
145 4
146 5
147 6
148 4
149 5
150 5
151 6
152 5
153 6
154 6
155 2
156 7
157 6
158 6
159 3
160 5
161 3
162 4
163 3
164 3
165 4
166 5
167 6
168 5
169 8
170 5
171 5
172 4
173 5
174 5
175 4
176 5
177 4
178 4
179 3
180 5
181 3
182 3
183 4
184 3
185 6
186 7
187 6
188 5
189 7
190 5
191 5
192 7
193 5
194 5
195 5
196 5
197 6
198 5
199 5
200 5
201 5
202 6
203 4
204 6
205 7
206 5
207 6
208 4
209 5
210 7
211 5
212 5
213 7
214 5
215 4
216 3
217 5
218 4
219 5
220 5
221 6
222 4
223 3
224 4
225 5
226 5
227 5
228 6
229 4
230 5
231 5
232 4
233 4
234 7
235 5
236 6
237 4
238 4
239 4
240 4
241 5
242 5
243 7
244 3
245 4
246 5
247 4
248 7
249 6
250 4
251 3
252 5
253 6
254 6
255 5
256 7
257 4
258 5
259 5
260 5
261 4
262 5
263 5
264 6
265 7
266 7
267 4
268 6
269 7
270 7
271 4
272 5
273 5
274 6
275 3
276 6
277 3
278 6
279 5
280 4
281 4
282 5
283 5
284 5
285 6
286 3
287 4
288 6
289 3
290 5
291 5
292 4
293 6
294 5
295 5
296 4
297 3
298 5
299 5
300 4
301 7
302 3
303 7
304 7
305 6
306 5
307 5
308 4
309 6
310 8
311 6
312 4
313 4
314 5
315 5
316 5
317 6
318 5
319 5
320 6
321 5
322 5
323 7
324 6
325 3
326 7
327 3
328 5
329 7
330 6
331 5
332 4
333 5
334 7
335 6
336 4
337 5
338 5
339 5
340 3
341 4
342 5
343 5
344 6
345 5
346 6
347 5
348 4
349 5
350 5
351 6
352 4
353 5
354 4
355 3
356 5
357 6
358 7
359 6
360 6
361 7
362 3
363 4
364 5
365 6
366 8
367 4
368 6
369 6
370 5
371 4
372 6
373 3
374 6
375 5
376 5
377 5
378 6
379 5
380 7
381 3
382 5
383 4
384 4
385 5
386 5
387 2
388 6
389 5
390 4
391 6
392 4
393 6
394 7
395 6
396 6
397 5
398 5
399 8
400 6
401 7
402 6
403 3
404 5
405 5
406 5
407 4
408 5
409 4
410 6
411 5
412 3
413 4
414 6
415 7
416 5
417 5
418 5
419 5
420 3
421 7
422 5
423 6
424 5
425 6
426 1
427 6
428 4
429 6
430 5
431 5
432 6
433 6
434 5
435 7
436 5
437 6
438 6
439 6
440 3
441 5
442 6
443 4
444 7
445 4
446 7
447 6
448 7
449 6
450 4
451 3
452 4
453 7
454 6
455 4
456 6
457 5
458 5
459 4
460 5
461 6
462 7
463 4
464 5
465 7
466 6
467 7
468 5
469 5
470 2
471 4
472 4
473 4
474 3
475 3
476 4
477 5
478 5
479 5
480 3
481 6
482 5
483 7
484 6
485 5
486 5
487 6
488 6
489 6
490 6
491 6
492 6
493 5
494 6
495 5
496 4
497 6
498 4
499 5
500 5
501 6
502 4
503 6
504 4
505 4
506 3
507 4
508 6
509 7
510 5
511 7
512 1
513 4
514 5
515 4
516 5
517 4
518 4
519 6
520 5
521 4
522 5
523 4
524 4
525 4
526 6
527 6
528 6
529 8
530 2
531 5
532 3
533 4
534 5
535 2
536 3
537 4
538 6
539 4
540 4
541 5
542 6
543 5
544 7
545 7
546 6
547 5
548 5
549 7
550 3
551 6
552 6
553 5
554 6
555 5
556 4
557 6
558 7
559 5
560 6
561 6
562 7
563 4
564 5
565 5
566 6
567 7
568 7
569 4
570 6
571 5
572 6
573 2
574 5
575 6
576 4
577 7
578 6
579 7
580 4
581 7
582 5
583 7
584 5
585 5
586 4
587 5
588 5
589 3
590 5
591 4
592 3
593 8
594 6
595 5
596 5
597 6
598 7
599 4
600 6
601 6
602 6
603 6
604 5
605 5
606 7
607 3
608 6
609 5
610 6
611 5
612 5
613 4
614 6
615 6
616 7
617 4
618 5
619 8
620 7
621 4
622 4
623 6
624 6
625 5
626 4
627 6
628 6
629 5
630 3
631 4
632 7
633 6
634 5
635 5
636 4
637 4
638 4
639 6
640 4
641 5
642 7
643 7
644 6
645 7
646 4
647 5
648 4
649 6
650 3
651 7
652 5
653 4
654 6
655 5
656 5
657 6
658 4
659 6
660 3
661 5
662 5
663 5
664 4
665 4
666 6
667 6
668 5
669 6
670 6
671 5
672 6
673 5
674 6
675 3
676 5
677 3
678 5
679 6
680 5
681 4
682 5
683 5
684 5
685 5
686 5
687 6
688 5
689 5
690 5
691 7
692 7
693 4
694 3
695 7
696 6
697 5
698 4
699 8
700 5
701 5
702 4
703 7
704 5
705 4
706 3
707 4
708 6
709 4
710 3
711 5
712 3
713 5
714 3
715 6
716 5
717 2
718 5
719 7
720 3
721 6
722 4
723 5
724 3
725 4
726 5
727 4
728 4
729 4
730 5
731 4
732 7
733 5
734 4
735 3
736 5
737 5
738 4
739 5
740 6
741 5
742 5
743 5
744 2
745 2
746 2
747 4
748 6
749 4
750 5
751 3
752 4
753 4
754 5
755 5
756 4
757 3
758 4
759 5
760 6
761 4
762 2
763 4
764 3
765 3
766 5
767 3
768 6
769 5
770 4
771 6
772 6
773 4
774 2
775 5
776 7
777 5
778 4
779 5
780 5
781 2
782 6
783 2
784 7
785 5
786 5
787 3
788 4
789 3
790 6
791 3
792 5
793 5
794 3
795 4
796 3
797 6
798 2
799 5
800 5
801 5
802 6
803 5
804 6
805 6
806 6
807 5
808 6
809 5
810 3
811 3
812 4
813 4
814 3
815 7
816 4
817 5
818 4
819 6
820 5
821 7
822 6
823 4
824 5
825 5
826 4
827 4
828 5
829 7
830 5
831 5
832 6
833 5
834 6
835 5
836 4
837 4
838 7
839 3
840 5
841 5
842 4
843 4
844 5
845 3
846 4
847 5
848 6
849 5
850 4
851 3
852 6
853 5
854 4
855 6
856 5
857 5
858 5
859 5
860 3
861 6
862 3
863 6
864 6
865 7
866 5
867 6
868 3
869 5
870 6
871 4
872 7
873 7
874 2
875 4
876 6
877 5
878 6
879 5
880 6
881 5
882 4
883 5
884 5
885 6
886 2
887 4
888 4
889 3
890 4
891 6
892 6
893 6
894 6
895 6
896 6
897 4
898 6
899 6
900 7
901 5
902 3
903 6
904 6
905 6
906 5
907 5
908 6
909 6
910 3
911 4
912 5
913 4
914 3
915 4
916 7
917 6
918 5
919 4
920 5
921 5
922 5
923 2
924 6
925 5
926 4
927 5
928 5
929 6
930 4
931 6
932 5
933 3
934 4
935 4
936 4
937 6
938 5
939 6
940 4
941 5
942 3
943 6
944 6
945 6
946 7
947 3
948 3
949 2
950 3
951 3
952 6
953 5
954 5
955 6
956 3
957 6
958 6
959 5
960 6
961 4
962 3
963 5
964 4
965 4
966 6
967 7
968 4
969 5
970 3
971 7
972 7
973 6
974 5
975 4
976 5
977 3
978 4
979 5
980 5
981 6
982 3
983 5
984 5
985 5
986 3
987 4
988 4
989 5
990 3
991 4
992 6
993 6
994 6
995 5
996 7
997 6
998 5
999 6
1000 6
1001 5
0 4
1 4
2 6
3 5
4 2
5 3
6 3
7 5
8 4
9 4
10 3
11 4
12 6
13 4
14 5
15 4
16 3
17 4
18 3
19 5
20 3
21 5
22 5
23 3
24 5
25 4
26 3
27 3
28 5
29 4
30 3
31 4
32 3
33 5
34 4
35 4
36 5
37 5
38 5
39 3
40 5
41 4
42 4
43 4
44 6
45 4
46 4
47 3
48 6
49 4
50 3
51 3
52 4
53 4
54 4
55 4
56 3
57 5
58 5
59 4
60 6
61 4
62 5
63 6
64 2
65 4
66 6
67 6
68 4
69 5
70 3
71 5
72 5
73 4
74 5
75 4
76 4
77 5
78 4
79 4
80 4
81 7
82 5
83 5
84 3
85 6
86 4
87 6
88 8
89 4
90 4
91 5
92 4
93 6
94 2
95 5
96 4
97 5
98 5
99 4
100 6
101 6
102 6
103 4
104 3
105 6
106 6
107 6
108 6
109 5
110 6
111 5
112 4
113 4
114 4
115 5
116 4
117 5
118 5
119 5
120 5
121 5
122 7
123 6
124 5
125 3
126 6
127 5
128 3
129 5
130 3
131 4
132 7
133 5
134 5
135 5
136 7
137 6
138 4
139 6
140 8
141 6
142 6
143 3
144 5
145 3
146 6
147 3
148 4
149 4
150 5
151 7
152 3
153 5
154 4
155 2
156 3
157 5
158 5
159 3
160 6
161 3
162 4
163 4
164 5
165 6
166 3
167 4
168 5
169 5
170 7
171 6
172 5
173 5
174 4
175 5
176 5
177 2
178 3
179 4
180 5
181 5
182 2
183 7
184 6
185 4
186 4
187 6
188 4
189 5
190 5
191 6
192 4
193 5
194 3
195 4
196 4
197 4
198 4
199 3
200 5
201 4
202 5
203 4
204 2
205 5
206 5
207 5
208 6
209 4
210 6
211 3
212 5
213 3
214 4
215 6
216 5
217 4
218 4
219 5
220 5
221 6
222 5
223 2
224 4
225 5
226 6
227 5
228 5
229 5
230 2
231 5
232 6
233 5
234 6
235 2
236 3
237 4
238 2
239 2
240 3
241 4
242 7
243 2
244 4
245 5
246 5
247 6
248 6
249 5
250 4
251 5
252 3
253 7
254 5
255 5
256 7
257 7
258 6
259 5
260 6
261 4
262 4
263 6
264 4
265 5
266 5
267 4
268 6
269 6
270 3
271 4
272 5
273 4
274 4
275 4
276 5
277 5
278 3
279 4
280 4
281 6
282 6
283 4
284 4
285 6
286 4
287 4
288 2
289 5
290 5
291 4
292 5
293 7
294 6
295 5
296 4
297 6
298 4
299 5
300 5
301 6
302 5
303 6
304 5
305 6
306 6
307 3
308 5
309 2
310 2
311 5
312 6
313 5
314 4
315 5
316 4
317 4
318 7
319 5
320 5
321 5
322 3
323 4
324 4
325 6
326 7
327 4
328 6
329 5
330 5
331 5
332 4
333 4
334 5
335 2
336 5
337 5
338 5
339 6
340 4
341 5
342 4
343 3
344 6
345 3
346 4
347 4
348 6
349 6
350 4
351 5
352 6
353 4
354 5
355 3
356 6
357 5
358 4
359 6
360 7
361 4
362 5
363 4
364 2
365 5
366 5
367 4
368 6
369 4
370 4
371 4
372 6
373 5
374 7
375 5
376 5
377 6
378 3
379 4
380 6
381 6
382 4
383 3
384 5
385 4
386 6
387 3
388 5
389 6
390 3
391 4
392 4
393 6
394 5
395 4
396 5
397 5
398 5
399 5
400 5
401 4
402 5
403 4
404 6
405 5
406 4
407 5
408 5
409 5
410 5
411 4
412 5
413 4
414 5
415 4
416 6
417 3
418 5
419 5
420 7
421 2
422 5
423 4
424 4
425 5
426 1
427 6
428 7
429 4
430 5
431 5
432 6
433 4
434 4
435 3
436 5
437 6
438 4
439 3
440 6
441 5
442 6
443 6
444 7
445 5
446 5
447 6
448 3
449 5
450 7
451 5
452 5
453 4
454 7
455 4
456 4
457 6
458 6
459 7
460 6
461 4
462 6
463 6
464 5
465 5
466 3
467 8
468 3
469 5
470 5
471 6
472 5
473 6
474 3
475 6
476 3
477 6
478 6
479 3
480 4
481 4
482 4
483 7
484 6
485 3
486 4
487 4
488 6
489 4
490 3
491 3
492 6
493 4
494 5
495 6
496 4
497 4
498 7
499 5
500 6
501 4
502 5
503 4
504 4
505 5
506 5
507 6
508 5
509 5
510 6
511 4
512 5
513 4
514 4
515 6
516 4
517 4
518 4
519 5
520 5
521 2
522 4
523 5
524 4
525 2
526 5
527 5
528 6
529 4
530 6
531 5
532 5
533 3
534 5
535 5
536 5
537 4
538 4
539 3
540 4
541 4
542 4
543 3
544 5
545 3
546 5
547 5
548 6
549 5
550 5
551 4
552 5
553 3
554 4
555 4
556 1
557 5
558 2
559 6
560 5
561 6
562 4
563 4
564 3
565 2
566 3
567 3
568 6
569 4
570 4
571 5
572 6
573 4
574 4
575 6
576 4
577 6
578 3
579 4
580 5
581 4
582 5
583 2
584 5
585 5
586 4
587 6
588 6
589 3
590 4
591 7
592 5
593 5
594 3
595 4
596 6
597 4
598 5
599 5
600 4
601 4
602 5
603 3
604 4
605 5
606 4
607 2
608 3
609 3
610 4
611 3
612 6
613 5
614 6
615 6
616 5
617 5
618 5
619 4
620 4
621 3
622 3
623 6
624 5
625 6
626 5
627 6
628 6
629 6
630 5
631 4
632 5
633 5
634 6
635 4
636 5
637 5
638 5
639 6
640 4
641 6
642 7
643 4
644 4
645 5
646 4
647 4
648 5
649 6
650 6
651 4
652 5
653 6
654 7
655 5
656 4
657 3
658 5
659 4
660 7
661 4
662 4
663 6
664 4
665 5
666 5
667 7
668 6
669 7
670 6
671 8
672 5
673 6
674 6
675 6
676 4
677 5
678 3
679 5
680 6
681 3
682 6
683 4
684 5
685 6
686 4
687 4
688 6
689 6
690 4
691 4
692 6
693 5
694 6
695 5
696 4
697 6
698 4
699 5
700 6
701 6
702 6
703 4
704 4
705 5
706 5
707 5
708 6
709 5
710 4
711 4
712 5
713 5
714 7
715 4
716 6
717 5
718 6
719 7
720 5
721 6
722 5
723 5
724 6
725 5
726 5
727 2
728 4
729 6
730 5
731 6
732 4
733 4
734 6
735 6
736 6
737 5
738 4
739 5
740 5
741 5
742 4
743 6
744 3
745 4
746 5
747 3
748 5
749 4
750 5
751 5
752 5
753 4
754 3
755 6
756 6
757 4
758 6
759 4
760 2
761 7
762 6
763 4
764 5
765 4
766 5
767 4
768 6
769 5
770 6
771 5
772 4
773 4
774 3
775 6
776 4
777 3
778 4
779 5
780 4
781 4
782 4
783 8
784 7
785 6
786 7
787 5
788 7
789 5
790 5
791 5
792 5
793 4
794 5
795 5
796 4
797 4
798 2
799 6
800 6
801 4
802 7
803 5
804 4
805 4
806 4
807 3
808 3
809 5
810 7
811 7
812 4
813 5
814 3
815 3
816 4
817 2
818 6
819 6
820 8
821 5
822 5
823 3
824 5
825 6
826 5
827 5
828 5
829 5
830 5
831 5
832 5
833 4
834 5
835 5
836 5
837 5
838 5
839 6
840 5
841 4
842 5
843 7
844 4
845 3
846 5
847 5
848 3
849 5
850 3
851 4
852 5
853 4
854 3
855 6
856 6
857 7
858 6
859 4
860 5
861 3
862 5
863 4
864 5
865 4
866 5
867 6
868 6
869 6
870 6
871 5
872 5
873 4
874 5
875 2
876 3
877 4
878 6
879 3
880 4
881 6
882 5
883 4
884 4
885 4
886 4
887 5
888 4
889 6
890 3
891 5
892 5
893 5
894 3
895 4
896 4
897 1
898 1
899 4
900 3
901 4
902 1
903 3
904 5
905 5
906 4
907 5
908 6
909 4
910 6
911 4
912 6
913 5
914 4
915 5
916 3
917 3
918 5
919 2
920 6
921 4
922 2
923 4
924 6
925 5
926 6
927 6
928 5
929 5
930 4
931 4
932 3
933 4
934 4
935 3
936 3
937 3
938 5
939 4
940 5
941 3
942 2
943 5
944 8
945 6
946 6
947 6
948 6
949 5
950 6
951 6
952 4
953 7
954 5
955 5
956 5
957 5
958 3
959 4
960 3
961 3
962 3
963 7
964 8
965 6
966 4
967 3
968 6
969 4
970 5
971 4
972 2
973 3
974 4
975 3
976 6
977 4
978 3
979 4
980 5
981 7
982 5
983 6
984 5
985 7
986 6
987 4
988 4
989 4
990 5
991 6
992 6
993 3
994 6
995 3
996 6
997 5
998 4
999 5
1000 3
1001 3
