0 2
1 2
2 3
3 3
4 2
5 3
6 3
7 2
8 3
9 2
10 3
11 2
12 3
13 3
14 2
15 4
16 4
17 2
18 1
19 2
20 1
21 4
22 4
23 2
24 3
25 2
26 4
27 4
28 3
29 4
30 3
31 3
32 4
33 3
34 3
35 2
36 4
37 0
38 2
39 3
40 2
41 2
42 3
43 4
44 3
45 2
46 2
47 3
48 2
49 4
50 3
51 4
52 5
53 5
54 5
55 3
56 3
57 4
58 3
59 3
60 3
61 4
62 4
63 2
64 3
65 3
66 5
67 3
68 2
69 3
70 3
71 4
72 3
73 3
74 3
75 3
76 3
77 4
78 4
79 5
80 3
81 2
82 4
83 1
84 2
85 4
86 4
87 2
88 4
89 3
90 2
91 3
92 2
93 3
94 4
95 3
96 4
97 5
98 3
99 4
100 2
101 3
102 4
103 2
104 3
105 1
106 3
107 3
108 4
109 3
110 1
111 2
112 3
113 4
114 4
115 4
116 4
117 4
118 2
119 4
120 2
121 4
122 3
123 3
124 3
125 2
126 2
127 3
128 5
129 4
130 5
131 4
132 4
133 4
134 3
135 1
136 3
137 3
138 3
139 2
140 2
141 3
142 2
143 2
144 2
145 3
146 4
147 3
148 2
149 4
150 3
151 2
152 3
153 3
154 3
155 3
156 3
157 1
158 2
159 2
160 5
161 3
162 4
163 3
164 3
165 3
166 3
167 4
168 3
169 0
170 4
171 3
172 4
173 2
174 4
175 3
176 3
177 3
178 4
179 1
180 3
181 3
182 5
183 3
184 3
185 5
186 3
187 2
188 3
189 1
190 2
191 2
192 3
193 3
194 4
195 2
196 4
197 2
198 2
199 3
200 4
201 4
202 3
203 3
204 3
205 2
206 3
207 2
208 4
209 4
210 3
211 3
212 2
213 3
214 3
215 3
216 4
217 4
218 4
219 5
220 1
221 3
222 4
223 3
224 3
225 4
226 4
227 3
228 3
229 3
230 2
231 4
232 4
233 3
234 3
235 3
236 2
237 3
238 2
239 4
240 4
241 4
242 4
243 2
244 3
245 3
246 5
247 3
248 4
249 3
250 4
251 4
252 4
253 2
254 3
255 3
256 4
257 4
258 3
259 4
260 3
261 2
262 4
263 2
264 1
265 3
266 4
267 3
268 3
269 4
270 5
271 3
272 3
273 4
274 4
275 1
276 5
277 3
278 3
279 4
280 5
281 3
282 4
283 3
284 3
285 4
286 3
287 5
288 4
289 4
290 6
291 3
292 3
293 3
294 3
295 4
296 5
297 4
298 4
299 5
300 4
301 4
302 3
303 4
304 4
305 4
306 5
307 3
308 4
309 4
310 4
311 2
312 5
313 5
314 5
315 5
316 4
317 4
318 3
319 3
320 4
321 2
322 5
323 4
324 5
325 2
326 4
327 4
328 5
329 4
330 4
331 4
332 3
333 3
334 3
335 5
336 4
337 5
338 4
339 3
340 3
341 5
342 3
343 4
344 2
345 3
346 3
347 3
348 4
349 5
350 4
351 4
352 4
353 4
354 2
355 5
356 3
357 5
358 5
359 4
360 2
361 4
362 4
363 5
364 4
365 3
366 2
367 2
368 4
369 4
370 3
371 4
372 5
373 3
374 1
375 4
376 3
377 3
378 4
379 4
380 3
381 5
382 3
383 4
384 3
385 4
386 3
387 4
388 1
389 5
390 4
391 5
392 3
393 4
394 2
395 4
396 2
397 4
398 4
399 5
400 5
401 5
402 4
403 5
404 3
405 4
406 2
407 5
408 4
409 3
410 4
411 4
412 6
413 5
414 5
415 2
416 5
417 4
418 5
419 1
420 2
421 3
422 7
423 3
424 3
425 4
426 5
427 3
428 3
429 4
430 3
431 6
432 4
433 4
434 5
435 2
436 3
437 3
438 5
439 2
440 3
441 4
442 4
443 3
444 5
445 3
446 4
447 4
448 2
449 2
450 4
451 5
452 2
453 5
454 4
455 6
456 4
457 3
458 5
459 3
460 4
461 3
462 5
463 5
464 3
465 5
466 5
467 5
468 5
469 4
470 4
471 6
472 5
473 5
474 5
475 6
476 3
477 7
478 3
479 3
480 4
481 6
482 4
483 4
484 5
485 2
486 4
487 1
488 5
489 4
490 4
491 3
492 4
493 6
494 4
495 6
496 3
497 4
498 5
499 5
500 4
501 4
502 4
503 5
504 6
505 4
506 5
507 6
508 4
509 4
510 3
511 3
512 4
513 3
514 2
515 5
516 2
517 3
518 3
519 4
520 5
521 5
522 5
523 3
524 4
525 1
526 4
527 2
528 2
529 3
530 3
531 4
532 2
533 3
534 5
535 2
536 3
537 3
538 2
539 3
540 4
541 4
542 3
543 6
544 2
545 1
546 2
547 2
548 2
549 4
550 2
551 4
552 4
553 4
554 2
555 3
556 5
557 3
558 5
559 4
560 1
561 5
562 2
563 5
564 2
565 3
566 2
567 4
568 5
569 3
570 4
571 3
572 3
573 4
574 2
575 4
576 2
577 3
578 4
579 3
580 4
581 5
582 4
583 3
584 2
585 2
586 1
587 3
588 2
589 6
590 3
591 3
592 6
593 4
594 3
595 4
596 3
597 5
598 5
599 3
600 4
601 4
602 3
603 4
604 4
605 3
606 4
607 5
608 4
609 3
610 4
611 2
612 4
613 2
614 4
615 5
616 5
617 5
618 2
619 4
620 4
621 4
622 4
623 4
624 3
625 3
626 3
627 4
628 3
629 4
630 4
631 5
632 1
633 1
634 3
635 1
636 2
637 4
638 2
639 4
640 4
641 3
642 4
643 4
644 5
645 2
646 5
647 2
648 1
649 6
650 4
651 4
652 6
653 5
654 3
655 3
656 2
657 4
658 5
659 3
660 5
661 3
662 2
663 3
664 2
665 4
666 2
667 3
668 5
669 4
670 4
671 3
672 3
673 3
674 5
675 2
676 3
677 3
678 3
679 3
680 3
681 3
682 2
683 3
684 4
685 5
686 2
687 5
688 4
689 5
690 3
691 3
692 4
693 4
694 4
695 3
696 3
697 5
698 4
699 4
700 3
701 5
702 2
703 4
704 3
705 4
706 4
707 5
708 4
709 4
710 3
711 4
712 4
713 5
714 4
715 2
716 2
717 3
718 5
719 3
720 5
721 5
722 4
723 3
724 5
725 4
726 2
727 3
728 4
729 4
730 3
731 2
732 3
733 4
734 4
735 2
736 2
737 3
738 3
739 3
740 4
741 2
742 3
743 4
744 2
745 4
746 3
747 3
748 3
749 3
750 4
751 3
752 2
753 1
754 3
755 1
756 4
757 4
758 3
759 4
760 4
761 3
762 5
763 4
764 3
765 3
766 1
767 4
768 5
769 3
770 3
771 3
772 5
773 3
774 5
775 4
776 2
777 4
778 3
779 3
780 4
781 2
782 4
783 4
784 2
785 4
786 5
787 2
788 4
789 4
790 3
791 6
792 2
793 5
794 5
795 3
796 3
797 4
798 5
799 5
800 3
801 5
802 4
803 4
804 1
805 2
806 3
807 4
808 4
809 5
810 2
811 3
812 2
813 4
814 3
815 5
816 4
817 3
818 3
819 4
820 4
821 5
822 3
823 5
824 3
825 3
826 3
827 1
828 2
829 2
830 4
831 2
832 4
833 4
834 3
835 3
836 3
837 3
838 3
839 4
840 3
841 3
842 1
843 2
844 3
845 4
846 4
847 4
848 4
849 2
850 5
851 3
852 5
853 4
854 2
855 3
856 1
857 4
858 2
859 2
860 4
861 3
862 5
863 4
864 4
865 3
866 4
867 2
868 4
869 6
870 3
871 1
872 4
873 3
874 4
875 4
876 3
877 3
878 3
879 3
880 5
881 5
882 2
883 2
884 2
885 3
886 2
887 2
888 3
889 4
890 2
891 3
892 3
893 5
894 3
895 3
896 4
897 4
898 3
899 4
900 4
901 3
902 4
903 4
904 5
905 4
906 2
907 4
908 3
909 3
910 5
911 3
912 2
913 4
914 2
915 4
916 3
917 3
918 3
919 1
920 3
921 2
922 2
923 2
924 4
925 2
926 4
927 3
928 3
929 5
930 2
931 4
932 2
933 3
934 2
935 5
936 3
937 3
938 3
939 3
940 2
941 5
942 2
943 4
944 4
945 4
946 3
947 3
948 4
949 3
950 3
951 3
952 4
953 3
954 3
955 3
956 3
957 3
958 4
959 3
960 4
961 3
962 3
963 4
964 3
965 2
966 5
967 4
968 3
969 3
970 3
971 3
972 4
973 4
974 4
975 3
976 3
977 4
978 2
979 3
980 3
981 2
982 1
983 4
984 3
985 3
986 3
987 4
988 3
989 4
990 1
991 3
992 2
993 2
994 3
995 4
996 4
997 4
998 2
999 4
1000 3
1001 4
0 0
1 0
2 0
3 0
4 0
5 0
6 1
7 2
8 1
9 0
10 1
11 0
12 1
13 1
14 1
15 1
16 1
17 0
18 1
19 1
20 1
21 1
22 1
23 2
24 0
25 1
26 1
27 1
28 2
29 0
30 0
31 1
32 1
33 0
34 2
35 1
36 0
37 1
38 2
39 1
40 0
41 1
42 1
43 1
44 2
45 1
46 2
47 0
48 1
49 0
50 1
51 1
52 1
53 1
54 1
55 1
56 1
57 0
58 0
59 0
60 1
61 1
62 0
63 1
64 1
65 1
66 0
67 1
68 1
69 0
70 1
71 0
72 1
73 2
74 1
75 1
76 1
77 0
78 0
79 1
80 1
81 1
82 2
83 1
84 1
85 1
86 1
87 1
88 1
89 1
90 1
91 1
92 1
93 1
94 0
95 2
96 0
97 1
98 1
99 2
100 1
101 1
102 0
103 0
104 1
105 1
106 0
107 2
108 1
109 1
110 0
111 1
112 1
113 0
114 0
115 1
116 1
117 1
118 1
119 0
120 0
121 0
122 1
123 1
124 1
125 1
126 0
127 0
128 1
129 1
130 1
131 1
132 0
133 0
134 1
135 1
136 0
137 0
138 1
139 2
140 0
141 0
142 2
143 1
144 1
145 1
146 1
147 2
148 1
149 0
150 2
151 2
152 2
153 0
154 1
155 1
156 1
157 0
158 2
159 1
160 1
161 2
162 1
163 1
164 1
165 2
166 0
167 1
168 1
169 1
170 2
171 0
172 0
173 1
174 1
175 1
176 2
177 2
178 1
179 1
180 2
181 0
182 1
183 0
184 1
185 1
186 1
187 0
188 1
189 2
190 2
191 0
192 3
193 3
194 2
195 1
196 2
197 1
198 1
199 2
200 1
201 1
202 2
203 0
204 1
205 3
206 2
207 2
208 1
209 2
210 3
211 3
212 2
213 2
214 1
215 3
216 2
217 0
218 3
219 2
220 3
221 2
222 2
223 1
224 1
225 2
226 1
227 1
228 2
229 1
230 3
231 0
232 0
233 2
234 1
235 1
236 2
237 2
238 1
239 1
240 3
241 2
242 2
243 0
244 3
245 2
246 2
247 2
248 1
249 2
250 1
251 2
252 3
253 1
254 1
255 1
256 3
257 2
258 2
259 2
260 2
261 1
262 2
263 1
264 0
265 1
266 1
267 2
268 1
269 2
270 1
271 2
272 2
273 2
274 0
275 1
276 0
277 2
278 2
279 1
280 1
281 0
282 0
283 0
284 0
285 3
286 2
287 3
288 2
289 2
290 3
291 1
292 0
293 1
294 2
295 2
296 2
297 2
298 1
299 1
300 2
301 1
302 1
303 1
304 2
305 2
306 1
307 2
308 2
309 0
310 2
311 3
312 3
313 2
314 2
315 3
316 2
317 2
318 3
319 3
320 3
321 1
322 3
323 2
324 1
325 3
326 1
327 3
328 1
329 1
330 3
331 3
332 2
333 2
334 0
335 1
336 1
337 2
338 0
339 2
340 2
341 2
342 3
343 2
344 1
345 0
346 2
347 0
348 2
349 0
350 0
351 1
352 2
353 1
354 2
355 0
356 1
357 2
358 1
359 2
360 2
361 2
362 2
363 1
364 0
365 0
366 1
367 0
368 1
369 1
370 0
371 1
372 0
373 0
374 1
375 2
376 2
377 1
378 0
379 0
380 0
381 1
382 0
383 2
384 1
385 1
386 1
387 1
388 1
389 1
390 1
391 2
392 2
393 1
394 1
395 2
396 1
397 1
398 2
399 1
400 1
401 2
402 1
403 1
404 1
405 1
406 1
407 2
408 1
409 1
410 1
411 0
412 2
413 1
414 1
415 1
416 1
417 1
418 1
419 0
420 1
421 1
422 1
423 3
424 0
425 2
426 3
427 2
428 1
429 1
430 1
431 1
432 1
433 1
434 1
435 0
436 1
437 2
438 0
439 1
440 2
441 0
442 2
443 1
444 1
445 0
446 2
447 1
448 0
449 2
450 1
451 0
452 2
453 1
454 0
455 1
456 1
457 0
458 4
459 2
460 3
461 2
462 4
463 1
464 1
465 2
466 2
467 1
468 2
469 2
470 0
471 3
472 1
473 3
474 1
475 0
476 1
477 2
478 2
479 3
480 1
481 2
482 3
483 2
484 1
485 1
486 3
487 1
488 3
489 2
490 3
491 1
492 1
493 3
494 1
495 2
496 1
497 1
498 0
499 3
500 2
501 2
502 1
503 1
504 1
505 1
506 2
507 4
508 3
509 2
510 2
511 1
512 2
513 2
514 1
515 2
516 2
517 2
518 2
519 2
520 1
521 2
522 1
523 1
524 1
525 1
526 1
527 2
528 2
529 1
530 1
531 0
532 1
533 0
534 0
535 1
536 1
537 1
538 1
539 0
540 2
541 2
542 2
543 2
544 0
545 1
546 1
547 1
548 1
549 0
550 0
551 1
552 1
553 2
554 1
555 0
556 1
557 0
558 1
559 1
560 1
561 1
562 2
563 0
564 2
565 1
566 0
567 1
568 2
569 2
570 0
571 2
572 1
573 2
574 0
575 1
576 0
577 1
578 0
579 1
580 1
581 1
582 0
583 0
584 1
585 1
586 0
587 2
588 1
589 1
590 1
591 2
592 2
593 0
594 1
595 0
596 1
597 0
598 0
599 2
600 0
601 1
602 0
603 0
604 1
605 1
606 1
607 1
608 2
609 1
610 0
611 0
612 0
613 1
614 1
615 2
616 2
617 1
618 1
619 0
620 1
621 0
622 1
623 2
624 1
625 0
626 1
627 2
628 0
629 0
630 1
631 2
632 0
633 1
634 2
635 2
636 1
637 1
638 0
639 1
640 2
641 1
642 2
643 2
644 2
645 2
646 1
647 0
648 2
649 2
650 2
651 0
652 2
653 1
654 3
655 1
656 2
657 1
658 1
659 3
660 4
661 1
662 2
663 3
664 2
665 2
666 2
667 4
668 2
669 3
670 2
671 2
672 2
673 3
674 4
675 1
676 3
677 0
678 3
679 3
680 2
681 2
682 0
683 2
684 1
685 2
686 2
687 2
688 2
689 2
690 2
691 2
692 2
693 1
694 1
695 2
696 2
697 1
698 0
699 2
700 1
701 2
702 2
703 2
704 1
705 1
706 1
707 1
708 1
709 2
710 2
711 0
712 3
713 4
714 2
715 2
716 1
717 3
718 0
719 1
720 2
721 3
722 1
723 3
724 2
725 1
726 1
727 0
728 2
729 1
730 1
731 1
732 1
733 0
734 2
735 3
736 1
737 1
738 1
739 3
740 2
741 2
742 3
743 2
744 3
745 3
746 3
747 2
748 1
749 3
750 2
751 3
752 3
753 2
754 1
755 3
756 0
757 1
758 2
759 1
760 3
761 0
762 1
763 1
764 1
765 2
766 1
767 1
768 2
769 2
770 2
771 4
772 2
773 1
774 1
775 2
776 1
777 2
778 3
779 2
780 0
781 1
782 2
783 1
784 2
785 0
786 2
787 2
788 2
789 2
790 2
791 2
792 4
793 3
794 1
795 1
796 1
797 1
798 1
799 1
800 2
801 2
802 0
803 0
804 1
805 0
806 2
807 1
808 2
809 0
810 1
811 1
812 2
813 1
814 1
815 3
816 1
817 1
818 0
819 1
820 1
821 1
822 1
823 1
824 0
825 2
826 1
827 1
828 1
829 3
830 1
831 1
832 1
833 1
834 0
835 1
836 1
837 1
838 0
839 2
840 1
841 3
842 3
843 0
844 0
845 1
846 0
847 1
848 1
849 2
850 4
851 3
852 1
853 1
854 3
855 2
856 2
857 2
858 2
859 2
860 2
861 2
862 3
863 2
864 3
865 3
866 2
867 3
868 4
869 6
870 3
871 3
872 3
873 2
874 2
875 4
876 2
877 4
878 3
879 3
880 3
881 5
882 3
883 1
884 2
885 3
886 2
887 1
888 1
889 2
890 3
891 1
892 2
893 4
894 2
895 4
896 2
897 3
898 1
899 2
900 0
901 2
902 2
903 1
904 1
905 2
906 4
907 2
908 3
909 3
910 0
911 3
912 2
913 4
914 2
915 2
916 3
917 3
918 2
919 3
920 0
921 2
922 1
923 3
924 3
925 4
926 6
927 3
928 4
929 1
930 4
931 4
932 4
933 3
934 3
935 4
936 4
937 3
938 2
939 3
940 2
941 2
942 3
943 3
944 3
945 3
946 3
947 2
948 2
949 1
950 3
951 3
952 3
953 3
954 3
955 4
956 3
957 2
958 3
959 4
960 3
961 4
962 3
963 3
964 3
965 2
966 5
967 5
968 3
969 3
970 2
971 2
972 2
973 5
974 4
975 2
976 5
977 5
978 4
979 2
980 4
981 2
982 4
983 3
984 3
985 4
986 3
987 3
988 3
989 3
990 2
991 3
992 3
993 2
994 3
995 3
996 3
997 3
998 0
999 4
1000 3
1001 1
0 0
1 0
2 1
3 1
4 1
5 2
6 0
7 1
8 1
9 1
10 1
11 0
12 1
13 2
14 2
15 0
16 0
17 1
18 1
19 2
20 1
21 1
22 1
23 0
24 1
25 0
26 1
27 0
28 1
29 1
30 0
31 1
32 0
33 1
34 1
35 1
36 0
37 1
38 1
39 1
40 0
41 1
42 1
43 1
44 1
45 1
46 3
47 1
48 1
49 0
50 1
51 1
52 0
53 1
54 2
55 1
56 1
57 1
58 2
59 2
60 2
61 2
62 1
63 1
64 3
65 2
66 3
67 2
68 2
69 3
70 2
71 1
72 3
73 3
74 1
75 1
76 1
77 2
78 3
79 1
80 1
81 3
82 2
83 2
84 1
85 3
86 2
87 1
88 2
89 1
90 2
91 3
92 2
93 2
94 2
95 0
96 0
97 3
98 2
99 1
100 2
101 1
102 2
103 2
104 3
105 1
106 1
107 1
108 1
109 1
110 2
111 2
112 1
113 1
114 2
115 0
116 1
117 1
118 1
119 2
120 3
121 1
122 0
123 2
124 1
125 0
126 0
127 1
128 2
129 1
130 3
131 1
132 0
133 1
134 1
135 2
136 1
137 2
138 1
139 1
140 1
141 1
142 2
143 1
144 2
145 0
146 1
147 2
148 1
149 1
150 1
151 2
152 1
153 0
154 1
155 1
156 0
157 2
158 1
159 0
160 1
161 1
162 1
163 1
164 1
165 1
166 1
167 1
168 0
169 0
170 0
171 0
172 1
173 1
174 2
175 0
176 3
177 1
178 1
179 2
180 1
181 2
182 0
183 1
184 2
185 1
186 1
187 1
188 3
189 1
190 2
191 3
192 2
193 1
194 1
195 1
196 1
197 1
198 1
199 0
200 1
201 0
202 1
203 1
204 0
205 1
206 1
207 2
208 2
209 2
210 1
211 1
212 1
213 2
214 2
215 0
216 1
217 1
218 1
219 2
220 0
221 2
222 2
223 3
224 1
225 1
226 2
227 2
228 2
229 1
230 1
231 1
232 2
233 0
234 0
235 1
236 2
237 1
238 1
239 1
240 1
241 1
242 1
243 1
244 1
245 1
246 1
247 1
248 0
249 0
250 0
251 0
252 0
253 0
254 0
255 0
256 0
257 1
258 0
259 1
260 0
261 0
262 3
263 1
264 1
265 0
266 0
267 1
268 0
269 0
270 2
271 1
272 1
273 1
274 1
275 1
276 1
277 2
278 1
279 0
280 1
281 3
282 1
283 1
284 1
285 1
286 0
287 1
288 2
289 2
290 1
291 2
292 2
293 1
294 2
295 2
296 1
297 2
298 1
299 2
300 1
301 1
302 0
303 0
304 1
305 0
306 3
307 1
308 1
309 2
310 2
311 1
312 1
313 2
314 1
315 2
316 1
317 1
318 1
319 1
320 2
321 1
322 2
323 1
324 2
325 2
326 2
327 2
328 2
329 1
330 1
331 1
332 1
333 0
334 1
335 1
336 1
337 1
338 0
339 2
340 1
341 1
342 0
343 1
344 0
345 1
346 0
347 1
348 1
349 2
350 2
351 1
352 0
353 1
354 1
355 2
356 1
357 1
358 0
359 1
360 1
361 1
362 2
363 1
364 1
365 1
366 2
367 0
368 1
369 2
370 1
371 1
372 2
373 1
374 1
375 2
376 1
377 0
378 2
379 1
380 2
381 2
382 2
383 1
384 1
385 1
386 1
387 1
388 1
389 2
390 1
391 2
392 0
393 1
394 1
395 0
396 2
397 2
398 2
399 2
400 2
401 1
402 1
403 2
404 2
405 0
406 0
407 2
408 1
409 1
410 2
411 1
412 1
413 1
414 1
415 2
416 2
417 1
418 2
419 2
420 2
421 2
422 0
423 0
424 0
425 2
426 1
427 1
428 1
429 2
430 1
431 1
432 0
433 0
434 2
435 1
436 2
437 2
438 1
439 2
440 2
441 0
442 2
443 1
444 1
445 2
446 2
447 1
448 2
449 1
450 2
451 1
452 2
453 1
454 1
455 0
456 2
457 2
458 0
459 2
460 1
461 2
462 1
463 1
464 0
465 1
466 0
467 1
468 1
469 0
470 1
471 1
472 0
473 1
474 0
475 1
476 1
477 1
478 1
479 0
480 1
481 1
482 1
483 0
484 0
485 1
486 0
487 1
488 0
489 0
490 0
491 1
492 1
493 2
494 1
495 1
496 1
497 0
498 1
499 1
500 0
501 1
502 0
503 1
504 1
505 1
506 0
507 1
508 1
509 0
510 0
511 1
512 1
513 1
514 1
515 1
516 1
517 1
518 0
519 0
520 2
521 1
522 1
523 0
524 1
525 1
526 2
527 1
528 0
529 0
530 1
531 1
532 1
533 0
534 1
535 1
536 1
537 0
538 1
539 1
540 1
541 1
542 1
543 1
544 0
545 1
546 2
547 0
548 1
549 2
550 1
551 1
552 0
553 1
554 1
555 1
556 0
557 1
558 1
559 0
560 1
561 0
562 1
563 0
564 0
565 1
566 1
567 2
568 1
569 1
570 0
571 1
572 1
573 2
574 1
575 1
576 1
577 1
578 1
579 1
580 1
581 0
582 0
583 1
584 1
585 2
586 0
587 1
588 0
589 1
590 1
591 1
592 0
593 1
594 1
595 1
596 1
597 1
598 1
599 1
600 1
601 0
602 2
603 1
604 0
605 0
606 1
607 1
608 2
609 1
610 2
611 2
612 2
613 0
614 2
615 1
616 2
617 1
618 1
619 2
620 1
621 2
622 1
623 1
624 0
625 0
626 2
627 2
628 0
629 1
630 1
631 2
632 1
633 2
634 1
635 2
636 1
637 1
638 1
639 2
640 1
641 1
642 1
643 2
644 0
645 1
646 1
647 1
648 0
649 2
650 1
651 1
652 1
653 2
654 2
655 1
656 0
657 1
658 2
659 1
660 1
661 0
662 2
663 1
664 1
665 2
666 2
667 1
668 2
669 1
670 1
671 1
672 1
673 2
674 2
675 2
676 2
677 2
678 1
679 3
680 3
681 1
682 2
683 1
684 1
685 2
686 0
687 2
688 2
689 1
690 1
691 2
692 2
693 1
694 1
695 2
696 2
697 1
698 1
699 1
700 1
701 1
702 2
703 0
704 1
705 3
706 2
707 2
708 2
709 2
710 2
711 1
712 1
713 2
714 2
715 1
716 3
717 2
718 2
719 3
720 3
721 3
722 1
723 2
724 3
725 3
726 3
727 2
728 1
729 3
730 1
731 3
732 2
733 2
734 3
735 2
736 2
737 1
738 3
739 2
740 0
741 3
742 3
743 3
744 3
745 3
746 3
747 2
748 1
749 3
750 2
751 2
752 2
753 0
754 1
755 2
756 3
757 3
758 2
759 1
760 1
761 2
762 2
763 2
764 1
765 2
766 2
767 2
768 2
769 1
770 2
771 4
772 2
773 2
774 2
775 1
776 3
777 2
778 2
779 3
780 3
781 2
782 3
783 1
784 3
785 2
786 2
787 2
788 2
789 1
790 2
791 0
792 1
793 1
794 1
795 1
796 1
797 0
798 2
799 2
800 0
801 1
802 1
803 2
804 2
805 2
806 1
807 2
808 2
809 2
810 1
811 1
812 1
813 1
814 2
815 1
816 3
817 1
818 2
819 1
820 1
821 1
822 2
823 1
824 1
825 2
826 1
827 0
828 1
829 2
830 2
831 2
832 1
833 1
834 1
835 0
836 1
837 3
838 2
839 1
840 0
841 1
842 0
843 1
844 2
845 1
846 1
847 2
848 1
849 3
850 2
851 4
852 1
853 3
854 0
855 2
856 1
857 2
858 0
859 1
860 0
861 3
862 2
863 2
864 2
865 1
866 1
867 2
868 0
869 1
870 1
871 1
872 2
873 0
874 0
875 1
876 1
877 1
878 2
879 2
880 1
881 1
882 1
883 1
884 1
885 2
886 0
887 1
888 1
889 0
890 1
891 2
892 2
893 2
894 1
895 1
896 1
897 2
898 2
899 1
900 1
901 1
902 0
903 1
904 0
905 0
906 1
907 2
908 1
909 0
910 1
911 1
912 3
913 1
914 1
915 1
916 1
917 1
918 0
919 1
920 1
921 1
922 1
923 2
924 1
925 1
926 1
927 1
928 1
929 1
930 1
931 0
932 0
933 0
934 1
935 1
936 0
937 1
938 2
939 2
940 0
941 1
942 1
943 1
944 1
945 2
946 1
947 1
948 1
949 0
950 0
951 1
952 1
953 1
954 1
955 1
956 1
957 1
958 1
959 3
960 1
961 1
962 1
963 2
964 0
965 1
966 1
967 1
968 0
969 2
970 1
971 4
972 1
973 2
974 1
975 1
976 2
977 2
978 2
979 2
980 1
981 1
982 0
983 1
984 1
985 2
986 1
987 2
988 1
989 0
990 2
991 2
992 1
993 2
994 1
995 1
996 2
997 2
998 1
999 2
1000 2
1001 2
0 3
1 3
2 2
3 4
4 2
5 1
6 3
7 1
8 3
9 2
10 5
11 3
12 4
13 1
14 4
15 2
16 4
17 2
18 2
19 4
20 3
21 3
22 5
23 3
24 3
25 2
26 0
27 4
28 4
29 5
30 4
31 4
32 4
33 4
34 2
35 4
36 2
37 6
38 4
39 5
40 4
41 3
42 2
43 2
44 3
45 3
46 2
47 4
48 6
49 3
50 5
51 4
52 5
53 4
54 5
55 3
56 5
57 5
58 4
59 4
60 3
61 6
62 4
63 4
64 5
65 8
66 5
67 4
68 5
69 5
70 4
71 3
72 3
73 2
74 4
75 3
76 3
77 4
78 3
79 2
80 4
81 3
82 3
83 3
84 4
85 5
86 2
87 2
88 0
89 3
90 3
91 4
92 4
93 1
94 2
95 3
96 4
97 3
98 3
99 4
100 3
101 4
102 2
103 6
104 2
105 1
106 3
107 3
108 2
109 3
110 1
111 3
112 5
113 3
114 5
115 3
116 4
117 4
118 3
119 3
120 4
121 4
122 2
123 3
124 0
125 2
126 1
127 3
128 4
129 3
130 3
131 2
132 2
133 2
134 4
135 4
136 4
137 4
138 1
139 3
140 2
141 3
142 3
143 3
144 5
145 5
146 5
147 4
148 3
149 4
150 4
151 4
152 5
153 3
154 5
155 4
156 2
157 3
158 3
159 4
160 4
161 4
162 4
163 3
164 4
165 2
166 3
167 2
168 3
169 4
170 2
171 3
172 5
173 6
174 2
175 4
176 4
177 4
178 3
179 3
180 1
181 4
182 2
183 6
184 6
185 4
186 2
187 5
188 3
189 2
190 2
191 4
192 2
193 3
194 4
195 2
196 5
197 2
198 4
199 3
200 5
201 3
202 4
203 4
204 4
205 6
206 5
207 4
208 3
209 3
210 6
211 4
212 3
213 3
214 3
215 2
216 2
217 4
218 3
219 3
220 4
221 4
222 6
223 5
224 4
225 3
226 2
227 3
228 6
229 6
230 4
231 3
232 5
233 5
234 5
235 4
236 2
237 5
238 6
239 5
240 7
241 4
242 5
243 6
244 5
245 7
246 3
247 4
248 4
249 5
250 5
251 6
252 5
253 7
254 4
255 4
256 6
257 6
258 5
259 5
260 5
261 7
262 5
263 3
264 3
265 6
266 7
267 6
268 5
269 2
270 5
271 3
272 6
273 4
274 4
275 4
276 5
277 6
278 6
279 2
280 3
281 2
282 4
283 2
284 3
285 5
286 3
287 5
288 5
289 5
290 5
291 4
292 4
293 3
294 4
295 3
296 3
297 4
298 6
299 4
300 4
301 5
302 4
303 6
304 2
305 3
306 4
307 5
308 5
309 5
310 4
311 2
312 4
313 7
314 6
315 4
316 5
317 2
318 4
319 5
320 4
321 3
322 5
323 5
324 4
325 5
326 5
327 5
328 4
329 5
330 4
331 3
332 7
333 4
334 5
335 3
336 2
337 5
338 8
339 6
340 4
341 4
342 5
343 5
344 4
345 2
346 5
347 7
348 5
349 3
350 4
351 3
352 5
353 6
354 4
355 3
356 6
357 4
358 4
359 4
360 2
361 4
362 5
363 2
364 6
365 4
366 3
367 4
368 5
369 4
370 4
371 5
372 6
373 4
374 4
375 4
376 5
377 4
378 6
379 5
380 6
381 5
382 7
383 4
384 5
385 6
386 5
387 4
388 5
389 5
390 6
391 6
392 5
393 3
394 4
395 4
396 6
397 4
398 2
399 2
400 3
401 3
402 6
403 6
404 4
405 3
406 0
407 3
408 6
409 2
410 2
411 5
412 5
413 4
414 4
415 5
416 6
417 4
418 5
419 4
420 5
421 4
422 4
423 4
424 4
425 6
426 2
427 5
428 3
429 5
430 4
431 4
432 4
433 4
434 6
435 4
436 3
437 4
438 2
439 5
440 6
441 6
442 7
443 5
444 4
445 4
446 5
447 5
448 5
449 3
450 4
451 5
452 1
453 5
454 4
455 6
456 6
457 3
458 6
459 6
460 6
461 7
462 6
463 5
464 7
465 8
466 5
467 5
468 3
469 7
470 6
471 3
472 5
473 5
474 5
475 6
476 4
477 5
478 4
479 4
480 3
481 6
482 5
483 3
484 5
485 3
486 5
487 4
488 4
489 5
490 4
491 3
492 2
493 3
494 4
495 3
496 6
497 3
498 3
499 4
500 2
501 7
502 4
503 5
504 3
505 4
506 5
507 5
508 6
509 2
510 6
511 5
512 4
513 5
514 6
515 6
516 2
517 3
518 4
519 3
520 6
521 3
522 1
523 4
524 2
525 3
526 3
527 3
528 2
529 4
530 3
531 3
532 3
533 2
534 4
535 5
536 3
537 4
538 3
539 4
540 3
541 3
542 3
543 3
544 5
545 3
546 2
547 3
548 1
549 4
550 3
551 2
552 3
553 1
554 2
555 3
556 2
557 3
558 3
559 1
560 4
561 4
562 5
563 3
564 3
565 5
566 5
567 3
568 4
569 3
570 4
571 3
572 3
573 3
574 3
575 2
576 5
577 2
578 3
579 5
580 4
581 3
582 4
583 3
584 5
585 4
586 2
587 4
588 3
589 3
590 3
591 3
592 4
593 5
594 6
595 3
596 3
597 3
598 1
599 1
600 3
601 2
602 6
603 5
604 3
605 3
606 4
607 6
608 5
609 4
610 4
611 5
612 6
613 3
614 3
615 7
616 4
617 4
618 4
619 3
620 6
621 5
622 6
623 6
624 7
625 4
626 4
627 3
628 4
629 4
630 3
631 3
632 4
633 8
634 4
635 2
636 5
637 4
638 5
639 3
640 3
641 3
642 4
643 3
644 7
645 4
646 2
647 3
648 2
649 3
650 4
651 4
652 4
653 6
654 4
655 3
656 2
657 7
658 5
659 5
660 5
661 5
662 4
663 4
664 7
665 4
666 4
667 4
668 4
669 6
670 5
671 5
672 2
673 3
674 5
675 5
676 4
677 5
678 1
679 5
680 3
681 4
682 3
683 5
684 5
685 3
686 2
687 3
688 2
689 6
690 2
691 4
692 4
693 4
694 5
695 4
696 4
697 4
698 5
699 5
700 4
701 2
702 4
703 4
704 4
705 4
706 2
707 3
708 5
709 3
710 2
711 3
712 3
713 5
714 4
715 4
716 5
717 2
718 3
719 3
720 3
721 3
722 5
723 2
724 5
725 3
726 4
727 3
728 4
729 4
730 3
731 4
732 3
733 5
734 4
735 5
736 4
737 3
738 4
739 4
740 3
741 4
742 3
743 2
744 5
745 4
746 2
747 5
748 4
749 2
750 5
751 6
752 5
753 3
754 2
755 3
756 3
757 4
758 4
759 3
760 3
761 6
762 3
763 2
764 4
765 3
766 3
767 2
768 2
769 3
770 2
771 5
772 4
773 3
774 3
775 4
776 4
777 5
778 4
779 4
780 3
781 6
782 3
783 5
784 4
785 5
786 2
787 4
788 5
789 4
790 5
791 0
792 5
793 4
794 3
795 4
796 6
797 4
798 2
799 5
800 4
801 6
802 5
803 6
804 1
805 5
806 4
807 4
808 4
809 3
810 6
811 5
812 5
813 2
814 3
815 4
816 4
817 4
818 3
819 5
820 5
821 3
822 4
823 3
824 5
825 4
826 5
827 6
828 5
829 2
830 4
831 3
832 6
833 6
834 3
835 5
836 4
837 5
838 2
839 5
840 6
841 4
842 5
843 5
844 4
845 4
846 6
847 3
848 3
849 8
850 5
851 4
852 3
853 5
854 2
855 4
856 2
857 6
858 2
859 5
860 4
861 5
862 5
863 4
864 5
865 4
866 5
867 5
868 4
869 4
870 5
871 4
872 2
873 4
874 8
875 8
876 3
877 7
878 5
879 5
880 4
881 5
882 4
883 6
884 5
885 3
886 1
887 2
888 6
889 5
890 4
891 6
892 5
893 4
894 2
895 3
896 2
897 4
898 1
899 6
900 5
901 7
902 3
903 3
904 3
905 2
906 5
907 3
908 3
909 4
910 3
911 7
912 3
913 5
914 6
915 4
916 3
917 3
918 2
919 5
920 5
921 4
922 2
923 3
924 2
925 5
926 2
927 3
928 5
929 4
930 5
931 3
932 6
933 3
934 5
935 6
936 5
937 5
938 5
939 6
940 4
941 6
942 4
943 5
944 6
945 5
946 4
947 6
948 4
949 6
950 3
951 3
952 4
953 4
954 4
955 5
956 6
957 4
958 3
959 6
960 5
961 4
962 6
963 3
964 2
965 5
966 1
967 3
968 3
969 2
970 3
971 3
972 4
973 5
974 6
975 5
976 3
977 5
978 4
979 6
980 3
981 6
982 4
983 3
984 3
985 4
986 4
987 6
988 2
989 3
990 6
991 2
992 4
993 5
994 5
995 0
996 2
997 3
998 6
999 5
1000 3
1001 5
0 3
1 3
2 1
3 2
4 3
5 4
6 4
7 2
8 3
9 2
10 3
11 4
12 3
13 3
14 3
15 2
16 2
17 5
18 4
19 3
20 4
21 2
22 2
23 4
24 5
25 3
26 4
27 3
28 4
29 1
30 4
31 4
32 5
33 3
34 4
35 4
36 5
37 5
38 3
39 4
40 4
41 4
42 4
43 5
44 4
45 5
46 3
47 4
48 4
49 4
50 4
51 3
52 5
53 4
54 4
55 5
56 4
57 2
58 3
59 4
60 4
61 2
62 3
63 3
64 3
65 4
66 3
67 2
68 4
69 3
70 3
71 5
72 5
73 2
74 4
75 6
76 3
77 3
78 3
79 3
80 4
81 4
82 4
83 3
84 4
85 4
86 2
87 1
88 5
89 3
90 3
91 3
92 3
93 3
94 4
95 2
96 3
97 1
98 2
99 3
100 2
101 4
102 5
103 3
104 5
105 4
106 4
107 2
108 1
109 3
110 3
111 3
112 5
113 3
114 2
115 2
116 3
117 1
118 3
119 2
120 3
121 2
122 1
123 0
124 1
125 2
126 1
127 3
128 3
129 0
130 2
131 3
132 3
133 4
134 1
135 3
136 2
137 1
138 2
139 2
140 3
141 4
142 3
143 3
144 3
145 2
146 1
147 2
148 4
149 3
150 1
151 3
152 3
153 2
154 1
155 1
156 3
157 2
158 2
159 1
160 4
161 2
162 3
163 2
164 2
165 3
166 2
167 4
168 3
169 4
170 5
171 3
172 4
173 4
174 3
175 3
176 2
177 3
178 4
179 4
180 1
181 2
182 5
183 2
184 5
185 3
186 4
187 4
188 2
189 1
190 3
191 4
192 2
193 2
194 3
195 2
196 3
197 4
198 4
199 2
200 2
201 4
202 3
203 3
204 3
205 2
206 3
207 4
208 2
209 4
210 2
211 3
212 4
213 3
214 3
215 2
216 4
217 5
218 3
219 3
220 3
221 0
222 3
223 1
224 5
225 2
226 2
227 3
228 3
229 2
230 1
231 2
232 0
233 3
234 3
235 2
236 3
237 2
238 2
239 3
240 2
241 2
242 2
243 1
244 2
245 2
246 4
247 4
248 2
249 3
250 3
251 2
252 1
253 2
254 2
255 1
256 1
257 1
258 2
259 0
260 2
261 3
262 1
263 2
264 1
265 3
266 2
267 3
268 2
269 2
270 3
271 1
272 3
273 1
274 2
275 2
276 2
277 2
278 1
279 3
280 2
281 2
282 2
283 2
284 2
285 2
286 2
287 4
288 2
289 4
290 2
291 0
292 5
293 3
294 0
295 2
296 3
297 3
298 2
299 1
300 2
301 3
302 2
303 3
304 3
305 1
306 2
307 2
308 2
309 3
310 1
311 2
312 2
313 1
314 2
315 3
316 2
317 3
318 3
319 2
320 4
321 4
322 4
323 3
324 3
325 2
326 2
327 3
328 1
329 4
330 3
331 1
332 2
333 3
334 1
335 2
336 3
337 3
338 3
339 2
340 3
341 2
342 4
343 3
344 3
345 1
346 3
347 1
348 4
349 4
350 3
351 2
352 3
353 3
354 1
355 3
356 1
357 2
358 2
359 2
360 4
361 5
362 3
363 3
364 4
365 3
366 3
367 2
368 1
369 1
370 2
371 2
372 4
373 2
374 1
375 1
376 2
377 3
378 1
379 3
380 4
381 2
382 2
383 4
384 4
385 4
386 3
387 1
388 1
389 3
390 3
391 3
392 3
393 3
394 2
395 2
396 3
397 3
398 2
399 4
400 5
401 3
402 2
403 3
404 2
405 3
406 3
407 4
408 4
409 3
410 2
411 3
412 3
413 3
414 3
415 3
416 1
417 3
418 1
419 3
420 4
421 1
422 5
423 3
424 1
425 4
426 3
427 4
428 3
429 2
430 2
431 3
432 2
433 3
434 5
435 3
436 3
437 2
438 2
439 3
440 2
441 3
442 3
443 3
444 3
445 3
446 2
447 2
448 3
449 3
450 2
451 2
452 4
453 4
454 1
455 3
456 4
457 2
458 4
459 3
460 3
461 4
462 4
463 3
464 2
465 3
466 1
467 3
468 3
469 4
470 4
471 4
472 3
473 3
474 3
475 2
476 4
477 2
478 2
479 2
480 3
481 3
482 3
483 4
484 4
485 2
486 2
487 4
488 3
489 3
490 1
491 3
492 4
493 3
494 4
495 1
496 2
497 2
498 2
499 2
500 3
501 4
502 4
503 2
504 3
505 3
506 3
507 0
508 3
509 3
510 2
511 2
512 1
513 3
514 1
515 3
516 1
517 2
518 1
519 2
520 1
521 3
522 3
523 3
524 1
525 2
526 2
527 3
528 2
529 2
530 2
531 2
532 2
533 2
534 2
535 3
536 2
537 1
538 2
539 2
540 3
541 3
542 1
543 2
544 2
545 2
546 2
547 3
548 2
549 2
550 2
551 1
552 2
553 2
554 2
555 2
556 2
557 2
558 2
559 0
560 2
561 3
562 2
563 2
564 3
565 3
566 1
567 4
568 1
569 1
570 0
571 3
572 3
573 3
574 3
575 1
576 1
577 1
578 0
579 1
580 1
581 3
582 1
583 1
584 2
585 2
586 2
587 3
588 2
589 4
590 3
591 4
592 1
593 1
594 2
595 3
596 3
597 4
598 3
599 4
600 3
601 2
602 3
603 4
604 3
605 5
606 4
607 4
608 5
609 1
610 4
611 3
612 1
613 4
614 1
615 3
616 2
617 3
618 4
619 4
620 4
621 5
622 3
623 3
624 3
625 3
626 4
627 3
628 3
629 4
630 4
631 4
632 2
633 1
634 4
635 4
636 2
637 2
638 2
639 3
640 2
641 2
642 3
643 4
644 2
645 3
646 2
647 2
648 3
649 2
650 2
651 0
652 2
653 2
654 3
655 3
656 2
657 2
658 4
659 4
660 3
661 3
662 2
663 1
664 3
665 3
666 2
667 1
668 4
669 2
670 3
671 3
672 3
673 2
674 3
675 5
676 2
677 6
678 6
679 3
680 4
681 1
682 2
683 2
684 2
685 3
686 2
687 3
688 1
689 5
690 4
691 3
692 4
693 4
694 3
695 2
696 2
697 3
698 2
699 4
700 4
701 2
702 2
703 4
704 3
705 2
706 4
707 2
708 4
709 4
710 3
711 3
712 3
713 4
714 3
715 4
716 4
717 3
718 3
719 4
720 2
721 4
722 2
723 3
724 3
725 2
726 4
727 3
728 2
729 3
730 2
731 2
732 1
733 2
734 3
735 2
736 3
737 1
738 5
739 3
740 4
741 1
742 3
743 3
744 6
745 5
746 4
747 4
748 6
749 4
750 4
751 3
752 3
753 3
754 4
755 3
756 4
757 2
758 3
759 4
760 4
761 5
762 2
763 2
764 3
765 2
766 2
767 4
768 4
769 4
770 5
771 2
772 3
773 2
774 3
775 2
776 3
777 2
778 4
779 3
780 3
781 4
782 5
783 2
784 3
785 3
786 4
787 3
788 3
789 3
790 2
791 2
792 3
793 2
794 4
795 3
796 3
797 2
798 2
799 2
800 3
801 3
802 4
803 2
804 4
805 3
806 4
807 2
808 4
809 1
810 3
811 1
812 2
813 2
814 2
815 2
816 3
817 3
818 2
819 2
820 3
821 3
822 2
823 2
824 2
825 2
826 2
827 2
828 4
829 2
830 3
831 5
832 5
833 5
834 5
835 5
836 1
837 2
838 4
839 1
840 4
841 2
842 4
843 4
844 3
845 3
846 3
847 3
848 4
849 4
850 4
851 2
852 2
853 3
854 6
855 3
856 5
857 3
858 4
859 3
860 4
861 5
862 4
863 4
864 5
865 4
866 3
867 3
868 2
869 4
870 3
871 5
872 3
873 3
874 5
875 2
876 4
877 4
878 5
879 4
880 3
881 3
882 4
883 2
884 3
885 4
886 4
887 3
888 4
889 3
890 5
891 3
892 4
893 4
894 2
895 4
896 3
897 3
898 3
899 5
900 3
901 4
902 4
903 4
904 4
905 0
906 5
907 3
908 1
909 4
910 3
911 4
912 3
913 4
914 2
915 2
916 4
917 3
918 3
919 4
920 2
921 2
922 3
923 4
924 2
925 1
926 4
927 3
928 2
929 3
930 3
931 4
932 5
933 3
934 4
935 2
936 4
937 4
938 4
939 4
940 1
941 4
942 5
943 4
944 4
945 5
946 4
947 2
948 4
949 3
950 2
951 4
952 3
953 4
954 4
955 5
956 3
957 2
958 6
959 2
960 4
961 4
962 3
963 2
964 4
965 2
966 1
967 3
968 3
969 1
970 2
971 3
972 4
973 3
974 4
975 3
976 4
977 6
978 4
979 4
980 4
981 4
982 5
983 2
984 4
985 5
986 2
987 3
988 2
989 5
990 5
991 3
992 4
993 5
994 3
995 4
996 2
997 3
998 5
999 2
1000 2
1001 4
0 3
1 3
2 2
3 2
4 2
5 1
6 1
7 2
8 3
9 3
10 2
11 2
12 3
13 3
14 4
15 3
16 3
17 3
18 3
19 3
20 3
21 3
22 3
23 3
24 3
25 3
26 3
27 2
28 3
29 4
30 3
31 3
32 3
33 5
34 3
35 2
36 4
37 4
38 3
39 3
40 3
41 3
42 3
43 2
44 4
45 4
46 4
47 5
48 3
49 3
50 4
51 3
52 2
53 2
54 3
55 3
56 3
57 2
58 3
59 3
60 4
61 3
62 2
63 3
64 3
65 3
66 2
67 1
68 4
69 2
70 4
71 4
72 3
73 2
74 4
75 2
76 4
77 2
78 4
79 3
80 3
81 2
82 1
83 3
84 2
85 2
86 2
87 4
88 3
89 2
90 4
91 5
92 3
93 4
94 3
95 3
96 3
97 3
98 3
99 2
100 3
101 1
102 2
103 4
104 2
105 4
106 3
107 2
108 0
109 4
110 4
111 3
112 4
113 4
114 3
115 4
116 4
117 3
118 2
119 1
120 2
121 4
122 4
123 5
124 2
125 2
126 2
127 3
128 3
129 2
130 1
131 3
132 2
133 1
134 3
135 2
136 1
137 2
138 1
139 1
140 2
141 1
142 3
143 2
144 2
145 2
146 2
147 2
148 2
149 1
150 3
151 1
152 1
153 3
154 3
155 4
156 3
157 3
158 4
159 4
160 2
161 2
162 3
163 1
164 5
165 3
166 3
167 2
168 3
169 2
170 2
171 3
172 3
173 3
174 2
175 2
176 4
177 2
178 2
179 4
180 5
181 3
182 5
183 5
184 3
185 5
186 3
187 2
188 1
189 2
190 2
191 2
192 4
193 2
194 3
195 3
196 1
197 3
198 4
199 5
200 4
201 2
202 3
203 2
204 3
205 3
206 2
207 3
208 5
209 2
210 4
211 5
212 4
213 5
214 4
215 5
216 3
217 3
218 6
219 4
220 3
221 2
222 4
223 3
224 4
225 3
226 4
227 3
228 4
229 4
230 6
231 3
232 3
233 3
234 4
235 4
236 2
237 5
238 3
239 3
240 3
241 4
242 4
243 5
244 3
245 3
246 3
247 3
248 3
249 5
250 3
251 6
252 3
253 3
254 1
255 2
256 4
257 2
258 5
259 3
260 5
261 3
262 4
263 2
264 2
265 3
266 4
267 5
268 2
269 3
270 3
271 2
272 2
273 3
274 3
275 2
276 3
277 6
278 5
279 4
280 5
281 1
282 3
283 2
284 3
285 4
286 4
287 3
288 3
289 4
290 4
291 4
292 4
293 6
294 3
295 4
296 4
297 4
298 5
299 6
300 4
301 4
302 5
303 4
304 4
305 5
306 3
307 4
308 4
309 4
310 3
311 3
312 3
313 4
314 3
315 2
316 3
317 6
318 7
319 4
320 5
321 4
322 4
323 1
324 4
325 2
326 7
327 4
328 2
329 4
330 3
331 4
332 3
333 5
334 3
335 3
336 1
337 1
338 3
339 3
340 3
341 4
342 4
343 3
344 4
345 4
346 3
347 3
348 5
349 3
350 3
351 6
352 3
353 3
354 3
355 3
356 4
357 4
358 2
359 3
360 5
361 4
362 3
363 5
364 4
365 4
366 3
367 3
368 7
369 4
370 3
371 5
372 3
373 3
374 5
375 5
376 3
377 4
378 4
379 3
380 4
381 3
382 6
383 4
384 3
385 3
386 5
387 5
388 4
389 3
390 5
391 4
392 2
393 2
394 3
395 4
396 4
397 4
398 3
399 2
400 3
401 3
402 4
403 2
404 3
405 5
406 4
407 3
408 3
409 3
410 2
411 3
412 4
413 3
414 4
415 5
416 2
417 5
418 2
419 3
420 5
421 5
422 3
423 6
424 5
425 3
426 3
427 5
428 4
429 4
430 4
431 4
432 2
433 4
434 2
435 3
436 4
437 4
438 1
439 3
440 3
441 4
442 2
443 3
444 3
445 3
446 4
447 2
448 4
449 3
450 4
451 5
452 4
453 5
454 3
455 4
456 5
457 4
458 4
459 3
460 1
461 2
462 3
463 3
464 2
465 4
466 2
467 3
468 3
469 3
470 5
471 3
472 1
473 3
474 3
475 1
476 3
477 3
478 4
479 3
480 4
481 4
482 3
483 4
484 1
485 3
486 3
487 3
488 3
489 3
490 2
491 3
492 2
493 2
494 5
495 2
496 3
497 2
498 4
499 4
500 3
501 3
502 4
503 3
504 3
505 4
506 5
507 4
508 2
509 5
510 5
511 3
512 6
513 4
514 5
515 2
516 5
517 5
518 4
519 3
520 4
521 4
522 4
523 4
524 4
525 4
526 4
527 4
528 5
529 6
530 5
531 5
532 3
533 6
534 6
535 7
536 3
537 4
538 2
539 5
540 4
541 3
542 2
543 5
544 6
545 2
546 3
547 3
548 4
549 4
550 2
551 4
552 4
553 3
554 5
555 5
556 5
557 3
558 2
559 4
560 4
561 5
562 2
563 4
564 5
565 4
566 3
567 5
568 6
569 4
570 3
571 4
572 4
573 3
574 7
575 4
576 4
577 3
578 4
579 4
580 7
581 3
582 2
583 5
584 5
585 4
586 6
587 5
588 4
589 2
590 6
591 5
592 3
593 5
594 5
595 4
596 4
597 7
598 2
599 5
600 4
601 3
602 4
603 3
604 2
605 4
606 3
607 5
608 6
609 6
610 4
611 5
612 3
613 4
614 4
615 3
616 7
617 4
618 3
619 4
620 4
621 5
622 3
623 6
624 4
625 4
626 4
627 3
628 3
629 3
630 2
631 6
632 7
633 2
634 5
635 4
636 5
637 4
638 2
639 3
640 7
641 5
642 5
643 5
644 3
645 4
646 5
647 3
648 3
649 5
650 5
651 3
652 3
653 4
654 5
655 3
656 6
657 4
658 4
659 2
660 3
661 6
662 5
663 3
664 4
665 3
666 3
667 3
668 4
669 3
670 1
671 4
672 4
673 3
674 2
675 4
676 1
677 3
678 2
679 6
680 4
681 3
682 4
683 5
684 4
685 2
686 3
687 3
688 4
689 2
690 5
691 5
692 4
693 2
694 4
695 3
696 6
697 3
698 4
699 5
700 3
701 5
702 1
703 2
704 5
705 4
706 5
707 4
708 5
709 5
710 4
711 4
712 4
713 0
714 4
715 6
716 5
717 2
718 6
719 5
720 4
721 4
722 3
723 3
724 4
725 3
726 4
727 5
728 3
729 4
730 3
731 4
732 2
733 4
734 6
735 5
736 4
737 5
738 5
739 4
740 5
741 2
742 5
743 4
744 4
745 5
746 4
747 6
748 3
749 5
750 4
751 5
752 4
753 6
754 4
755 5
756 5
757 3
758 6
759 3
760 6
761 7
762 4
763 5
764 4
765 3
766 4
767 4
768 4
769 6
770 5
771 7
772 4
773 3
774 4
775 3
776 5
777 5
778 6
779 6
780 6
781 5
782 5
783 6
784 5
785 5
786 7
787 3
788 4
789 3
790 4
791 5
792 4
793 2
794 6
795 4
796 4
797 3
798 3
799 4
800 3
801 2
802 1
803 5
804 2
805 5
806 4
807 3
808 4
809 5
810 2
811 4
812 3
813 4
814 5
815 1
816 3
817 0
818 2
819 2
820 4
821 3
822 3
823 3
824 4
825 2
826 3
827 4
828 2
829 1
830 4
831 3
832 3
833 3
834 4
835 3
836 2
837 4
838 3
839 3
840 2
841 4
842 1
843 3
844 4
845 5
846 3
847 2
848 2
849 3
850 4
851 3
852 2
853 2
854 3
855 3
856 2
857 4
858 3
859 3
860 1
861 4
862 3
863 4
864 2
865 4
866 3
867 3
868 2
869 5
870 3
871 2
872 2
873 4
874 5
875 2
876 3
877 3
878 2
879 2
880 4
881 2
882 3
883 3
884 1
885 4
886 2
887 3
888 4
889 4
890 4
891 4
892 4
893 6
894 5
895 4
896 5
897 2
898 4
899 3
900 5
901 2
902 5
903 3
904 2
905 4
906 2
907 3
908 3
909 2
910 3
911 3
912 3
913 3
914 1
915 2
916 2
917 3
918 3
919 4
920 1
921 4
922 2
923 3
924 1
925 2
926 3
927 3
928 3
929 3
930 4
931 4
932 4
933 4
934 2
935 3
936 3
937 3
938 5
939 1
940 4
941 3
942 4
943 3
944 2
945 4
946 3
947 4
948 1
949 5
950 5
951 4
952 4
953 4
954 2
955 5
956 2
957 3
958 4
959 4
960 2
961 5
962 5
963 4
964 5
965 3
966 3
967 2
968 4
969 4
970 6
971 4
972 5
973 3
974 6
975 2
976 3
977 4
978 6
979 4
980 3
981 5
982 2
983 1
984 5
985 5
986 4
987 3
988 4
989 4
990 4
991 5
992 3
993 5
994 4
995 4
996 3
997 5
998 4
999 1
1000 3
1001 3
