0 11
1 11
2 10
3 10
4 11
5 8
6 11
7 7
8 13
9 10
10 10
11 11
12 10
13 6
14 12
15 10
16 12
17 11
18 12
19 10
20 11
21 12
22 14
23 9
24 10
25 10
26 6
27 10
28 8
29 13
30 10
31 8
32 12
33 10
34 11
35 12
36 10
37 8
38 10
39 11
40 10
41 13
42 14
43 12
44 13
45 11
46 9
47 9
48 12
49 9
50 8
51 10
52 9
53 7
54 8
55 10
56 7
57 8
58 9
59 11
60 10
61 11
62 12
63 10
64 11
65 9
66 8
67 11
68 10
69 10
70 5
71 10
72 9
73 9
74 8
75 10
76 8
77 11
78 11
79 8
80 9
81 8
82 9
83 9
84 12
85 8
86 7
87 10
88 8
89 11
90 8
91 10
92 11
93 12
94 8
95 10
96 10
97 8
98 10
99 10
100 11
101 8
102 13
103 8
104 11
105 10
106 12
107 9
108 11
109 10
110 10
111 10
112 9
113 10
114 11
115 12
116 12
117 10
118 8
119 9
120 7
121 11
122 9
123 9
124 10
125 8
126 10
127 8
128 10
129 9
130 9
131 9
132 10
133 6
134 9
135 9
136 7
137 7
138 9
139 9
140 8
141 8
142 9
143 11
144 9
145 8
146 9
147 8
148 8
149 9
150 8
151 9
152 8
153 9
154 12
155 11
156 10
157 11
158 8
159 7
160 8
161 7
162 10
163 9
164 7
165 8
166 11
167 9
168 9
169 12
170 10
171 11
172 9
173 10
174 10
175 8
176 9
177 10
178 8
179 11
180 10
181 12
182 9
183 11
184 8
185 10
186 8
187 10
188 9
189 9
190 8
191 9
192 10
193 11
194 10
195 8
196 7
197 7
198 10
199 9
200 9
201 9
202 7
203 9
204 11
205 5
206 9
207 8
208 9
209 8
210 7
211 4
212 8
213 7
214 9
215 8
216 7
217 12
218 8
219 12
220 11
221 8
222 7
223 9
224 10
225 9
226 10
227 8
228 10
229 12
230 9
231 8
232 8
233 7
234 9
235 9
236 7
237 11
238 8
239 9
240 9
241 7
242 11
243 6
244 12
245 11
246 10
247 9
248 8
249 9
250 8
251 7
252 7
253 10
254 11
255 9
256 10
257 8
258 10
259 8
260 11
261 8
262 6
263 10
264 11
265 7
266 11
267 8
268 8
269 10
270 10
271 7
272 11
273 8
274 12
275 10
276 9
277 6
278 9
279 9
280 9
281 10
282 8
283 8
284 7
285 9
286 9
287 8
288 8
289 7
290 11
291 7
292 8
293 8
294 7
295 10
296 8
297 7
298 12
299 9
300 9
301 11
302 7
303 9
304 8
305 11
306 10
307 8
308 10
309 11
310 9
311 6
312 9
313 7
314 8
315 9
316 11
317 9
318 11
319 10
320 6
321 5
322 8
323 7
324 9
325 10
326 8
327 9
328 7
329 5
330 6
331 4
332 9
333 10
334 6
335 6
336 6
337 9
338 6
339 9
340 8
341 8
342 7
343 8
344 9
345 10
346 11
347 6
348 10
349 8
350 6
351 7
352 8
353 6
354 11
355 8
356 8
357 9
358 10
359 7
360 8
361 6
362 7
363 10
364 7
365 9
366 5
367 9
368 7
369 10
370 8
371 11
372 10
373 8
374 8
375 10
376 7
377 8
378 8
379 5
380 8
381 8
382 6
383 9
384 10
385 5
386 7
387 7
388 8
389 8
390 8
391 8
392 6
393 10
394 9
395 10
396 4
397 7
398 7
399 7
400 9
401 9
402 9
403 7
404 7
405 9
406 7
407 7
408 8
409 5
410 7
411 9
412 6
413 10
414 5
415 6
416 5
417 7
418 6
419 7
420 9
421 7
422 8
423 5
424 7
425 7
426 7
427 7
428 5
429 7
430 9
431 8
432 8
433 8
434 9
435 8
436 10
437 11
438 10
439 6
440 9
441 10
442 6
443 9
444 12
445 9
446 6
447 7
448 11
449 10
450 10
451 10
452 6
453 9
454 5
455 9
456 7
457 8
458 10
459 9
460 7
461 7
462 9
463 9
464 8
465 7
466 7
467 7
468 7
469 12
470 8
471 6
472 10
473 7
474 9
475 8
476 5
477 10
478 10
479 8
480 7
481 8
482 8
483 7
484 7
485 8
486 8
487 6
488 6
489 8
490 9
491 8
492 7
493 9
494 7
495 11
496 8
497 8
498 5
499 8
500 10
501 8
502 10
503 10
504 8
505 9
506 9
507 10
508 8
509 9
510 7
511 8
512 8
513 10
514 8
515 8
516 6
517 9
518 13
519 9
520 7
521 6
522 11
523 8
524 7
525 10
526 7
527 6
528 8
529 9
530 8
531 11
532 11
533 11
534 9
535 11
536 12
537 9
538 8
539 9
540 11
541 11
542 10
543 8
544 10
545 11
546 6
547 7
548 8
549 10
550 6
551 8
552 10
553 9
554 10
555 8
556 9
557 7
558 7
559 12
560 8
561 8
562 9
563 10
564 9
565 10
566 8
567 9
568 7
569 8
570 9
571 7
572 10
573 10
574 7
575 11
576 8
577 8
578 11
579 8
580 9
581 8
582 9
583 10
584 11
585 7
586 9
587 11
588 9
589 9
590 9
591 9
592 11
593 9
594 11
595 9
596 10
597 9
598 9
599 11
600 12
601 7
602 10
603 10
604 10
605 13
606 9
607 10
608 10
609 11
610 11
611 8
612 9
613 12
614 10
615 11
616 11
617 9
618 9
619 10
620 10
621 13
622 12
623 12
624 8
625 12
626 10
627 11
628 10
629 11
630 10
631 9
632 12
633 11
634 10
635 8
636 10
637 8
638 8
639 10
640 9
641 7
642 9
643 7
644 7
645 13
646 8
647 8
648 9
649 12
650 8
651 9
652 9
653 8
654 9
655 7
656 10
657 11
658 11
659 9
660 8
661 9
662 8
663 12
664 11
665 12
666 11
667 9
668 10
669 7
670 7
671 11
672 10
673 9
674 10
675 9
676 6
677 8
678 10
679 9
680 12
681 10
682 12
683 8
684 10
685 11
686 9
687 8
688 9
689 11
690 10
691 13
692 11
693 9
694 9
695 8
696 11
697 8
698 7
699 9
700 9
701 11
702 8
703 10
704 8
705 11
706 10
707 8
708 10
709 9
710 6
711 9
712 8
713 8
714 8
715 12
716 10
717 13
718 6
719 10
720 8
721 8
722 12
723 9
724 6
725 11
726 9
727 8
728 8
729 7
730 9
731 9
732 7
733 7
734 8
735 10
736 8
737 6
738 7
739 9
740 7
741 12
742 6
743 6
744 8
745 10
746 10
747 8
748 9
749 9
750 10
751 9
752 9
753 7
754 7
755 11
756 7
757 8
758 10
759 11
760 8
761 8
762 7
763 10
764 8
765 13
766 11
767 11
768 8
769 11
770 6
771 10
772 7
773 9
774 7
775 10
776 11
777 11
778 11
779 10
780 10
781 8
782 10
783 9
784 10
785 8
786 10
787 6
788 8
789 9
790 7
791 8
792 8
793 8
794 11
795 7
796 7
797 10
798 9
799 9
800 9
801 9
802 11
803 8
804 9
805 8
806 9
807 8
808 8
809 6
810 7
811 8
812 10
813 9
814 9
815 10
816 10
817 11
818 9
819 10
820 8
821 10
822 9
823 12
824 9
825 10
826 12
827 8
828 6
829 11
830 10
831 10
832 11
833 12
834 9
835 9
836 10
837 8
838 8
839 7
840 8
841 8
842 7
843 10
844 7
845 8
846 9
847 7
848 7
849 6
850 9
851 7
852 8
853 6
854 9
855 9
856 6
857 12
858 11
859 8
860 8
861 9
862 8
863 11
864 7
865 6
866 8
867 7
868 9
869 7
870 11
871 14
872 10
873 8
874 8
875 8
876 9
877 11
878 7
879 8
880 6
881 8
882 8
883 8
884 9
885 11
886 6
887 6
888 11
889 8
890 8
891 9
892 10
893 7
894 9
895 9
896 12
897 10
898 9
899 9
900 6
901 10
902 11
903 11
904 8
905 9
906 10
907 8
908 6
909 10
910 10
911 11
912 8
913 11
914 4
915 6
916 9
917 10
918 8
919 7
920 6
921 8
922 9
923 7
924 7
925 9
926 9
927 8
928 10
929 9
930 8
931 10
932 10
933 10
934 10
935 8
936 7
937 8
938 11
939 10
940 6
941 9
942 9
943 8
944 8
945 8
946 9
947 7
948 8
949 9
950 10
951 10
952 9
953 9
954 9
955 8
956 9
957 12
958 11
959 8
960 10
961 9
962 7
963 9
964 9
965 7
966 8
967 11
968 8
969 9
970 7
971 10
972 8
973 10
974 9
975 9
976 9
977 10
978 13
979 12
980 11
981 10
982 10
983 10
984 11
985 12
986 9
987 12
988 10
989 10
990 10
991 13
992 6
993 8
994 10
995 8
996 9
997 9
998 11
999 7
1000 7
1001 10
0 12
1 12
2 13
3 13
4 9
5 12
6 10
7 10
8 12
9 11
10 8
11 10
12 11
13 9
14 8
15 9
16 11
17 11
18 9
19 10
20 10
21 9
22 8
23 11
24 12
25 11
26 13
27 9
28 11
29 10
30 11
31 10
32 11
33 10
34 12
35 12
36 11
37 11
38 9
39 8
40 9
41 9
42 10
43 9
44 9
45 8
46 12
47 9
48 10
49 9
50 12
51 8
52 9
53 11
54 9
55 10
56 11
57 10
58 11
59 10
60 10
61 11
62 11
63 13
64 12
65 10
66 11
67 10
68 8
69 9
70 9
71 8
72 11
73 9
74 8
75 13
76 8
77 12
78 10
79 11
80 12
81 9
82 11
83 10
84 10
85 14
86 8
87 10
88 13
89 9
90 11
91 11
92 12
93 9
94 8
95 9
96 10
97 13
98 10
99 8
100 8
101 11
102 6
103 11
104 8
105 10
106 10
107 7
108 11
109 10
110 12
111 14
112 11
113 10
114 9
115 10
116 11
117 7
118 8
119 10
120 11
121 12
122 10
123 9
124 9
125 11
126 11
127 11
128 10
129 13
130 11
131 9
132 10
133 11
134 11
135 8
136 11
137 12
138 10
139 10
140 9
141 12
142 13
143 12
144 9
145 13
146 9
147 7
148 11
149 12
150 13
151 10
152 9
153 9
154 13
155 8
156 10
157 10
158 11
159 10
160 10
161 10
162 9
163 11
164 9
165 10
166 10
167 11
168 13
169 9
170 8
171 8
172 9
173 10
174 9
175 13
176 13
177 10
178 11
179 11
180 8
181 10
182 9
183 9
184 9
185 7
186 10
187 10
188 10
189 11
190 10
191 9
192 10
193 8
194 9
195 11
196 12
197 13
198 9
199 9
200 9
201 7
202 10
203 9
204 10
205 9
206 11
207 9
208 11
209 9
210 11
211 9
212 13
213 10
214 10
215 11
216 10
217 8
218 8
219 9
220 11
221 10
222 11
223 9
224 10
225 11
226 10
227 9
228 9
229 10
230 9
231 10
232 9
233 7
234 9
235 10
236 9
237 11
238 6
239 9
240 10
241 10
242 6
243 9
244 8
245 7
246 8
247 8
248 7
249 7
250 10
251 5
252 9
253 7
254 8
255 7
256 8
257 8
258 10
259 11
260 6
261 8
262 6
263 9
264 9
265 7
266 9
267 9
268 7
269 8
270 10
271 7
272 9
273 10
274 7
275 5
276 11
277 8
278 8
279 10
280 10
281 7
282 8
283 10
284 9
285 6
286 9
287 11
288 8
289 9
290 9
291 8
292 7
293 7
294 7
295 7
296 10
297 5
298 10
299 7
300 9
301 6
302 9
303 8
304 9
305 7
306 7
307 8
308 11
309 9
310 8
311 8
312 9
313 8
314 11
315 9
316 10
317 8
318 7
319 6
320 9
321 8
322 7
323 7
324 9
325 7
326 10
327 9
328 9
329 11
330 8
331 7
332 11
333 8
334 8
335 9
336 8
337 7
338 8
339 9
340 9
341 10
342 7
343 7
344 9
345 10
346 7
347 7
348 11
349 11
350 10
351 10
352 8
353 10
354 7
355 10
356 8
357 8
358 7
359 6
360 7
361 7
362 7
363 8
364 7
365 10
366 9
367 8
368 8
369 8
370 6
371 9
372 8
373 9
374 10
375 7
376 9
377 8
378 9
379 10
380 10
381 8
382 9
383 7
384 11
385 6
386 8
387 9
388 6
389 13
390 9
391 7
392 9
393 12
394 12
395 7
396 7
397 8
398 9
399 7
400 7
401 6
402 10
403 8
404 7
405 9
406 8
407 8
408 8
409 9
410 8
411 10
412 7
413 9
414 7
415 5
416 9
417 8
418 7
419 9
420 9
421 10
422 8
423 10
424 6
425 10
426 10
427 8
428 7
429 9
430 9
431 8
432 7
433 7
434 9
435 8
436 8
437 7
438 7
439 8
440 9
441 8
442 8
443 10
444 8
445 9
446 9
447 11
448 10
449 10
450 11
451 8
452 9
453 9
454 13
455 7
456 10
457 7
458 6
459 8
460 8
461 8
462 9
463 9
464 9
465 10
466 9
467 12
468 8
469 7
470 9
471 8
472 8
473 9
474 9
475 8
476 7
477 7
478 6
479 9
480 7
481 9
482 9
483 8
484 6
485 10
486 11
487 8
488 8
489 6
490 10
491 7
492 7
493 9
494 8
495 9
496 8
497 9
498 10
499 10
500 10
501 10
502 6
503 10
504 8
505 9
506 10
507 8
508 9
509 7
510 9
511 7
512 8
513 9
514 8
515 7
516 9
517 6
518 7
519 11
520 8
521 9
522 9
523 9
524 6
525 8
526 7
527 10
528 7
529 8
530 7
531 9
532 6
533 8
534 8
535 6
536 12
537 12
538 9
539 8
540 7
541 9
542 10
543 9
544 6
545 9
546 9
547 8
548 8
549 8
550 8
551 9
552 11
553 10
554 9
555 9
556 9
557 8
558 9
559 7
560 7
561 8
562 7
563 8
564 10
565 9
566 7
567 7
568 9
569 8
570 8
571 8
572 10
573 8
574 10
575 8
576 9
577 7
578 7
579 9
580 9
581 8
582 7
583 9
584 10
585 9
586 8
587 8
588 8
589 6
590 8
591 10
592 8
593 9
594 9
595 9
596 9
597 6
598 9
599 8
600 7
601 11
602 7
603 8
604 9
605 9
606 11
607 7
608 7
609 10
610 6
611 8
612 8
613 7
614 7
615 6
616 7
617 9
618 6
619 9
620 6
621 10
622 6
623 8
624 7
625 6
626 8
627 6
628 9
629 10
630 5
631 9
632 9
633 9
634 8
635 8
636 11
637 6
638 7
639 9
640 6
641 10
642 10
643 8
644 7
645 8
646 5
647 7
648 8
649 9
650 8
651 11
652 6
653 9
654 8
655 8
656 10
657 8
658 7
659 7
660 9
661 8
662 9
663 8
664 6
665 6
666 7
667 6
668 8
669 9
670 7
671 6
672 10
673 7
674 6
675 8
676 6
677 6
678 7
679 8
680 8
681 8
682 6
683 9
684 6
685 8
686 6
687 9
688 9
689 7
690 8
691 8
692 7
693 6
694 7
695 8
696 8
697 9
698 9
699 11
700 9
701 8
702 8
703 7
704 8
705 7
706 7
707 7
708 9
709 7
710 8
711 8
712 7
713 7
714 9
715 9
716 9
717 9
718 9
719 7
720 6
721 8
722 8
723 5
724 7
725 6
726 7
727 8
728 5
729 4
730 7
731 7
732 4
733 7
734 7
735 7
736 5
737 7
738 8
739 5
740 4
741 4
742 6
743 8
744 7
745 6
746 10
747 7
748 8
749 6
750 9
751 8
752 8
753 8
754 7
755 8
756 8
757 7
758 7
759 8
760 9
761 7
762 9
763 9
764 8
765 8
766 7
767 9
768 8
769 4
770 6
771 8
772 4
773 9
774 7
775 8
776 7
777 7
778 9
779 5
780 5
781 5
782 5
783 7
784 9
785 8
786 8
787 8
788 6
789 6
790 4
791 7
792 7
793 4
794 6
795 7
796 10
797 6
798 7
799 10
800 5
801 10
802 7
803 10
804 7
805 10
806 6
807 8
808 9
809 11
810 7
811 7
812 7
813 12
814 9
815 10
816 7
817 7
818 8
819 5
820 8
821 9
822 7
823 8
824 8
825 7
826 7
827 8
828 8
829 7
830 7
831 5
832 10
833 6
834 8
835 9
836 8
837 9
838 7
839 9
840 9
841 8
842 6
843 7
844 5
845 8
846 6
847 8
848 9
849 8
850 9
851 8
852 8
853 8
854 7
855 5
856 8
857 5
858 6
859 7
860 6
861 8
862 7
863 8
864 10
865 7
866 6
867 6
868 4
869 9
870 10
871 11
872 7
873 7
874 6
875 9
876 5
877 5
878 6
879 8
880 5
881 7
882 9
883 6
884 6
885 8
886 8
887 7
888 6
889 6
890 7
891 6
892 6
893 6
894 8
895 7
896 8
897 8
898 9
899 8
900 8
901 9
902 6
903 7
904 6
905 9
906 9
907 8
908 7
909 8
910 8
911 8
912 8
913 9
914 7
915 8
916 10
917 6
918 9
919 6
920 6
921 11
922 9
923 8
924 7
925 6
926 8
927 7
928 6
929 8
930 10
931 6
932 9
933 9
934 10
935 6
936 7
937 8
938 8
939 9
940 7
941 7
942 8
943 7
944 7
945 6
946 8
947 8
948 6
949 6
950 7
951 7
952 5
953 6
954 7
955 8
956 8
957 7
958 6
959 9
960 5
961 7
962 7
963 6
964 5
965 5
966 6
967 7
968 5
969 9
970 6
971 8
972 8
973 6
974 5
975 6
976 7
977 7
978 8
979 6
980 5
981 7
982 7
983 7
984 6
985 9
986 7
987 9
988 6
989 8
990 5
991 8
992 7
993 6
994 5
995 7
996 4
997 8
998 8
999 8
1000 8
1001 5
0 10
1 10
2 12
3 6
4 10
5 8
6 8
7 5
8 9
9 11
10 10
11 10
12 11
13 8
14 11
15 8
16 13
17 14
18 11
19 9
20 12
21 10
22 11
23 10
24 11
25 10
26 10
27 10
28 8
29 6
30 11
31 7
32 11
33 11
34 8
35 9
36 10
37 7
38 7
39 12
40 9
41 10
42 8
43 9
44 8
45 10
46 9
47 8
48 10
49 7
50 8
51 9
52 11
53 10
54 12
55 11
56 12
57 12
58 11
59 9
60 11
61 10
62 11
63 8
64 8
65 9
66 9
67 10
68 6
69 10
70 8
71 12
72 10
73 9
74 8
75 11
76 8
77 9
78 10
79 10
80 11
81 9
82 12
83 9
84 10
85 13
86 6
87 9
88 12
89 10
90 11
91 13
92 11
93 9
94 8
95 9
96 11
97 14
98 10
99 8
100 8
101 8
102 9
103 9
104 10
105 10
106 9
107 9
108 8
109 9
110 9
111 10
112 12
113 7
114 7
115 10
116 11
117 8
118 9
119 8
120 12
121 13
122 9
123 13
124 11
125 13
126 11
127 10
128 8
129 11
130 11
131 10
132 14
133 11
134 9
135 9
136 11
137 11
138 13
139 9
140 11
141 8
142 8
143 9
144 12
145 12
146 11
147 14
148 11
149 11
150 11
151 9
152 10
153 13
154 9
155 17
156 13
157 10
158 13
159 13
160 9
161 10
162 11
163 12
164 10
165 11
166 13
167 11
168 11
169 11
170 10
171 12
172 13
173 10
174 16
175 8
176 12
177 11
178 11
179 12
180 10
181 11
182 10
183 12
184 12
185 9
186 11
187 11
188 14
189 8
190 9
191 9
192 9
193 11
194 8
195 11
196 11
197 11
198 9
199 8
200 9
201 11
202 7
203 13
204 9
205 7
206 13
207 12
208 12
209 8
210 10
211 10
212 13
213 10
214 11
215 11
216 11
217 10
218 12
219 12
220 11
221 10
222 12
223 11
224 12
225 10
226 10
227 12
228 11
229 12
230 11
231 10
232 8
233 12
234 11
235 12
236 9
237 12
238 13
239 9
240 12
241 12
242 11
243 11
244 13
245 10
246 12
247 12
248 11
249 10
250 11
251 11
252 10
253 12
254 10
255 10
256 11
257 14
258 11
259 10
260 12
261 11
262 10
263 10
264 9
265 11
266 10
267 12
268 10
269 8
270 8
271 8
272 10
273 9
274 8
275 10
276 9
277 7
278 10
279 8
280 7
281 11
282 9
283 9
284 11
285 12
286 8
287 11
288 9
289 8
290 9
291 10
292 9
293 11
294 13
295 14
296 9
297 13
298 9
299 11
300 13
301 10
302 9
303 12
304 11
305 10
306 9
307 14
308 9
309 11
310 10
311 10
312 8
313 10
314 10
315 10
316 10
317 8
318 10
319 8
320 12
321 10
322 9
323 12
324 10
325 12
326 9
327 5
328 9
329 8
330 14
331 11
332 14
333 9
334 9
335 12
336 8
337 10
338 11
339 11
340 10
341 10
342 8
343 11
344 10
345 10
346 10
347 10
348 8
349 10
350 10
351 11
352 10
353 11
354 13
355 12
356 10
357 11
358 9
359 11
360 10
361 12
362 13
363 8
364 8
365 14
366 8
367 11
368 8
369 10
370 8
371 9
372 11
373 8
374 9
375 9
376 10
377 11
378 7
379 10
380 11
381 11
382 8
383 14
384 10
385 11
386 11
387 9
388 9
389 9
390 12
391 11
392 11
393 11
394 11
395 8
396 11
397 12
398 8
399 10
400 12
401 9
402 9
403 14
404 10
405 11
406 10
407 8
408 11
409 8
410 10
411 11
412 15
413 9
414 8
415 11
416 9
417 11
418 11
419 10
420 10
421 10
422 8
423 11
424 9
425 9
426 10
427 11
428 9
429 9
430 9
431 11
432 11
433 10
434 10
435 9
436 13
437 10
438 10
439 12
440 12
441 12
442 11
443 12
444 9
445 10
446 9
447 12
448 9
449 11
450 12
451 10
452 10
453 12
454 11
455 6
456 11
457 9
458 9
459 10
460 11
461 10
462 12
463 9
464 10
465 11
466 8
467 11
468 10
469 11
470 11
471 12
472 11
473 8
474 11
475 11
476 10
477 12
478 10
479 12
480 7
481 9
482 11
483 8
484 11
485 12
486 9
487 10
488 8
489 9
490 9
491 8
492 10
493 11
494 10
495 12
496 10
497 11
498 8
499 9
500 12
501 12
502 11
503 11
504 8
505 12
506 9
507 9
508 9
509 10
510 12
511 9
512 11
513 9
514 12
515 11
516 12
517 10
518 12
519 12
520 12
521 14
522 10
523 11
524 13
525 14
526 10
527 10
528 12
529 9
530 12
531 9
532 10
533 10
534 9
535 9
536 9
537 10
538 7
539 14
540 12
541 9
542 10
543 13
544 12
545 11
546 10
547 10
548 9
549 7
550 12
551 10
552 12
553 10
554 12
555 10
556 10
557 14
558 11
559 13
560 9
561 11
562 10
563 10
564 7
565 9
566 11
567 13
568 8
569 11
570 11
571 11
572 9
573 13
574 10
575 8
576 11
577 12
578 12
579 10
580 11
581 9
582 12
583 10
584 6
585 10
586 12
587 9
588 13
589 13
590 9
591 13
592 12
593 13
594 13
595 8
596 11
597 12
598 10
599 11
600 12
601 11
602 9
603 11
604 11
605 12
606 11
607 11
608 10
609 11
610 10
611 13
612 12
613 11
614 13
615 12
616 11
617 12
618 13
619 11
620 10
621 10
622 11
623 11
624 9
625 13
626 10
627 11
628 11
629 9
630 7
631 10
632 8
633 7
634 13
635 8
636 13
637 10
638 9
639 8
640 10
641 9
642 12
643 8
644 11
645 13
646 10
647 8
648 7
649 9
650 6
651 10
652 9
653 6
654 11
655 9
656 9
657 8
658 10
659 10
660 9
661 10
662 7
663 11
664 9
665 9
666 8
667 9
668 10
669 11
670 8
671 10
672 11
673 10
674 10
675 14
676 11
677 11
678 11
679 10
680 8
681 11
682 10
683 11
684 11
685 13
686 9
687 12
688 11
689 12
690 11
691 13
692 11
693 10
694 10
695 11
696 11
697 11
698 12
699 11
700 10
701 11
702 10
703 11
704 10
705 10
706 10
707 9
708 10
709 11
710 9
711 8
712 8
713 11
714 11
715 11
716 9
717 9
718 11
719 12
720 11
721 10
722 10
723 10
724 12
725 10
726 11
727 11
728 11
729 11
730 9
731 11
732 11
733 10
734 11
735 8
736 10
737 11
738 13
739 12
740 8
741 13
742 8
743 11
744 10
745 11
746 13
747 11
748 11
749 12
750 9
751 9
752 10
753 12
754 10
755 10
756 11
757 9
758 11
759 9
760 11
761 11
762 10
763 11
764 9
765 10
766 11
767 13
768 7
769 11
770 10
771 14
772 9
773 12
774 11
775 14
776 11
777 11
778 10
779 9
780 11
781 16
782 12
783 9
784 13
785 13
786 12
787 11
788 10
789 10
790 11
791 10
792 12
793 10
794 13
795 8
796 8
797 9
798 12
799 10
800 10
801 11
802 12
803 8
804 10
805 10
806 11
807 12
808 10
809 11
810 10
811 11
812 12
813 11
814 11
815 12
816 12
817 10
818 10
819 13
820 9
821 12
822 10
823 11
824 13
825 10
826 12
827 7
828 13
829 13
830 15
831 13
832 12
833 10
834 10
835 11
836 8
837 10
838 7
839 13
840 13
841 8
842 11
843 8
844 11
845 14
846 14
847 10
848 13
849 10
850 10
851 10
852 11
853 12
854 11
855 13
856 11
857 11
858 9
859 10
860 11
861 11
862 14
863 13
864 12
865 10
866 11
867 7
868 8
869 12
870 11
871 11
872 10
873 9
874 12
875 12
876 10
877 12
878 8
879 8
880 11
881 8
882 10
883 11
884 11
885 7
886 8
887 8
888 8
889 11
890 8
891 11
892 8
893 9
894 10
895 8
896 9
897 7
898 9
899 8
900 11
901 12
902 11
903 12
904 8
905 7
906 10
907 8
908 9
909 10
910 11
911 9
912 12
913 10
914 10
915 11
916 11
917 10
918 13
919 6
920 11
921 11
922 14
923 7
924 11
925 8
926 10
927 9
928 10
929 10
930 8
931 12
932 10
933 11
934 10
935 11
936 10
937 8
938 10
939 14
940 8
941 11
942 7
943 9
944 11
945 9
946 8
947 10
948 10
949 12
950 10
951 11
952 7
953 11
954 9
955 11
956 11
957 10
958 10
959 9
960 10
961 9
962 10
963 11
964 9
965 8
966 10
967 11
968 12
969 12
970 11
971 12
972 10
973 11
974 8
975 7
976 11
977 12
978 8
979 9
980 10
981 11
982 7
983 8
984 8
985 9
986 10
987 12
988 6
989 9
990 10
991 10
992 7
993 6
994 10
995 8
996 7
997 12
998 10
999 10
1000 6
1001 8
0 9
1 9
2 8
3 10
4 9
5 9
6 8
7 7
8 6
9 12
10 6
11 9
12 8
13 10
14 10
15 11
16 5
17 9
18 8
19 11
20 9
21 10
22 9
23 8
24 11
25 8
26 9
27 10
28 9
29 9
30 10
31 10
32 8
33 9
34 7
35 9
36 7
37 9
38 9
39 9
40 9
41 8
42 7
43 7
44 9
45 7
46 9
47 9
48 10
49 6
50 9
51 8
52 10
53 9
54 8
55 8
56 8
57 10
58 9
59 7
60 10
61 6
62 11
63 3
64 8
65 10
66 10
67 10
68 11
69 9
70 9
71 8
72 9
73 8
74 11
75 10
76 9
77 15
78 8
79 10
80 9
81 8
82 9
83 8
84 9
85 10
86 10
87 10
88 7
89 6
90 8
91 8
92 10
93 6
94 8
95 9
96 8
97 8
98 11
99 7
100 9
101 8
102 8
103 8
104 10
105 10
106 10
107 4
108 7
109 9
110 8
111 10
112 10
113 10
114 10
115 7
116 8
117 9
118 8
119 11
120 8
121 9
122 8
123 10
124 7
125 10
126 8
127 9
128 9
129 6
130 10
131 9
132 4
133 4
134 8
135 6
136 6
137 7
138 9
139 8
140 8
141 10
142 7
143 8
144 9
145 5
146 10
147 11
148 8
149 6
150 8
151 7
152 9
153 6
154 9
155 10
156 10
157 10
158 7
159 9
160 6
161 7
162 10
163 6
164 5
165 6
166 10
167 11
168 10
169 8
170 7
171 8
172 8
173 9
174 10
175 7
176 6
177 10
178 7
179 8
180 6
181 8
182 8
183 7
184 8
185 8
186 8
187 6
188 6
189 8
190 7
191 6
192 11
193 8
194 7
195 5
196 6
197 9
198 10
199 9
200 6
201 11
202 9
203 8
204 10
205 8
206 8
207 9
208 6
209 7
210 10
211 9
212 9
213 10
214 8
215 8
216 8
217 5
218 8
219 8
220 9
221 7
222 7
223 5
224 8
225 9
226 5
227 8
228 6
229 8
230 9
231 6
232 7
233 8
234 6
235 7
236 9
237 6
238 9
239 9
240 8
241 6
242 7
243 7
244 9
245 4
246 6
247 8
248 6
249 7
250 6
251 6
252 9
253 5
254 5
255 4
256 5
257 7
258 9
259 7
260 6
261 9
262 7
263 6
264 7
265 3
266 5
267 5
268 7
269 8
270 6
271 6
272 7
273 6
274 7
275 9
276 7
277 8
278 8
279 8
280 8
281 4
282 7
283 10
284 8
285 9
286 7
287 13
288 11
289 9
290 12
291 11
292 11
293 7
294 11
295 5
296 10
297 10
298 8
299 8
300 7
301 7
302 10
303 9
304 9
305 11
306 10
307 8
308 9
309 9
310 12
311 8
312 7
313 9
314 9
315 7
316 10
317 10
318 11
319 5
320 7
321 10
322 7
323 8
324 14
325 7
326 12
327 11
328 8
329 8
330 9
331 7
332 9
333 7
334 10
335 7
336 8
337 9
338 8
339 8
340 8
341 6
342 8
343 9
344 6
345 8
346 5
347 8
348 6
349 10
350 7
351 7
352 7
353 9
354 7
355 5
356 10
357 9
358 10
359 8
360 11
361 7
362 7
363 9
364 8
365 7
366 6
367 9
368 10
369 7
370 6
371 7
372 8
373 8
374 9
375 9
376 8
377 7
378 9
379 9
380 6
381 9
382 9
383 6
384 6
385 6
386 5
387 6
388 8
389 6
390 9
391 6
392 6
393 8
394 9
395 8
396 9
397 10
398 7
399 10
400 6
401 5
402 8
403 9
404 8
405 7
406 10
407 9
408 4
409 8
410 4
411 12
412 8
413 10
414 8
415 9
416 8
417 7
418 8
419 9
420 8
421 6
422 8
423 9
424 8
425 10
426 9
427 7
428 7
429 11
430 9
431 9
432 8
433 8
434 8
435 8
436 9
437 10
438 6
439 9
440 9
441 9
442 9
443 12
444 11
445 9
446 5
447 8
448 9
449 6
450 7
451 8
452 5
453 7
454 7
455 8
456 7
457 8
458 8
459 5
460 9
461 8
462 9
463 8
464 12
465 11
466 11
467 7
468 10
469 10
470 8
471 9
472 9
473 10
474 8
475 7
476 10
477 9
478 11
479 9
480 9
481 8
482 8
483 8
484 8
485 8
486 7
487 8
488 10
489 8
490 8
491 7
492 10
493 6
494 9
495 10
496 12
497 8
498 9
499 9
500 10
501 8
502 9
503 13
504 10
505 11
506 10
507 10
508 9
509 10
510 9
511 10
512 10
513 9
514 9
515 10
516 6
517 8
518 10
519 9
520 8
521 8
522 9
523 9
524 8
525 11
526 9
527 6
528 8
529 11
530 8
531 13
532 9
533 9
534 7
535 9
536 9
537 9
538 12
539 8
540 12
541 8
542 7
543 8
544 7
545 8
546 9
547 12
548 10
549 10
550 11
551 6
552 7
553 9
554 8
555 14
556 11
557 11
558 7
559 8
560 9
561 10
562 10
563 8
564 6
565 9
566 10
567 8
568 9
569 11
570 8
571 10
572 9
573 8
574 8
575 10
576 6
577 7
578 6
579 8
580 8
581 7
582 10
583 8
584 9
585 9
586 11
587 7
588 6
589 10
590 6
591 11
592 9
593 11
594 7
595 10
596 8
597 9
598 10
599 11
600 12
601 10
602 11
603 10
604 12
605 8
606 9
607 15
608 12
609 6
610 9
611 10
612 10
613 5
614 8
615 11
616 7
617 9
618 10
619 9
620 9
621 9
622 10
623 10
624 9
625 8
626 9
627 12
628 8
629 8
630 9
631 8
632 8
633 9
634 8
635 8
636 12
637 10
638 7
639 9
640 7
641 9
642 7
643 7
644 8
645 10
646 10
647 9
648 9
649 8
650 11
651 7
652 11
653 10
654 10
655 9
656 9
657 10
658 10
659 11
660 9
661 7
662 11
663 6
664 6
665 6
666 9
667 11
668 11
669 11
670 8
671 7
672 11
673 11
674 8
675 7
676 11
677 9
678 9
679 8
680 12
681 9
682 7
683 10
684 11
685 9
686 9
687 11
688 9
689 11
690 9
691 9
692 9
693 10
694 11
695 9
696 11
697 11
698 10
699 6
700 7
701 10
702 9
703 10
704 8
705 8
706 10
707 8
708 8
709 12
710 10
711 8
712 9
713 13
714 6
715 8
716 11
717 9
718 7
719 9
720 10
721 11
722 7
723 11
724 8
725 8
726 5
727 9
728 12
729 10
730 10
731 10
732 9
733 11
734 8
735 6
736 6
737 10
738 8
739 8
740 5
741 7
742 10
743 9
744 8
745 9
746 7
747 8
748 7
749 8
750 8
751 10
752 9
753 7
754 8
755 9
756 8
757 9
758 7
759 11
760 9
761 8
762 9
763 7
764 14
765 8
766 9
767 9
768 9
769 9
770 8
771 9
772 12
773 8
774 10
775 9
776 12
777 8
778 9
779 11
780 10
781 13
782 7
783 11
784 11
785 12
786 10
787 11
788 8
789 13
790 10
791 8
792 10
793 8
794 11
795 9
796 9
797 12
798 8
799 13
800 12
801 10
802 11
803 12
804 12
805 10
806 12
807 10
808 10
809 6
810 10
811 11
812 10
813 8
814 7
815 10
816 10
817 6
818 10
819 11
820 10
821 8
822 11
823 8
824 12
825 7
826 7
827 12
828 11
829 7
830 11
831 9
832 12
833 6
834 7
835 8
836 10
837 11
838 11
839 11
840 12
841 12
842 9
843 7
844 9
845 11
846 10
847 11
848 10
849 12
850 12
851 10
852 12
853 8
854 12
855 10
856 9
857 10
858 8
859 9
860 11
861 11
862 9
863 11
864 7
865 9
866 9
867 10
868 8
869 8
870 8
871 6
872 10
873 12
874 8
875 12
876 11
877 7
878 8
879 10
880 9
881 10
882 8
883 10
884 12
885 12
886 12
887 8
888 4
889 10
890 11
891 9
892 10
893 13
894 11
895 11
896 11
897 12
898 11
899 11
900 8
901 11
902 13
903 9
904 13
905 12
906 10
907 9
908 11
909 9
910 11
911 8
912 12
913 11
914 11
915 9
916 9
917 10
918 11
919 10
920 8
921 10
922 11
923 10
924 10
925 7
926 11
927 6
928 10
929 11
930 10
931 7
932 10
933 8
934 8
935 11
936 11
937 13
938 10
939 10
940 11
941 11
942 12
943 11
944 9
945 10
946 11
947 9
948 10
949 13
950 13
951 13
952 10
953 7
954 9
955 9
956 12
957 13
958 10
959 9
960 11
961 12
962 11
963 13
964 10
965 7
966 9
967 11
968 12
969 11
970 8
971 9
972 9
973 13
974 11
975 11
976 10
977 12
978 10
979 9
980 8
981 11
982 10
983 8
984 11
985 9
986 13
987 10
988 13
989 12
990 13
991 11
992 10
993 10
994 10
995 11
996 9
997 14
998 11
999 8
1000 13
1001 13
0 8
1 8
2 9
3 10
4 5
5 7
6 7
7 7
8 5
9 9
10 7
11 6
12 6
13 8
14 8
15 7
16 8
17 8
18 6
19 10
20 10
21 9
22 8
23 7
24 7
25 9
26 6
27 12
28 8
29 11
30 10
31 8
32 9
33 9
34 7
35 6
36 8
37 6
38 8
39 7
40 5
41 9
42 9
43 8
44 6
45 4
46 8
47 9
48 7
49 6
50 7
51 5
52 9
53 8
54 7
55 5
56 8
57 8
58 5
59 7
60 6
61 6
62 4
63 8
64 8
65 7
66 6
67 8
68 6
69 6
70 6
71 4
72 7
73 9
74 3
75 7
76 5
77 9
78 6
79 8
80 4
81 9
82 4
83 6
84 3
85 4
86 7
87 5
88 6
89 6
90 7
91 7
92 5
93 8
94 6
95 7
96 7
97 6
98 7
99 5
100 7
101 4
102 8
103 6
104 6
105 8
106 10
107 9
108 6
109 7
110 8
111 8
112 8
113 6
114 7
115 7
116 6
117 7
118 5
119 6
120 5
121 7
122 6
123 5
124 4
125 7
126 4
127 6
128 6
129 6
130 8
131 6
132 6
133 9
134 8
135 7
136 10
137 9
138 8
139 6
140 4
141 9
142 8
143 9
144 7
145 6
146 7
147 5
148 9
149 8
150 11
151 7
152 8
153 7
154 7
155 5
156 7
157 6
158 10
159 8
160 7
161 8
162 5
163 4
164 6
165 4
166 5
167 7
168 5
169 4
170 5
171 2
172 4
173 7
174 7
175 7
176 5
177 3
178 9
179 4
180 6
181 4
182 6
183 7
184 4
185 8
186 7
187 7
188 5
189 6
190 6
191 4
192 6
193 6
194 6
195 6
196 8
197 6
198 4
199 9
200 8
201 4
202 5
203 4
204 5
205 6
206 6
207 4
208 4
209 5
210 7
211 5
212 8
213 5
214 5
215 7
216 8
217 7
218 3
219 6
220 8
221 7
222 7
223 4
224 6
225 9
226 7
227 4
228 7
229 5
230 6
231 8
232 6
233 6
234 5
235 9
236 6
237 6
238 7
239 6
240 8
241 7
242 6
243 7
244 7
245 9
246 4
247 6
248 7
249 4
250 7
251 7
252 5
253 7
254 5
255 5
256 7
257 8
258 9
259 4
260 3
261 5
262 6
263 8
264 4
265 5
266 8
267 9
268 6
269 9
270 8
271 7
272 9
273 6
274 8
275 7
276 7
277 7
278 7
279 6
280 6
281 6
282 9
283 8
284 4
285 6
286 8
287 6
288 6
289 6
290 5
291 5
292 5
293 5
294 4
295 7
296 5
297 5
298 4
299 7
300 6
301 7
302 6
303 3
304 8
305 8
306 5
307 5
308 6
309 10
310 5
311 5
312 7
313 7
314 7
315 9
316 9
317 5
318 8
319 9
320 8
321 6
322 10
323 11
324 9
325 10
326 8
327 7
328 7
329 6
330 7
331 6
332 5
333 5
334 8
335 9
336 8
337 8
338 7
339 4
340 6
341 6
342 8
343 4
344 4
345 7
346 6
347 6
348 8
349 6
350 9
351 9
352 9
353 7
354 6
355 8
356 8
357 8
358 9
359 6
360 9
361 9
362 6
363 7
364 10
365 9
366 5
367 7
368 9
369 9
370 9
371 8
372 7
373 10
374 6
375 8
376 9
377 8
378 7
379 4
380 6
381 7
382 5
383 9
384 4
385 5
386 7
387 5
388 9
389 5
390 7
391 6
392 7
393 7
394 6
395 6
396 3
397 6
398 6
399 9
400 7
401 5
402 6
403 4
404 5
405 6
406 8
407 8
408 7
409 6
410 7
411 7
412 6
413 5
414 8
415 8
416 5
417 6
418 7
419 7
420 8
421 6
422 5
423 6
424 4
425 3
426 6
427 4
428 5
429 6
430 6
431 7
432 8
433 6
434 5
435 8
436 6
437 7
438 7
439 7
440 5
441 7
442 7
443 7
444 5
445 5
446 5
447 9
448 4
449 5
450 5
451 7
452 7
453 7
454 4
455 8
456 7
457 4
458 7
459 3
460 7
461 8
462 6
463 8
464 9
465 4
466 9
467 5
468 8
469 6
470 5
471 6
472 7
473 5
474 5
475 7
476 9
477 7
478 7
479 8
480 8
481 6
482 7
483 7
484 9
485 7
486 5
487 6
488 7
489 4
490 6
491 5
492 8
493 5
494 10
495 9
496 5
497 8
498 6
499 8
500 6
501 7
502 5
503 8
504 5
505 6
506 5
507 7
508 7
509 7
510 4
511 5
512 6
513 6
514 11
515 5
516 7
517 5
518 7
519 9
520 5
521 8
522 8
523 7
524 10
525 6
526 9
527 6
528 5
529 9
530 6
531 5
532 5
533 6
534 8
535 7
536 7
537 5
538 7
539 5
540 8
541 6
542 7
543 6
544 5
545 9
546 8
547 8
548 7
549 9
550 6
551 10
552 8
553 6
554 7
555 6
556 6
557 8
558 4
559 6
560 8
561 7
562 7
563 11
564 6
565 7
566 9
567 9
568 7
569 5
570 4
571 9
572 8
573 8
574 8
575 7
576 6
577 5
578 5
579 7
580 9
581 9
582 6
583 8
584 6
585 11
586 5
587 9
588 6
589 5
590 8
591 8
592 5
593 7
594 7
595 5
596 7
597 6
598 5
599 9
600 6
601 9
602 7
603 8
604 7
605 10
606 6
607 8
608 6
609 6
610 8
611 7
612 8
613 8
614 6
615 6
616 6
617 8
618 8
619 7
620 11
621 10
622 8
623 9
624 7
625 6
626 8
627 9
628 5
629 7
630 10
631 7
632 7
633 6
634 7
635 7
636 11
637 6
638 8
639 7
640 8
641 9
642 5
643 7
644 8
645 4
646 6
647 9
648 5
649 14
650 9
651 7
652 8
653 9
654 8
655 7
656 6
657 8
658 7
659 8
660 6
661 8
662 8
663 10
664 6
665 7
666 6
667 10
668 9
669 8
670 8
671 7
672 10
673 5
674 7
675 10
676 5
677 7
678 6
679 10
680 6
681 4
682 7
683 6
684 6
685 7
686 6
687 9
688 5
689 7
690 6
691 5
692 4
693 6
694 6
695 7
696 7
697 7
698 3
699 8
700 4
701 6
702 5
703 5
704 6
705 5
706 7
707 6
708 8
709 5
710 4
711 6
712 10
713 6
714 8
715 9
716 6
717 8
718 6
719 8
720 6
721 6
722 7
723 8
724 7
725 9
726 9
727 7
728 7
729 7
730 9
731 6
732 5
733 7
734 7
735 10
736 10
737 8
738 11
739 8
740 9
741 10
742 8
743 9
744 7
745 8
746 8
747 9
748 9
749 12
750 8
751 12
752 7
753 6
754 8
755 7
756 7
757 9
758 8
759 8
760 4
761 7
762 6
763 10
764 7
765 9
766 8
767 7
768 8
769 9
770 10
771 7
772 8
773 8
774 7
775 9
776 9
777 9
778 6
779 7
780 9
781 7
782 10
783 7
784 5
785 9
786 6
787 7
788 10
789 7
790 9
791 9
792 8
793 7
794 8
795 7
796 9
797 9
798 8
799 8
800 10
801 7
802 5
803 9
804 6
805 5
806 7
807 6
808 5
809 6
810 12
811 7
812 7
813 10
814 8
815 9
816 7
817 8
818 8
819 6
820 7
821 9
822 6
823 6
824 8
825 8
826 7
827 5
828 8
829 6
830 11
831 6
832 8
833 8
834 6
835 7
836 7
837 11
838 5
839 6
840 6
841 7
842 7
843 5
844 7
845 6
846 6
847 7
848 9
849 5
850 6
851 7
852 4
853 5
854 7
855 7
856 9
857 6
858 8
859 7
860 8
861 8
862 8
863 8
864 6
865 5
866 9
867 5
868 9
869 8
870 4
871 6
872 8
873 10
874 8
875 8
876 5
877 7
878 7
879 10
880 7
881 7
882 7
883 9
884 8
885 9
886 9
887 5
888 6
889 7
890 10
891 6
892 8
893 9
894 8
895 7
896 7
897 7
898 9
899 10
900 7
901 6
902 7
903 7
904 7
905 4
906 8
907 5
908 8
909 7
910 5
911 8
912 5
913 5
914 5
915 6
916 9
917 7
918 8
919 9
920 7
921 8
922 6
923 7
924 7
925 7
926 4
927 8
928 5
929 7
930 5
931 6
932 6
933 9
934 6
935 5
936 5
937 5
938 9
939 6
940 7
941 7
942 7
943 5
944 8
945 9
946 5
947 7
948 7
949 7
950 7
951 4
952 5
953 4
954 4
955 6
956 7
957 7
958 8
959 4
960 9
961 9
962 8
963 8
964 10
965 10
966 7
967 9
968 10
969 5
970 10
971 10
972 7
973 11
974 9
975 13
976 10
977 7
978 9
979 8
980 7
981 7
982 10
983 9
984 8
985 8
986 7
987 10
988 7
989 8
990 9
991 8
992 7
993 7
994 7
995 9
996 8
997 6
998 5
999 8
1000 7
1001 6
0 10
1 10
2 11
3 11
4 13
5 12
6 10
7 12
8 10
9 10
10 13
11 12
12 11
13 8
14 9
15 11
16 8
17 12
18 8
19 8
20 10
21 9
22 12
23 9
24 13
25 10
26 12
27 10
28 9
29 8
30 11
31 13
32 8
33 11
34 7
35 11
36 10
37 14
38 10
39 10
40 13
41 12
42 12
43 13
44 11
45 11
46 11
47 13
48 12
49 11
50 9
51 9
52 10
53 11
54 10
55 9
56 10
57 14
58 12
59 10
60 10
61 10
62 13
63 11
64 12
65 10
66 9
67 10
68 8
69 10
70 12
71 12
72 13
73 10
74 11
75 12
76 13
77 10
78 11
79 9
80 9
81 9
82 11
83 10
84 14
85 9
86 8
87 10
88 12
89 11
90 13
91 9
92 12
93 11
94 9
95 7
96 8
97 7
98 12
99 10
100 11
101 11
102 9
103 13
104 10
105 10
106 11
107 10
108 9
109 11
110 10
111 9
112 8
113 12
114 10
115 11
116 10
117 11
118 7
119 14
120 11
121 9
122 11
123 10
124 12
125 10
126 11
127 9
128 11
129 11
130 8
131 8
132 7
133 9
134 8
135 11
136 7
137 6
138 9
139 11
140 11
141 8
142 9
143 10
144 10
145 15
146 10
147 11
148 13
149 11
150 9
151 10
152 9
153 10
154 9
155 10
156 9
157 11
158 11
159 11
160 9
161 12
162 12
163 12
164 7
165 9
166 7
167 9
168 10
169 8
170 10
171 11
172 8
173 10
174 11
175 10
176 10
177 7
178 13
179 10
180 9
181 6
182 8
183 11
184 10
185 8
186 12
187 7
188 10
189 8
190 8
191 9
192 10
193 5
194 8
195 8
196 10
197 11
198 10
199 7
200 6
201 11
202 6
203 7
204 13
205 10
206 9
207 8
208 9
209 8
210 10
211 13
212 10
213 8
214 9
215 6
216 9
217 12
218 7
219 6
220 10
221 11
222 9
223 7
224 8
225 8
226 9
227 8
228 11
229 10
230 8
231 7
232 10
233 5
234 7
235 10
236 7
237 10
238 9
239 10
240 7
241 7
242 7
243 6
244 10
245 9
246 10
247 9
248 10
249 12
250 12
251 11
252 9
253 12
254 9
255 9
256 11
257 10
258 9
259 9
260 7
261 9
262 9
263 11
264 9
265 5
266 7
267 10
268 8
269 10
270 13
271 9
272 8
273 7
274 11
275 11
276 9
277 10
278 14
279 10
280 11
281 10
282 6
283 10
284 9
285 7
286 12
287 7
288 11
289 9
290 8
291 7
292 10
293 8
294 11
295 12
296 11
297 12
298 9
299 9
300 12
301 12
302 8
303 11
304 10
305 10
306 11
307 12
308 9
309 9
310 9
311 10
312 10
313 8
314 10
315 14
316 11
317 9
318 10
319 11
320 9
321 12
322 8
323 11
324 11
325 12
326 8
327 10
328 9
329 9
330 13
331 8
332 12
333 12
334 10
335 7
336 10
337 10
338 11
339 11
340 7
341 11
342 10
343 12
344 8
345 9
346 7
347 11
348 9
349 12
350 10
351 8
352 14
353 9
354 11
355 9
356 10
357 11
358 7
359 9
360 11
361 11
362 11
363 7
364 8
365 9
366 11
367 10
368 10
369 9
370 9
371 11
372 10
373 8
374 10
375 9
376 10
377 10
378 10
379 10
380 9
381 10
382 9
383 11
384 12
385 8
386 12
387 10
388 6
389 12
390 8
391 7
392 11
393 9
394 10
395 11
396 7
397 9
398 6
399 12
400 10
401 8
402 11
403 12
404 11
405 10
406 10
407 9
408 9
409 10
410 7
411 12
412 7
413 9
414 8
415 9
416 9
417 11
418 10
419 13
420 6
421 8
422 10
423 12
424 13
425 11
426 12
427 10
428 10
429 10
430 10
431 9
432 10
433 12
434 10
435 10
436 9
437 8
438 13
439 8
440 8
441 9
442 13
443 9
444 9
445 10
446 9
447 10
448 12
449 9
450 11
451 11
452 10
453 6
454 9
455 8
456 8
457 12
458 12
459 10
460 8
461 9
462 12
463 10
464 12
465 8
466 9
467 10
468 10
469 9
470 10
471 8
472 8
473 9
474 10
475 7
476 13
477 7
478 8
479 10
480 11
481 10
482 9
483 9
484 11
485 8
486 11
487 8
488 11
489 12
490 9
491 10
492 11
493 9
494 10
495 7
496 9
497 9
498 10
499 10
500 11
501 12
502 8
503 8
504 9
505 10
506 8
507 8
508 10
509 9
510 11
511 11
512 10
513 11
514 11
515 9
516 9
517 11
518 10
519 12
520 10
521 11
522 9
523 10
524 10
525 13
526 8
527 9
528 11
529 10
530 8
531 12
532 11
533 11
534 14
535 10
536 10
537 9
538 10
539 9
540 4
541 8
542 10
543 10
544 10
545 8
546 12
547 7
548 9
549 7
550 8
551 10
552 7
553 7
554 10
555 12
556 10
557 10
558 8
559 7
560 12
561 12
562 12
563 12
564 11
565 10
566 11
567 10
568 11
569 9
570 11
571 10
572 11
573 7
574 9
575 9
576 9
577 9
578 9
579 11
580 9
581 9
582 11
583 10
584 9
585 13
586 10
587 7
588 11
589 9
590 11
591 10
592 9
593 10
594 8
595 9
596 13
597 11
598 12
599 6
600 11
601 9
602 7
603 15
604 7
605 9
606 11
607 7
608 13
609 12
610 8
611 8
612 10
613 9
614 9
615 10
616 12
617 9
618 9
619 10
620 8
621 12
622 9
623 9
624 10
625 11
626 6
627 12
628 11
629 11
630 8
631 10
632 9
633 8
634 8
635 12
636 12
637 10
638 8
639 9
640 10
641 6
642 11
643 8
644 10
645 11
646 12
647 9
648 10
649 10
650 11
651 9
652 9
653 11
654 11
655 12
656 8
657 12
658 10
659 11
660 10
661 10
662 8
663 11
664 11
665 12
666 8
667 7
668 9
669 10
670 12
671 11
672 13
673 9
674 11
675 11
676 7
677 11
678 9
679 11
680 10
681 11
682 10
683 9
684 10
685 15
686 10
687 9
688 12
689 11
690 8
691 11
692 9
693 8
694 11
695 10
696 12
697 10
698 8
699 11
700 10
701 11
702 11
703 8
704 6
705 11
706 10
707 8
708 13
709 12
710 11
711 11
712 11
713 9
714 9
715 8
716 12
717 10
718 8
719 12
720 9
721 9
722 9
723 11
724 12
725 8
726 10
727 12
728 8
729 9
730 7
731 7
732 11
733 11
734 9
735 8
736 11
737 11
738 11
739 11
740 7
741 8
742 9
743 9
744 9
745 11
746 10
747 9
748 14
749 11
750 10
751 10
752 8
753 9
754 6
755 8
756 12
757 13
758 9
759 12
760 11
761 11
762 8
763 10
764 10
765 8
766 9
767 9
768 9
769 9
770 9
771 7
772 11
773 8
774 8
775 10
776 10
777 8
778 11
779 7
780 8
781 9
782 8
783 8
784 10
785 7
786 9
787 9
788 11
789 12
790 8
791 10
792 9
793 6
794 9
795 10
796 10
797 10
798 12
799 12
800 11
801 10
802 11
803 9
804 9
805 8
806 9
807 10
808 8
809 10
810 8
811 8
812 11
813 7
814 7
815 12
816 9
817 11
818 10
819 10
820 10
821 11
822 9
823 9
824 6
825 10
826 9
827 10
828 10
829 11
830 6
831 9
832 10
833 9
834 10
835 12
836 8
837 13
838 13
839 11
840 9
841 11
842 11
843 7
844 11
845 10
846 11
847 7
848 10
849 10
850 8
851 10
852 9
853 9
854 10
855 8
856 9
857 9
858 10
859 9
860 7
861 9
862 12
863 12
864 11
865 9
866 12
867 9
868 12
869 9
870 13
871 8
872 8
873 9
874 9
875 12
876 8
877 10
878 7
879 8
880 7
881 9
882 11
883 9
884 5
885 13
886 8
887 11
888 8
889 9
890 6
891 10
892 12
893 9
894 11
895 13
896 10
897 11
898 11
899 10
900 8
901 11
902 8
903 8
904 9
905 10
906 8
907 9
908 6
909 11
910 9
911 7
912 11
913 10
914 8
915 11
916 11
917 9
918 10
919 9
920 11
921 8
922 11
923 8
924 9
925 12
926 12
927 8
928 10
929 11
930 8
931 10
932 12
933 8
934 9
935 10
936 10
937 9
938 10
939 13
940 9
941 13
942 7
943 12
944 10
945 11
946 9
947 9
948 13
949 8
950 13
951 11
952 12
953 11
954 11
955 15
956 8
957 10
958 12
959 12
960 13
961 10
962 9
963 8
964 6
965 12
966 12
967 10
968 8
969 8
970 10
971 10
972 10
973 11
974 12
975 7
976 10
977 9
978 12
979 11
980 10
981 12
982 13
983 10
984 12
985 9
986 10
987 11
988 13
989 7
990 10
991 10
992 10
993 11
994 10
995 13
996 13
997 12
998 7
999 11
1000 6
1001 8
