0 5
1 5
2 4
3 5
4 5
5 5
6 5
7 3
8 5
9 5
10 4
11 4
12 5
13 6
14 5
15 5
16 4
17 4
18 5
19 5
20 6
21 3
22 5
23 4
24 4
25 6
26 4
27 4
28 4
29 3
30 5
31 4
32 4
33 4
34 5
35 4
36 6
37 6
38 4
39 6
40 5
41 5
42 5
43 5
44 4
45 5
46 5
47 5
48 4
49 5
50 5
51 5
52 6
53 5
54 5
55 5
56 4
57 4
58 4
59 6
60 4
61 6
62 6
63 7
64 5
65 6
66 4
67 6
68 5
69 6
70 7
71 4
72 5
73 5
74 6
75 5
76 4
77 6
78 5
79 5
80 5
81 6
82 5
83 5
84 4
85 5
86 6
87 4
88 5
89 5
90 4
91 4
92 4
93 5
94 5
95 5
96 3
97 4
98 5
99 6
100 5
101 6
102 5
103 6
104 3
105 5
106 6
107 5
108 4
109 5
110 5
111 4
112 6
113 6
114 5
115 6
116 5
117 5
118 5
119 4
120 6
121 5
122 4
123 7
124 5
125 4
126 5
127 5
128 5
129 5
130 5
131 5
132 4
133 6
134 4
135 4
136 5
137 6
138 7
139 5
140 6
141 3
142 4
143 3
144 5
145 5
146 6
147 5
148 4
149 5
150 4
151 6
152 4
153 4
154 7
155 5
156 6
157 3
158 2
159 4
160 4
161 3
162 4
163 3
164 5
165 7
166 7
167 4
168 5
169 3
170 6
171 5
172 5
173 6
174 5
175 5
176 3
177 5
178 3
179 4
180 4
181 6
182 6
183 5
184 5
185 6
186 4
187 4
188 2
189 4
190 4
191 4
192 3
193 3
194 3
195 4
196 4
197 3
198 5
199 4
200 3
201 3
202 3
203 1
204 2
205 3
206 4
207 5
208 3
209 3
210 3
211 3
212 6
213 4
214 4
215 3
216 5
217 4
218 4
219 5
220 3
221 4
222 4
223 5
224 3
225 4
226 6
227 4
228 4
229 3
230 4
231 4
232 5
233 5
234 5
235 6
236 5
237 3
238 6
239 4
240 4
241 4
242 3
243 3
244 4
245 4
246 2
247 5
248 3
249 2
250 5
251 4
252 3
253 5
254 5
255 6
256 4
257 5
258 1
259 6
260 4
261 3
262 5
263 4
264 4
265 6
266 2
267 6
268 4
269 4
270 2
271 3
272 5
273 4
274 3
275 4
276 3
277 5
278 5
279 4
280 4
281 4
282 4
283 3
284 5
285 4
286 4
287 5
288 6
289 6
290 5
291 4
292 4
293 8
294 3
295 4
296 6
297 8
298 5
299 4
300 5
301 3
302 3
303 5
304 4
305 6
306 3
307 5
308 4
309 4
310 6
311 7
312 4
313 5
314 5
315 6
316 5
317 6
318 5
319 5
320 3
321 6
322 7
323 4
324 6
325 5
326 5
327 4
328 3
329 5
330 5
331 3
332 3
333 8
334 5
335 3
336 5
337 5
338 5
339 6
340 4
341 5
342 6
343 5
344 5
345 5
346 4
347 5
348 5
349 5
350 5
351 3
352 4
353 2
354 4
355 4
356 4
357 3
358 4
359 4
360 3
361 4
362 2
363 5
364 7
365 6
366 3
367 3
368 4
369 4
370 6
371 2
372 4
373 4
374 4
375 3
376 5
377 5
378 3
379 3
380 4
381 3
382 4
383 4
384 3
385 6
386 4
387 5
388 6
389 5
390 4
391 4
392 3
393 3
394 4
395 4
396 4
397 4
398 4
399 2
400 3
401 4
402 3
403 6
404 5
405 4
406 3
407 2
408 3
409 3
410 5
411 2
412 3
413 5
414 3
415 6
416 4
417 4
418 2
419 4
420 4
421 5
422 3
423 4
424 5
425 4
426 4
427 4
428 4
429 5
430 3
431 5
432 4
433 5
434 5
435 3
436 5
437 3
438 4
439 3
440 4
441 5
442 4
443 4
444 3
445 4
446 2
447 3
448 5
449 4
450 5
451 3
452 2
453 3
454 2
455 3
456 2
457 5
458 4
459 5
460 4
461 5
462 4
463 2
464 2
465 3
466 4
467 4
468 2
469 3
470 4
471 4
472 5
473 4
474 4
475 4
476 2
477 3
478 3
479 3
480 6
481 6
482 4
483 4
484 5
485 5
486 4
487 3
488 2
489 5
490 4
491 5
492 5
493 4
494 4
495 5
496 3
497 5
498 3
499 4
500 5
501 2
502 4
503 5
504 4
505 2
506 4
507 3
508 1
509 3
510 5
511 4
512 5
513 3
514 4
515 4
516 5
517 5
518 6
519 5
520 4
521 4
522 5
523 4
524 5
525 6
526 4
527 3
528 5
529 5
530 4
531 3
532 4
533 3
534 5
535 3
536 5
537 4
538 6
539 5
540 3
541 6
542 6
543 4
544 3
545 5
546 4
547 2
548 4
549 5
550 3
551 2
552 3
553 5
554 5
555 3
556 4
557 5
558 3
559 2
560 3
561 4
562 4
563 5
564 4
565 4
566 5
567 6
568 4
569 5
570 6
571 4
572 4
573 3
574 3
575 4
576 4
577 4
578 4
579 4
580 5
581 6
582 4
583 4
584 3
585 1
586 3
587 4
588 4
589 3
590 3
591 5
592 4
593 4
594 5
595 5
596 4
597 3
598 5
599 4
600 3
601 5
602 3
603 4
604 1
605 6
606 5
607 3
608 3
609 5
610 4
611 4
612 2
613 4
614 4
615 5
616 4
617 3
618 5
619 4
620 4
621 4
622 5
623 4
624 4
625 3
626 3
627 4
628 5
629 4
630 5
631 4
632 4
633 4
634 4
635 3
636 4
637 5
638 2
639 4
640 4
641 3
642 3
643 3
644 4
645 3
646 1
647 4
648 4
649 4
650 4
651 5
652 4
653 4
654 4
655 4
656 5
657 5
658 4
659 5
660 5
661 4
662 5
663 5
664 4
665 5
666 3
667 4
668 4
669 4
670 5
671 3
672 4
673 3
674 3
675 3
676 4
677 3
678 1
679 3
680 4
681 3
682 4
683 4
684 3
685 4
686 3
687 4
688 3
689 5
690 4
691 3
692 3
693 3
694 5
695 2
696 4
697 3
698 4
699 5
700 4
701 5
702 4
703 5
704 5
705 5
706 4
707 5
708 4
709 3
710 4
711 5
712 2
713 3
714 4
715 4
716 4
717 3
718 3
719 3
720 4
721 3
722 4
723 5
724 4
725 3
726 5
727 3
728 3
729 3
730 2
731 2
732 2
733 3
734 3
735 4
736 5
737 5
738 5
739 4
740 5
741 4
742 5
743 3
744 5
745 4
746 4
747 5
748 2
749 6
750 5
751 5
752 4
753 4
754 3
755 4
756 4
757 4
758 5
759 4
760 5
761 5
762 4
763 5
764 4
765 5
766 3
767 4
768 1
769 3
770 4
771 5
772 4
773 4
774 3
775 6
776 5
777 4
778 5
779 3
780 5
781 5
782 5
783 3
784 5
785 4
786 3
787 5
788 4
789 3
790 4
791 4
792 4
793 4
794 3
795 3
796 4
797 5
798 5
799 4
800 3
801 4
802 3
803 3
804 4
805 5
806 4
807 2
808 4
809 6
810 6
811 4
812 4
813 4
814 3
815 4
816 3
817 3
818 4
819 5
820 4
821 4
822 4
823 4
824 4
825 3
826 4
827 5
828 2
829 3
830 4
831 3
832 4
833 5
834 3
835 3
836 5
837 4
838 4
839 5
840 5
841 4
842 5
843 4
844 4
845 5
846 4
847 4
848 4
849 3
850 6
851 2
852 4
853 5
854 5
855 5
856 4
857 5
858 3
859 4
860 2
861 3
862 5
863 6
864 4
865 4
866 5
867 6
868 4
869 4
870 4
871 4
872 4
873 3
874 3
875 5
876 3
877 5
878 4
879 4
880 4
881 2
882 5
883 5
884 4
885 5
886 5
887 4
888 2
889 3
890 2
891 6
892 5
893 5
894 4
895 5
896 4
897 3
898 3
899 4
900 5
901 6
902 6
903 6
904 4
905 5
906 4
907 4
908 4
909 4
910 4
911 4
912 5
913 4
914 5
915 4
916 6
917 4
918 7
919 7
920 4
921 4
922 5
923 3
924 4
925 6
926 5
927 4
928 5
929 4
930 5
931 4
932 5
933 4
934 4
935 4
936 4
937 5
938 4
939 3
940 3
941 5
942 4
943 4
944 5
945 4
946 3
947 2
948 4
949 4
950 5
951 5
952 5
953 4
954 6
955 5
956 4
957 4
958 5
959 5
960 4
961 4
962 5
963 5
964 3
965 4
966 6
967 3
968 3
969 4
970 5
971 3
972 4
973 4
974 5
975 2
976 5
977 3
978 3
979 5
980 6
981 3
982 5
983 4
984 4
985 4
986 5
987 4
988 3
989 4
990 4
991 5
992 5
993 3
994 2
995 4
996 3
997 6
998 4
999 4
1000 5
1001 3
0 3
1 3
2 2
3 3
4 4
5 2
6 2
7 2
8 3
9 2
10 2
11 3
12 3
13 3
14 4
15 4
16 2
17 3
18 3
19 2
20 2
21 3
22 2
23 2
24 3
25 3
26 4
27 2
28 4
29 2
30 5
31 2
32 3
33 3
34 2
35 5
36 4
37 4
38 1
39 4
40 5
41 5
42 4
43 3
44 3
45 4
46 4
47 6
48 4
49 4
50 3
51 4
52 4
53 2
54 3
55 3
56 1
57 3
58 2
59 3
60 3
61 2
62 3
63 3
64 2
65 2
66 1
67 2
68 3
69 4
70 3
71 3
72 1
73 5
74 2
75 2
76 2
77 2
78 5
79 4
80 6
81 3
82 4
83 3
84 3
85 3
86 4
87 5
88 3
89 3
90 5
91 2
92 3
93 1
94 4
95 3
96 3
97 3
98 4
99 5
100 5
101 4
102 4
103 5
104 3
105 5
106 5
107 4
108 5
109 4
110 4
111 5
112 4
113 4
114 3
115 3
116 3
117 5
118 5
119 4
120 4
121 5
122 6
123 4
124 3
125 3
126 3
127 4
128 3
129 3
130 3
131 4
132 4
133 3
134 3
135 4
136 4
137 3
138 5
139 3
140 4
141 3
142 1
143 3
144 3
145 4
146 3
147 3
148 4
149 4
150 6
151 3
152 3
153 3
154 3
155 5
156 3
157 3
158 3
159 4
160 2
161 3
162 4
163 4
164 4
165 5
166 2
167 5
168 5
169 3
170 3
171 4
172 3
173 1
174 3
175 2
176 2
177 3
178 3
179 3
180 3
181 2
182 2
183 3
184 3
185 2
186 4
187 3
188 3
189 5
190 3
191 3
192 3
193 3
194 3
195 3
196 2
197 2
198 3
199 2
200 3
201 4
202 3
203 2
204 4
205 3
206 2
207 2
208 3
209 3
210 2
211 3
212 2
213 3
214 3
215 2
216 2
217 2
218 2
219 2
220 3
221 4
222 2
223 3
224 2
225 2
226 2
227 2
228 2
229 3
230 3
231 2
232 2
233 3
234 2
235 2
236 2
237 2
238 3
239 2
240 2
241 3
242 3
243 2
244 4
245 3
246 3
247 3
248 1
249 3
250 3
251 4
252 3
253 1
254 3
255 3
256 3
257 4
258 4
259 3
260 2
261 4
262 3
263 3
264 2
265 2
266 3
267 2
268 3
269 3
270 3
271 2
272 2
273 3
274 3
275 2
276 1
277 2
278 3
279 4
280 2
281 3
282 2
283 3
284 2
285 1
286 3
287 2
288 4
289 2
290 3
291 4
292 4
293 3
294 3
295 3
296 2
297 1
298 2
299 1
300 2
301 3
302 1
303 3
304 2
305 2
306 1
307 2
308 2
309 3
310 1
311 2
312 2
313 1
314 1
315 3
316 2
317 2
318 1
319 1
320 2
321 1
322 1
323 3
324 2
325 2
326 2
327 1
328 2
329 1
330 2
331 3
332 1
333 2
334 2
335 1
336 0
337 2
338 3
339 2
340 2
341 2
342 2
343 2
344 2
345 2
346 2
347 2
348 2
349 2
350 1
351 2
352 2
353 1
354 2
355 2
356 2
357 2
358 2
359 2
360 2
361 2
362 2
363 2
364 2
365 3
366 2
367 1
368 1
369 3
370 2
371 2
372 1
373 2
374 2
375 1
376 2
377 2
378 1
379 1
380 3
381 1
382 2
383 2
384 3
385 1
386 1
387 2
388 2
389 1
390 2
391 1
392 2
393 3
394 2
395 2
396 2
397 1
398 2
399 2
400 2
401 2
402 2
403 1
404 1
405 3
406 2
407 1
408 2
409 2
410 2
411 1
412 2
413 2
414 3
415 2
416 3
417 2
418 2
419 3
420 2
421 2
422 2
423 2
424 2
425 2
426 2
427 0
428 2
429 2
430 2
431 1
432 2
433 3
434 2
435 2
436 3
437 1
438 2
439 2
440 2
441 2
442 2
443 2
444 2
445 2
446 2
447 2
448 2
449 1
450 2
451 4
452 3
453 2
454 2
455 2
456 2
457 2
458 2
459 1
460 1
461 1
462 2
463 2
464 2
465 2
466 2
467 2
468 1
469 2
470 2
471 1
472 2
473 3
474 2
475 1
476 1
477 1
478 2
479 2
480 3
481 2
482 1
483 1
484 2
485 2
486 2
487 1
488 2
489 1
490 4
491 2
492 2
493 3
494 1
495 2
496 2
497 2
498 2
499 1
500 2
501 2
502 1
503 2
504 2
505 2
506 2
507 2
508 1
509 2
510 2
511 2
512 2
513 1
514 3
515 3
516 2
517 1
518 2
519 2
520 1
521 1
522 2
523 1
524 2
525 2
526 2
527 2
528 1
529 1
530 2
531 2
532 2
533 3
534 2
535 1
536 2
537 1
538 1
539 2
540 2
541 2
542 0
543 2
544 2
545 2
546 2
547 2
548 2
549 3
550 2
551 1
552 1
553 2
554 1
555 1
556 3
557 2
558 2
559 1
560 2
561 2
562 2
563 2
564 2
565 1
566 2
567 2
568 2
569 1
570 2
571 2
572 2
573 2
574 3
575 3
576 2
577 2
578 1
579 2
580 2
581 2
582 2
583 2
584 2
585 2
586 2
587 3
588 2
589 2
590 2
591 2
592 3
593 2
594 3
595 2
596 1
597 2
598 2
599 2
600 2
601 2
602 2
603 2
604 3
605 0
606 2
607 4
608 1
609 1
610 2
611 2
612 3
613 2
614 2
615 2
616 3
617 2
618 1
619 2
620 2
621 2
622 2
623 1
624 1
625 3
626 3
627 2
628 1
629 3
630 2
631 3
632 2
633 2
634 2
635 1
636 1
637 2
638 2
639 2
640 2
641 2
642 2
643 1
644 2
645 2
646 3
647 3
648 2
649 2
650 2
651 2
652 2
653 2
654 2
655 2
656 2
657 2
658 2
659 3
660 2
661 1
662 1
663 3
664 2
665 1
666 3
667 1
668 2
669 2
670 2
671 1
672 2
673 2
674 2
675 2
676 2
677 2
678 2
679 2
680 2
681 2
682 3
683 2
684 2
685 2
686 2
687 2
688 2
689 2
690 1
691 2
692 1
693 2
694 2
695 2
696 2
697 3
698 2
699 0
700 2
701 1
702 2
703 2
704 1
705 1
706 2
707 2
708 2
709 2
710 1
711 2
712 2
713 2
714 2
715 1
716 1
717 1
718 0
719 2
720 2
721 3
722 2
723 2
724 1
725 2
726 0
727 2
728 2
729 2
730 4
731 3
732 1
733 2
734 1
735 4
736 2
737 1
738 2
739 1
740 2
741 2
742 2
743 2
744 1
745 2
746 2
747 2
748 1
749 2
750 1
751 2
752 2
753 2
754 2
755 3
756 1
757 2
758 2
759 2
760 1
761 2
762 2
763 2
764 0
765 3
766 0
767 2
768 2
769 2
770 2
771 1
772 3
773 2
774 2
775 2
776 1
777 2
778 2
779 1
780 2
781 2
782 2
783 3
784 2
785 2
786 2
787 2
788 2
789 2
790 3
791 1
792 1
793 2
794 2
795 4
796 2
797 2
798 2
799 2
800 2
801 2
802 1
803 2
804 2
805 3
806 4
807 2
808 2
809 2
810 2
811 0
812 2
813 2
814 2
815 3
816 2
817 2
818 2
819 2
820 1
821 1
822 2
823 2
824 2
825 1
826 2
827 2
828 2
829 2
830 2
831 2
832 1
833 2
834 2
835 2
836 2
837 2
838 2
839 0
840 3
841 3
842 2
843 2
844 2
845 1
846 1
847 1
848 2
849 2
850 2
851 2
852 3
853 1
854 3
855 2
856 4
857 2
858 2
859 1
860 2
861 2
862 2
863 1
864 2
865 2
866 2
867 2
868 2
869 2
870 1
871 1
872 2
873 2
874 3
875 3
876 1
877 2
878 3
879 2
880 2
881 2
882 2
883 2
884 1
885 2
886 2
887 3
888 1
889 2
890 2
891 1
892 2
893 2
894 3
895 1
896 2
897 1
898 2
899 1
900 2
901 3
902 2
903 2
904 1
905 1
906 0
907 2
908 1
909 1
910 1
911 0
912 0
913 0
914 0
915 2
916 2
917 1
918 1
919 3
920 3
921 2
922 2
923 2
924 2
925 1
926 1
927 2
928 2
929 2
930 2
931 2
932 2
933 1
934 2
935 2
936 2
937 1
938 0
939 2
940 3
941 2
942 2
943 2
944 2
945 2
946 1
947 2
948 1
949 1
950 2
951 2
952 1
953 1
954 2
955 2
956 2
957 2
958 3
959 1
960 2
961 3
962 1
963 3
964 2
965 2
966 2
967 2
968 2
969 2
970 2
971 2
972 2
973 3
974 0
975 3
976 3
977 2
978 3
979 2
980 2
981 2
982 2
983 1
984 1
985 3
986 1
987 1
988 2
989 2
990 1
991 1
992 1
993 1
994 1
995 1
996 1
997 1
998 2
999 1
1000 1
1001 1
0 4
1 4
2 2
3 2
4 2
5 2
6 2
7 1
8 1
9 2
10 2
11 3
12 2
13 3
14 2
15 3
16 2
17 3
18 2
19 2
20 2
21 3
22 3
23 3
24 2
25 2
26 1
27 2
28 1
29 3
30 3
31 3
32 2
33 3
34 1
35 3
36 3
37 1
38 3
39 3
40 1
41 2
42 0
43 2
44 2
45 1
46 2
47 1
48 2
49 2
50 1
51 3
52 2
53 2
54 4
55 2
56 2
57 0
58 3
59 3
60 3
61 3
62 4
63 2
64 2
65 2
66 3
67 3
68 3
69 3
70 3
71 0
72 3
73 3
74 3
75 1
76 2
77 1
78 2
79 2
80 2
81 1
82 2
83 2
84 1
85 2
86 1
87 3
88 1
89 3
90 1
91 2
92 1
93 1
94 2
95 2
96 1
97 1
98 2
99 1
100 2
101 2
102 2
103 0
104 1
105 2
106 1
107 1
108 1
109 1
110 1
111 2
112 3
113 1
114 2
115 2
116 1
117 2
118 2
119 1
120 1
121 2
122 2
123 2
124 3
125 1
126 2
127 2
128 1
129 1
130 2
131 1
132 3
133 1
134 2
135 2
136 1
137 1
138 1
139 1
140 0
141 3
142 3
143 3
144 3
145 2
146 2
147 2
148 3
149 3
150 3
151 3
152 1
153 3
154 3
155 3
156 3
157 2
158 3
159 3
160 3
161 2
162 2
163 3
164 4
165 1
166 2
167 3
168 3
169 0
170 1
171 3
172 3
173 3
174 1
175 2
176 1
177 2
178 2
179 3
180 3
181 2
182 0
183 2
184 3
185 1
186 3
187 1
188 2
189 2
190 1
191 2
192 1
193 1
194 2
195 1
196 2
197 2
198 2
199 2
200 0
201 0
202 1
203 3
204 2
205 3
206 3
207 3
208 3
209 2
210 1
211 2
212 2
213 2
214 2
215 1
216 1
217 2
218 2
219 1
220 2
221 2
222 0
223 2
224 2
225 1
226 2
227 2
228 2
229 2
230 1
231 1
232 2
233 2
234 2
235 2
236 1
237 2
238 1
239 2
240 3
241 2
242 2
243 1
244 2
245 2
246 2
247 2
248 1
249 3
250 3
251 2
252 2
253 2
254 1
255 1
256 1
257 1
258 2
259 2
260 1
261 2
262 2
263 1
264 2
265 2
266 2
267 2
268 3
269 3
270 2
271 0
272 2
273 0
274 2
275 3
276 3
277 2
278 3
279 3
280 3
281 1
282 1
283 1
284 0
285 2
286 1
287 1
288 1
289 1
290 1
291 2
292 1
293 1
294 1
295 1
296 2
297 1
298 2
299 2
300 2
301 2
302 0
303 2
304 1
305 2
306 2
307 2
308 4
309 3
310 2
311 3
312 2
313 2
314 1
315 2
316 1
317 0
318 2
319 3
320 0
321 1
322 1
323 1
324 3
325 0
326 2
327 0
328 2
329 1
330 1
331 2
332 2
333 2
334 1
335 2
336 1
337 2
338 3
339 1
340 2
341 2
342 1
343 3
344 3
345 2
346 2
347 1
348 2
349 2
350 1
351 1
352 2
353 3
354 2
355 1
356 3
357 3
358 3
359 0
360 3
361 3
362 2
363 2
364 0
365 1
366 3
367 2
368 0
369 3
370 3
371 2
372 3
373 3
374 3
375 3
376 3
377 3
378 3
379 3
380 1
381 3
382 2
383 3
384 2
385 3
386 3
387 3
388 3
389 3
390 3
391 3
392 3
393 2
394 3
395 2
396 3
397 3
398 2
399 3
400 3
401 3
402 2
403 2
404 3
405 1
406 3
407 3
408 3
409 3
410 2
411 3
412 3
413 3
414 3
415 3
416 2
417 3
418 0
419 1
420 3
421 2
422 3
423 0
424 3
425 2
426 3
427 2
428 3
429 3
430 3
431 0
432 3
433 1
434 3
435 3
436 2
437 3
438 0
439 1
440 2
441 2
442 2
443 3
444 1
445 3
446 2
447 2
448 3
449 2
450 3
451 3
452 2
453 2
454 3
455 2
456 2
457 3
458 3
459 3
460 2
461 0
462 3
463 2
464 2
465 2
466 2
467 4
468 2
469 2
470 3
471 2
472 2
473 1
474 3
475 0
476 2
477 2
478 2
479 3
480 0
481 3
482 3
483 1
484 2
485 3
486 4
487 2
488 3
489 2
490 3
491 3
492 3
493 3
494 2
495 3
496 3
497 3
498 3
499 2
500 3
501 1
502 1
503 3
504 2
505 3
506 2
507 3
508 3
509 1
510 2
511 3
512 2
513 0
514 3
515 3
516 2
517 1
518 0
519 4
520 3
521 3
522 1
523 3
524 2
525 3
526 3
527 3
528 0
529 0
530 3
531 2
532 3
533 2
534 1
535 2
536 3
537 3
538 3
539 3
540 2
541 3
542 2
543 2
544 2
545 4
546 4
547 3
548 3
549 2
550 3
551 1
552 3
553 3
554 3
555 2
556 0
557 0
558 3
559 3
560 2
561 2
562 2
563 2
564 2
565 3
566 3
567 2
568 3
569 3
570 3
571 3
572 3
573 3
574 2
575 3
576 1
577 3
578 1
579 3
580 3
581 2
582 2
583 3
584 2
585 3
586 3
587 2
588 1
589 1
590 1
591 2
592 3
593 3
594 3
595 3
596 3
597 3
598 3
599 3
600 1
601 3
602 1
603 3
604 3
605 3
606 3
607 2
608 4
609 3
610 3
611 4
612 3
613 3
614 3
615 3
616 3
617 1
618 3
619 3
620 3
621 3
622 1
623 3
624 1
625 3
626 2
627 1
628 0
629 0
630 1
631 1
632 0
633 1
634 3
635 3
636 2
637 2
638 3
639 2
640 2
641 1
642 1
643 1
644 1
645 2
646 1
647 2
648 2
649 1
650 2
651 1
652 2
653 2
654 1
655 2
656 2
657 1
658 2
659 2
660 1
661 1
662 2
663 2
664 1
665 2
666 2
667 2
668 1
669 2
670 1
671 1
672 3
673 2
674 2
675 2
676 1
677 1
678 2
679 2
680 1
681 1
682 2
683 2
684 2
685 2
686 1
687 1
688 2
689 0
690 2
691 1
692 2
693 2
694 2
695 1
696 2
697 3
698 2
699 2
700 1
701 2
702 3
703 2
704 1
705 1
706 1
707 2
708 2
709 2
710 1
711 1
712 1
713 2
714 2
715 3
716 1
717 2
718 2
719 1
720 2
721 2
722 2
723 2
724 2
725 2
726 1
727 1
728 1
729 1
730 2
731 2
732 2
733 1
734 2
735 2
736 1
737 2
738 1
739 0
740 2
741 2
742 2
743 2
744 2
745 2
746 2
747 1
748 1
749 1
750 1
751 1
752 2
753 2
754 2
755 1
756 1
757 1
758 3
759 2
760 2
761 2
762 1
763 1
764 1
765 2
766 2
767 1
768 2
769 1
770 1
771 2
772 2
773 3
774 2
775 0
776 2
777 1
778 1
779 2
780 2
781 2
782 3
783 1
784 2
785 2
786 0
787 2
788 2
789 2
790 1
791 1
792 1
793 2
794 2
795 2
796 2
797 1
798 3
799 1
800 2
801 2
802 1
803 2
804 2
805 2
806 1
807 2
808 2
809 1
810 2
811 1
812 2
813 2
814 2
815 1
816 1
817 2
818 2
819 1
820 1
821 1
822 2
823 2
824 2
825 2
826 2
827 2
828 1
829 2
830 1
831 1
832 1
833 2
834 2
835 1
836 2
837 1
838 1
839 1
840 2
841 1
842 3
843 2
844 1
845 2
846 1
847 1
848 3
849 1
850 1
851 0
852 1
853 1
854 2
855 1
856 2
857 1
858 2
859 1
860 1
861 2
862 1
863 1
864 1
865 2
866 1
867 1
868 0
869 1
870 2
871 2
872 1
873 0
874 2
875 2
876 2
877 2
878 1
879 1
880 2
881 1
882 0
883 2
884 1
885 1
886 1
887 1
888 1
889 1
890 2
891 2
892 1
893 2
894 1
895 1
896 1
897 2
898 2
899 1
900 1
901 1
902 3
903 2
904 1
905 0
906 2
907 2
908 2
909 1
910 2
911 2
912 1
913 1
914 2
915 0
916 1
917 2
918 2
919 2
920 1
921 2
922 1
923 2
924 2
925 2
926 1
927 1
928 2
929 2
930 1
931 1
932 2
933 2
934 1
935 2
936 1
937 2
938 0
939 3
940 2
941 0
942 1
943 3
944 2
945 3
946 2
947 2
948 0
949 2
950 2
951 0
952 1
953 2
954 1
955 3
956 2
957 3
958 2
959 3
960 2
961 2
962 3
963 1
964 1
965 1
966 0
967 1
968 1
969 1
970 2
971 2
972 2
973 3
974 3
975 3
976 3
977 2
978 3
979 3
980 3
981 3
982 0
983 2
984 2
985 3
986 2
987 1
988 2
989 2
990 2
991 3
992 2
993 3
994 2
995 1
996 0
997 0
998 0
999 1
1000 2
1001 1
0 0
1 0
2 0
3 0
4 0
5 0
6 0
7 0
8 0
9 0
10 0
11 0
12 0
13 0
14 0
15 0
16 0
17 0
18 0
19 0
20 0
21 0
22 0
23 0
24 0
25 0
26 0
27 0
28 0
29 0
30 0
31 0
32 0
33 0
34 0
35 0
36 0
37 0
38 0
39 0
40 0
41 0
42 0
43 0
44 0
45 0
46 0
47 0
48 0
49 0
50 0
51 0
52 0
53 0
54 0
55 0
56 0
57 0
58 0
59 0
60 0
61 0
62 0
63 0
64 0
65 0
66 0
67 0
68 0
69 0
70 0
71 0
72 0
73 0
74 0
75 0
76 0
77 0
78 0
79 0
80 0
81 0
82 0
83 0
84 0
85 0
86 0
87 0
88 0
89 0
90 0
91 0
92 0
93 0
94 0
95 0
96 0
97 0
98 0
99 0
100 0
101 0
102 0
103 0
104 0
105 0
106 0
107 1
108 0
109 0
110 0
111 0
112 0
113 0
114 0
115 0
116 0
117 0
118 0
119 0
120 0
121 0
122 0
123 0
124 0
125 0
126 0
127 0
128 0
129 0
130 0
131 0
132 0
133 0
134 0
135 0
136 0
137 0
138 0
139 0
140 0
141 0
142 0
143 0
144 0
145 0
146 0
147 0
148 0
149 0
150 0
151 0
152 0
153 0
154 0
155 0
156 0
157 0
158 0
159 0
160 0
161 0
162 0
163 0
164 0
165 0
166 0
167 0
168 0
169 0
170 0
171 0
172 0
173 0
174 0
175 0
176 0
177 0
178 0
179 0
180 0
181 0
182 0
183 0
184 0
185 0
186 0
187 0
188 0
189 0
190 0
191 0
192 0
193 0
194 0
195 0
196 0
197 0
198 0
199 0
200 0
201 0
202 0
203 0
204 0
205 0
206 0
207 0
208 0
209 0
210 0
211 0
212 0
213 0
214 0
215 0
216 0
217 0
218 0
219 0
220 0
221 0
222 0
223 0
224 0
225 0
226 0
227 0
228 0
229 0
230 0
231 0
232 0
233 0
234 0
235 0
236 0
237 0
238 0
239 0
240 0
241 0
242 0
243 0
244 0
245 0
246 0
247 0
248 0
249 0
250 0
251 0
252 0
253 0
254 0
255 0
256 0
257 0
258 0
259 0
260 0
261 0
262 0
263 0
264 0
265 0
266 0
267 0
268 0
269 0
270 0
271 0
272 0
273 0
274 0
275 0
276 0
277 0
278 0
279 0
280 0
281 0
282 0
283 0
284 0
285 0
286 0
287 0
288 0
289 0
290 0
291 0
292 0
293 0
294 0
295 0
296 0
297 0
298 0
299 0
300 0
301 0
302 0
303 0
304 0
305 0
306 0
307 0
308 0
309 0
310 0
311 0
312 0
313 0
314 0
315 0
316 0
317 0
318 0
319 0
320 0
321 0
322 0
323 0
324 0
325 0
326 0
327 0
328 0
329 0
330 0
331 0
332 0
333 0
334 0
335 0
336 0
337 0
338 0
339 0
340 0
341 0
342 0
343 0
344 0
345 0
346 0
347 0
348 0
349 0
350 0
351 0
352 0
353 0
354 0
355 0
356 0
357 0
358 0
359 0
360 0
361 0
362 0
363 0
364 0
365 0
366 0
367 0
368 0
369 0
370 0
371 0
372 0
373 0
374 0
375 0
376 0
377 0
378 0
379 0
380 0
381 0
382 0
383 0
384 0
385 0
386 0
387 0
388 0
389 0
390 0
391 0
392 0
393 0
394 0
395 0
396 0
397 0
398 0
399 0
400 0
401 0
402 0
403 0
404 0
405 0
406 0
407 0
408 0
409 0
410 0
411 0
412 0
413 0
414 0
415 0
416 0
417 0
418 0
419 0
420 0
421 0
422 0
423 0
424 0
425 0
426 0
427 0
428 0
429 0
430 0
431 0
432 0
433 0
434 0
435 0
436 0
437 0
438 0
439 0
440 0
441 0
442 0
443 0
444 0
445 0
446 0
447 0
448 0
449 0
450 0
451 0
452 0
453 0
454 0
455 0
456 0
457 0
458 0
459 0
460 0
461 0
462 0
463 0
464 0
465 0
466 0
467 0
468 0
469 0
470 0
471 0
472 0
473 0
474 0
475 0
476 0
477 0
478 0
479 0
480 0
481 0
482 0
483 0
484 0
485 0
486 0
487 0
488 0
489 0
490 0
491 0
492 0
493 0
494 0
495 0
496 0
497 0
498 0
499 0
500 0
501 0
502 0
503 0
504 0
505 0
506 0
507 0
508 0
509 0
510 0
511 0
512 0
513 0
514 0
515 0
516 0
517 0
518 0
519 0
520 0
521 0
522 0
523 0
524 0
525 0
526 0
527 0
528 0
529 0
530 0
531 0
532 0
533 0
534 0
535 0
536 0
537 0
538 0
539 0
540 0
541 0
542 0
543 0
544 0
545 0
546 0
547 0
548 0
549 0
550 0
551 0
552 0
553 0
554 0
555 0
556 0
557 0
558 0
559 0
560 0
561 0
562 0
563 0
564 0
565 0
566 0
567 0
568 0
569 0
570 0
571 0
572 0
573 0
574 0
575 0
576 0
577 0
578 0
579 0
580 0
581 0
582 0
583 0
584 0
585 0
586 0
587 0
588 0
589 0
590 0
591 0
592 0
593 0
594 0
595 0
596 0
597 0
598 0
599 0
600 0
601 0
602 0
603 0
604 0
605 0
606 0
607 0
608 0
609 0
610 0
611 0
612 0
613 0
614 0
615 0
616 0
617 0
618 0
619 0
620 0
621 0
622 0
623 0
624 0
625 0
626 0
627 0
628 0
629 0
630 0
631 0
632 0
633 0
634 0
635 0
636 0
637 0
638 0
639 0
640 0
641 0
642 0
643 0
644 0
645 0
646 0
647 0
648 0
649 0
650 0
651 0
652 0
653 0
654 0
655 0
656 0
657 0
658 0
659 0
660 0
661 0
662 0
663 0
664 0
665 0
666 0
667 0
668 0
669 0
670 0
671 0
672 0
673 0
674 0
675 0
676 0
677 0
678 0
679 0
680 0
681 0
682 0
683 0
684 0
685 0
686 0
687 0
688 0
689 0
690 0
691 0
692 0
693 0
694 0
695 0
696 0
697 0
698 0
699 0
700 0
701 0
702 0
703 0
704 0
705 0
706 0
707 0
708 0
709 0
710 0
711 0
712 0
713 0
714 0
715 0
716 0
717 0
718 0
719 0
720 0
721 0
722 0
723 0
724 0
725 0
726 0
727 0
728 0
729 0
730 0
731 0
732 0
733 0
734 0
735 0
736 0
737 0
738 0
739 0
740 0
741 0
742 0
743 0
744 0
745 0
746 0
747 0
748 0
749 0
750 0
751 0
752 0
753 0
754 0
755 0
756 0
757 0
758 0
759 0
760 0
761 0
762 0
763 0
764 0
765 0
766 0
767 0
768 0
769 0
770 0
771 0
772 0
773 0
774 0
775 0
776 0
777 0
778 0
779 0
780 0
781 0
782 0
783 0
784 0
785 0
786 0
787 0
788 0
789 0
790 0
791 0
792 0
793 0
794 0
795 0
796 0
797 0
798 0
799 0
800 0
801 0
802 0
803 0
804 0
805 0
806 0
807 0
808 0
809 0
810 0
811 0
812 0
813 0
814 0
815 0
816 0
817 0
818 0
819 0
820 0
821 0
822 0
823 0
824 0
825 0
826 0
827 0
828 0
829 0
830 0
831 0
832 0
833 0
834 0
835 0
836 0
837 0
838 0
839 0
840 0
841 0
842 0
843 0
844 0
845 0
846 0
847 0
848 0
849 0
850 0
851 0
852 0
853 0
854 0
855 0
856 0
857 0
858 0
859 0
860 0
861 0
862 0
863 0
864 0
865 0
866 0
867 0
868 0
869 0
870 0
871 0
872 0
873 0
874 0
875 0
876 0
877 0
878 0
879 0
880 0
881 0
882 0
883 0
884 0
885 0
886 0
887 0
888 0
889 0
890 0
891 0
892 0
893 0
894 0
895 0
896 0
897 0
898 0
899 0
900 0
901 0
902 0
903 0
904 0
905 0
906 0
907 0
908 0
909 0
910 0
911 0
912 0
913 0
914 0
915 0
916 0
917 0
918 0
919 0
920 0
921 0
922 0
923 0
924 0
925 0
926 0
927 0
928 0
929 0
930 0
931 0
932 0
933 0
934 0
935 0
936 0
937 0
938 0
939 0
940 0
941 0
942 0
943 0
944 0
945 0
946 0
947 0
948 0
949 0
950 0
951 0
952 0
953 0
954 0
955 0
956 0
957 0
958 0
959 0
960 0
961 0
962 0
963 0
964 0
965 0
966 0
967 0
968 0
969 0
970 0
971 0
972 0
973 0
974 0
975 0
976 0
977 0
978 0
979 0
980 0
981 0
982 0
983 0
984 0
985 0
986 0
987 0
988 0
989 0
990 0
991 0
992 0
993 0
994 0
995 0
996 0
997 0
998 0
999 0
1000 0
1001 0
0 0
1 0
2 0
3 0
4 0
5 0
6 0
7 0
8 0
9 0
10 0
11 0
12 0
13 0
14 0
15 0
16 0
17 0
18 0
19 0
20 0
21 0
22 0
23 0
24 0
25 0
26 0
27 0
28 0
29 0
30 0
31 0
32 0
33 0
34 0
35 0
36 0
37 0
38 0
39 0
40 0
41 0
42 0
43 0
44 0
45 0
46 0
47 0
48 0
49 0
50 0
51 0
52 0
53 0
54 0
55 0
56 0
57 0
58 0
59 0
60 0
61 0
62 0
63 0
64 0
65 0
66 0
67 0
68 0
69 0
70 0
71 0
72 0
73 0
74 0
75 0
76 0
77 0
78 0
79 0
80 0
81 0
82 0
83 0
84 0
85 0
86 0
87 0
88 0
89 0
90 0
91 0
92 0
93 0
94 0
95 0
96 0
97 0
98 0
99 0
100 0
101 0
102 0
103 0
104 0
105 0
106 0
107 0
108 0
109 0
110 0
111 0
112 0
113 0
114 0
115 0
116 0
117 0
118 0
119 0
120 0
121 0
122 0
123 0
124 0
125 0
126 0
127 0
128 0
129 0
130 0
131 0
132 0
133 0
134 0
135 0
136 0
137 0
138 0
139 0
140 0
141 0
142 0
143 0
144 0
145 0
146 0
147 0
148 0
149 0
150 0
151 0
152 0
153 0
154 0
155 0
156 0
157 0
158 0
159 0
160 0
161 0
162 0
163 0
164 0
165 0
166 0
167 0
168 0
169 0
170 0
171 0
172 0
173 0
174 0
175 0
176 0
177 0
178 0
179 0
180 0
181 0
182 0
183 0
184 0
185 0
186 0
187 0
188 0
189 0
190 0
191 0
192 0
193 0
194 0
195 0
196 0
197 0
198 0
199 0
200 0
201 0
202 0
203 0
204 0
205 0
206 0
207 0
208 0
209 0
210 0
211 0
212 0
213 0
214 0
215 0
216 0
217 0
218 0
219 0
220 0
221 0
222 0
223 0
224 0
225 0
226 0
227 0
228 0
229 0
230 0
231 0
232 0
233 0
234 0
235 0
236 0
237 0
238 0
239 0
240 0
241 0
242 0
243 0
244 0
245 0
246 0
247 0
248 0
249 0
250 0
251 0
252 0
253 0
254 0
255 0
256 0
257 0
258 0
259 0
260 0
261 0
262 0
263 0
264 0
265 0
266 0
267 0
268 0
269 0
270 0
271 0
272 0
273 0
274 0
275 0
276 0
277 0
278 0
279 0
280 0
281 0
282 0
283 0
284 0
285 0
286 0
287 0
288 0
289 0
290 0
291 0
292 0
293 0
294 0
295 0
296 0
297 0
298 0
299 0
300 0
301 0
302 0
303 0
304 0
305 0
306 0
307 0
308 0
309 0
310 0
311 0
312 0
313 0
314 0
315 0
316 0
317 0
318 0
319 0
320 0
321 0
322 0
323 0
324 0
325 0
326 0
327 0
328 0
329 0
330 0
331 0
332 0
333 0
334 0
335 0
336 0
337 0
338 0
339 0
340 0
341 0
342 0
343 0
344 0
345 0
346 0
347 0
348 0
349 0
350 0
351 0
352 0
353 0
354 0
355 0
356 0
357 0
358 0
359 0
360 0
361 0
362 0
363 0
364 0
365 0
366 0
367 0
368 0
369 0
370 0
371 0
372 0
373 0
374 0
375 0
376 0
377 0
378 0
379 0
380 0
381 0
382 0
383 0
384 0
385 0
386 0
387 0
388 0
389 0
390 0
391 0
392 0
393 0
394 0
395 0
396 0
397 0
398 0
399 0
400 0
401 0
402 0
403 0
404 0
405 0
406 0
407 0
408 0
409 0
410 0
411 0
412 0
413 0
414 0
415 0
416 0
417 0
418 0
419 0
420 0
421 0
422 0
423 0
424 0
425 0
426 0
427 0
428 0
429 0
430 0
431 0
432 0
433 0
434 0
435 0
436 0
437 0
438 0
439 0
440 0
441 0
442 0
443 0
444 0
445 0
446 0
447 1
448 0
449 0
450 0
451 0
452 0
453 0
454 0
455 0
456 0
457 0
458 0
459 0
460 0
461 0
462 0
463 0
464 0
465 0
466 0
467 0
468 0
469 0
470 0
471 0
472 0
473 0
474 0
475 0
476 0
477 0
478 0
479 0
480 0
481 0
482 1
483 0
484 0
485 0
486 0
487 1
488 0
489 0
490 0
491 1
492 0
493 0
494 1
495 0
496 0
497 0
498 0
499 0
500 0
501 0
502 0
503 0
504 0
505 0
506 0
507 0
508 0
509 0
510 1
511 1
512 0
513 0
514 0
515 0
516 0
517 0
518 0
519 0
520 0
521 0
522 0
523 0
524 0
525 0
526 0
527 0
528 0
529 0
530 0
531 0
532 0
533 0
534 0
535 0
536 0
537 0
538 0
539 1
540 0
541 0
542 0
543 0
544 0
545 1
546 0
547 0
548 0
549 0
550 0
551 0
552 0
553 0
554 0
555 0
556 0
557 0
558 0
559 0
560 1
561 1
562 1
563 1
564 1
565 0
566 1
567 1
568 0
569 0
570 1
571 0
572 1
573 0
574 0
575 0
576 0
577 0
578 0
579 0
580 0
581 0
582 0
583 0
584 0
585 0
586 0
587 0
588 0
589 0
590 0
591 0
592 0
593 0
594 0
595 0
596 0
597 0
598 0
599 0
600 0
601 0
602 0
603 0
604 0
605 0
606 0
607 0
608 0
609 0
610 0
611 0
612 0
613 0
614 0
615 0
616 0
617 0
618 0
619 0
620 0
621 0
622 0
623 0
624 0
625 0
626 0
627 0
628 0
629 0
630 0
631 0
632 0
633 0
634 0
635 0
636 0
637 0
638 0
639 0
640 0
641 0
642 0
643 0
644 0
645 0
646 0
647 0
648 0
649 0
650 0
651 0
652 0
653 0
654 0
655 0
656 0
657 0
658 0
659 0
660 0
661 0
662 0
663 0
664 0
665 0
666 0
667 0
668 0
669 0
670 0
671 0
672 0
673 0
674 0
675 0
676 0
677 0
678 0
679 0
680 0
681 0
682 0
683 0
684 0
685 0
686 0
687 0
688 0
689 0
690 0
691 0
692 0
693 0
694 0
695 0
696 0
697 0
698 0
699 0
700 0
701 0
702 0
703 0
704 0
705 0
706 0
707 0
708 0
709 0
710 0
711 0
712 0
713 0
714 0
715 0
716 0
717 0
718 0
719 0
720 0
721 0
722 0
723 0
724 0
725 0
726 0
727 0
728 0
729 0
730 0
731 0
732 0
733 0
734 0
735 0
736 0
737 0
738 0
739 0
740 0
741 0
742 0
743 0
744 0
745 0
746 0
747 0
748 0
749 0
750 0
751 0
752 0
753 0
754 0
755 0
756 0
757 0
758 0
759 0
760 0
761 0
762 0
763 0
764 0
765 0
766 0
767 0
768 0
769 0
770 0
771 0
772 0
773 0
774 0
775 0
776 0
777 0
778 0
779 0
780 0
781 0
782 0
783 0
784 0
785 0
786 0
787 0
788 0
789 0
790 0
791 0
792 0
793 0
794 0
795 0
796 0
797 0
798 0
799 0
800 0
801 0
802 0
803 0
804 0
805 0
806 0
807 0
808 0
809 0
810 0
811 0
812 0
813 0
814 0
815 0
816 0
817 0
818 0
819 0
820 0
821 0
822 0
823 0
824 0
825 0
826 0
827 0
828 0
829 0
830 0
831 0
832 0
833 0
834 0
835 0
836 0
837 0
838 0
839 0
840 0
841 0
842 0
843 0
844 0
845 0
846 0
847 0
848 0
849 0
850 0
851 0
852 0
853 0
854 0
855 0
856 0
857 0
858 0
859 0
860 0
861 0
862 0
863 0
864 0
865 0
866 0
867 0
868 0
869 0
870 0
871 0
872 0
873 0
874 0
875 0
876 0
877 0
878 0
879 0
880 0
881 0
882 0
883 0
884 0
885 0
886 0
887 0
888 0
889 0
890 0
891 0
892 0
893 0
894 0
895 0
896 0
897 0
898 0
899 0
900 0
901 0
902 0
903 0
904 0
905 0
906 0
907 0
908 0
909 0
910 0
911 0
912 0
913 0
914 0
915 0
916 0
917 0
918 0
919 0
920 0
921 0
922 0
923 0
924 0
925 0
926 0
927 0
928 0
929 0
930 0
931 0
932 0
933 0
934 0
935 0
936 0
937 0
938 0
939 0
940 0
941 0
942 0
943 0
944 0
945 0
946 0
947 0
948 0
949 0
950 0
951 0
952 0
953 0
954 0
955 0
956 0
957 0
958 0
959 0
960 0
961 0
962 0
963 0
964 0
965 0
966 0
967 0
968 0
969 0
970 0
971 0
972 0
973 0
974 0
975 0
976 0
977 0
978 0
979 0
980 0
981 0
982 0
983 0
984 0
985 0
986 0
987 0
988 0
989 0
990 0
991 0
992 0
993 1
994 0
995 0
996 0
997 0
998 0
999 0
1000 0
1001 0
0 0
1 0
2 0
3 0
4 0
5 0
6 0
7 0
8 0
9 0
10 0
11 0
12 0
13 0
14 0
15 0
16 0
17 0
18 0
19 0
20 0
21 0
22 0
23 0
24 0
25 0
26 0
27 0
28 0
29 0
30 0
31 0
32 0
33 0
34 0
35 0
36 0
37 0
38 0
39 0
40 0
41 0
42 0
43 0
44 0
45 0
46 0
47 0
48 0
49 0
50 0
51 0
52 0
53 0
54 1
55 2
56 0
57 1
58 1
59 0
60 1
61 1
62 1
63 2
64 1
65 2
66 0
67 0
68 1
69 1
70 0
71 1
72 1
73 1
74 1
75 1
76 0
77 0
78 0
79 1
80 0
81 0
82 1
83 0
84 0
85 1
86 0
87 0
88 1
89 0
90 1
91 1
92 1
93 1
94 2
95 1
96 1
97 1
98 1
99 1
100 1
101 1
102 1
103 1
104 1
105 2
106 0
107 1
108 1
109 1
110 1
111 2
112 0
113 1
114 0
115 1
116 1
117 1
118 1
119 2
120 1
121 1
122 1
123 0
124 1
125 1
126 1
127 2
128 1
129 2
130 1
131 1
132 0
133 0
134 0
135 2
136 0
137 0
138 0
139 0
140 1
141 1
142 1
143 1
144 1
145 1
146 1
147 1
148 2
149 1
150 1
151 0
152 1
153 1
154 1
155 1
156 2
157 1
158 1
159 1
160 0
161 0
162 0
163 0
164 0
165 0
166 0
167 0
168 0
169 0
170 0
171 1
172 0
173 0
174 0
175 0
176 0
177 0
178 0
179 0
180 0
181 0
182 0
183 0
184 0
185 0
186 0
187 0
188 0
189 0
190 0
191 0
192 0
193 0
194 0
195 0
196 0
197 0
198 0
199 0
200 0
201 0
202 0
203 0
204 0
205 0
206 0
207 0
208 0
209 0
210 0
211 0
212 0
213 0
214 0
215 0
216 0
217 0
218 0
219 0
220 0
221 0
222 0
223 0
224 0
225 1
226 1
227 0
228 2
229 1
230 1
231 1
232 1
233 2
234 2
235 2
236 1
237 1
238 1
239 2
240 2
241 2
242 1
243 2
244 2
245 1
246 1
247 1
248 1
249 0
250 0
251 1
252 0
253 2
254 2
255 2
256 1
257 1
258 1
259 1
260 0
261 2
262 1
263 0
264 0
265 0
266 0
267 0
268 0
269 0
270 0
271 0
272 1
273 1
274 0
275 0
276 0
277 0
278 1
279 0
280 0
281 1
282 0
283 1
284 0
285 1
286 2
287 1
288 1
289 1
290 1
291 0
292 1
293 1
294 2
295 1
296 1
297 1
298 1
299 0
300 0
301 0
302 0
303 0
304 0
305 1
306 0
307 1
308 2
309 1
310 0
311 0
312 2
313 1
314 1
315 2
316 1
317 1
318 1
319 0
320 1
321 2
322 0
323 0
324 1
325 1
326 1
327 2
328 0
329 1
330 1
331 2
332 0
333 0
334 0
335 1
336 1
337 1
338 0
339 1
340 1
341 0
342 1
343 0
344 1
345 1
346 0
347 1
348 1
349 1
350 1
351 1
352 1
353 2
354 1
355 1
356 2
357 1
358 2
359 1
360 1
361 1
362 1
363 2
364 1
365 0
366 1
367 1
368 1
369 1
370 2
371 1
372 1
373 0
374 1
375 1
376 1
377 1
378 1
379 1
380 1
381 1
382 1
383 1
384 1
385 0
386 0
387 1
388 1
389 1
390 0
391 1
392 1
393 1
394 1
395 1
396 1
397 1
398 1
399 1
400 2
401 1
402 1
403 1
404 1
405 1
406 2
407 2
408 0
409 1
410 1
411 1
412 1
413 1
414 2
415 1
416 2
417 1
418 1
419 1
420 1
421 1
422 1
423 1
424 1
425 1
426 1
427 1
428 1
429 1
430 0
431 0
432 1
433 1
434 1
435 1
436 1
437 1
438 1
439 0
440 0
441 2
442 2
443 1
444 1
445 0
446 1
447 1
448 1
449 1
450 2
451 1
452 1
453 1
454 1
455 2
456 2
457 1
458 2
459 1
460 1
461 1
462 2
463 1
464 1
465 1
466 1
467 1
468 1
469 0
470 1
471 0
472 2
473 1
474 1
475 1
476 1
477 2
478 1
479 1
480 2
481 1
482 2
483 1
484 1
485 2
486 2
487 0
488 0
489 1
490 0
491 2
492 1
493 1
494 1
495 1
496 1
497 1
498 0
499 1
500 1
501 2
502 2
503 1
504 0
505 1
506 1
507 2
508 1
509 1
510 1
511 1
512 1
513 1
514 1
515 1
516 0
517 2
518 2
519 1
520 1
521 1
522 1
523 1
524 1
525 1
526 1
527 1
528 1
529 1
530 1
531 1
532 0
533 1
534 0
535 2
536 1
537 1
538 2
539 2
540 1
541 1
542 2
543 1
544 1
545 1
546 1
547 1
548 1
549 2
550 1
551 1
552 1
553 1
554 1
555 1
556 1
557 0
558 1
559 1
560 1
561 2
562 1
563 2
564 0
565 0
566 1
567 2
568 1
569 0
570 2
571 1
572 1
573 1
574 1
575 1
576 0
577 1
578 1
579 2
580 1
581 2
582 1
583 1
584 1
585 1
586 1
587 1
588 1
589 0
590 2
591 1
592 1
593 1
594 1
595 1
596 0
597 1
598 1
599 1
600 1
601 2
602 2
603 0
604 1
605 1
606 1
607 1
608 1
609 1
610 1
611 1
612 1
613 1
614 0
615 1
616 1
617 1
618 1
619 1
620 1
621 0
622 0
623 2
624 1
625 1
626 1
627 0
628 1
629 1
630 0
631 1
632 0
633 1
634 0
635 1
636 1
637 1
638 1
639 1
640 1
641 1
642 1
643 1
644 1
645 1
646 1
647 1
648 1
649 2
650 1
651 0
652 2
653 2
654 1
655 1
656 2
657 0
658 1
659 0
660 1
661 1
662 1
663 0
664 1
665 2
666 1
667 1
668 0
669 1
670 1
671 1
672 1
673 1
674 1
675 1
676 1
677 1
678 1
679 2
680 1
681 0
682 1
683 1
684 1
685 1
686 1
687 1
688 1
689 2
690 2
691 1
692 1
693 0
694 1
695 2
696 1
697 1
698 1
699 1
700 0
701 1
702 0
703 1
704 1
705 1
706 1
707 1
708 0
709 0
710 0
711 2
712 1
713 1
714 2
715 2
716 0
717 1
718 2
719 1
720 1
721 1
722 1
723 0
724 1
725 1
726 0
727 0
728 1
729 1
730 1
731 0
732 2
733 1
734 1
735 2
736 1
737 1
738 1
739 1
740 1
741 1
742 1
743 1
744 1
745 1
746 2
747 2
748 1
749 1
750 1
751 2
752 1
753 2
754 1
755 1
756 2
757 2
758 2
759 2
760 1
761 1
762 1
763 1
764 1
765 1
766 0
767 2
768 1
769 1
770 0
771 1
772 1
773 1
774 0
775 1
776 1
777 2
778 1
779 0
780 1
781 1
782 1
783 2
784 1
785 2
786 2
787 1
788 1
789 1
790 1
791 1
792 2
793 1
794 1
795 1
796 1
797 2
798 2
799 1
800 1
801 1
802 1
803 1
804 1
805 1
806 1
807 0
808 0
809 1
810 1
811 0
812 1
813 1
814 1
815 1
816 2
817 0
818 1
819 1
820 1
821 1
822 2
823 1
824 2
825 2
826 2
827 1
828 1
829 1
830 1
831 0
832 1
833 1
834 1
835 2
836 1
837 1
838 1
839 1
840 0
841 2
842 1
843 1
844 1
845 1
846 1
847 2
848 2
849 1
850 1
851 1
852 1
853 1
854 1
855 0
856 2
857 2
858 1
859 1
860 2
861 0
862 1
863 0
864 1
865 0
866 1
867 2
868 2
869 1
870 2
871 1
872 1
873 1
874 2
875 2
876 2
877 1
878 2
879 1
880 1
881 1
882 1
883 1
884 2
885 1
886 1
887 1
888 1
889 1
890 2
891 1
892 1
893 1
894 1
895 1
896 1
897 1
898 1
899 0
900 1
901 1
902 1
903 1
904 1
905 2
906 1
907 1
908 1
909 1
910 1
911 1
912 1
913 1
914 1
915 1
916 0
917 1
918 1
919 0
920 2
921 0
922 1
923 0
924 1
925 2
926 2
927 1
928 0
929 0
930 2
931 2
932 1
933 1
934 1
935 1
936 1
937 1
938 1
939 2
940 1
941 2
942 1
943 1
944 2
945 1
946 1
947 1
948 1
949 2
950 1
951 0
952 1
953 1
954 1
955 1
956 1
957 1
958 1
959 2
960 1
961 2
962 0
963 2
964 2
965 2
966 1
967 2
968 1
969 1
970 1
971 1
972 1
973 2
974 1
975 1
976 1
977 1
978 1
979 1
980 1
981 1
982 1
983 1
984 1
985 2
986 1
987 1
988 1
989 1
990 2
991 1
992 1
993 1
994 1
995 1
996 1
997 1
998 1
999 1
1000 1
1001 0
